Product,Quantity Ordered,Price Each,Order Date,Purchase Address,Category
AA Batteries (4-pack),1,3.84,2022-02-25,"18 13th St, San Francisco, CA 94016",Pilas
Lightning Charging Cable,1,14.95,2022-02-14,"129 Cherry St, Atlanta, GA 30301",Cargadores
27in FHD Monitor,1,149.99,2022-02-15,"723 Wilson St, Los Angeles, CA 90001",Monitores
Wired Headphones,1,11.99,2022-02-20,"471 13th St, San Francisco, CA 94016",Auriculares
20in Monitor,1,109.99,2022-02-24,"633 Cherry St, Boston, MA 02215",Monitores
AAA Batteries (4-pack),1,2.99,2022-02-27,"85 Park St, Boston, MA 02215",Pilas
USB-C Charging Cable,1,11.95,2022-02-19,"165 Jefferson St, Los Angeles, CA 90001",Cargadores
AA Batteries (4-pack),4,3.84,2022-02-23,"116 Elm St, Seattle, WA 98101",Pilas
ThinkPad Laptop,1,999.99,2022-02-17,"752 Park St, Los Angeles, CA 90001",Portátiles
USB-C Charging Cable,1,11.95,2022-02-16,"645 Walnut St, San Francisco, CA 94016",Cargadores
AAA Batteries (4-pack),2,2.99,2022-02-24,"246 9th St, Los Angeles, CA 90001",Pilas
Wired Headphones,1,11.99,2022-02-25,"134 8th St, Los Angeles, CA 90001",Auriculares
AA Batteries (4-pack),1,3.84,2022-02-14,"517 10th St, Austin, TX 73301",Pilas
Wired Headphones,1,11.99,2022-02-20,"268 Sunset St, Boston, MA 02215",Auriculares
Lightning Charging Cable,1,14.95,2022-02-22,"723 Elm St, Los Angeles, CA 90001",Cargadores
AAA Batteries (4-pack),1,2.99,2022-02-19,"43 1st St, Atlanta, GA 30301",Pilas
AAA Batteries (4-pack),1,2.99,2022-02-18,"511 Washington St, San Francisco, CA 94016",Pilas
iPhone,1,700,2022-02-17,"522 West St, Boston, MA 02215",Teléfonos
27in 4K Gaming Monitor,1,389.99,2022-02-14,"726 West St, Seattle, WA 98101",Monitores
AA Batteries (4-pack),1,3.84,2022-02-24,"33 Johnson St, New York City, NY 10001",Pilas
Lightning Charging Cable,1,14.95,2022-02-22,"419 Hill St, Los Angeles, CA 90001",Cargadores
Wired Headphones,1,11.99,2022-02-16,"864 Hickory St, Boston, MA 02215",Auriculares
Apple Airpods Headphones,1,150,2022-02-19,"506 Willow St, Boston, MA 02215",Auriculares
Apple Airpods Headphones,1,150,2022-02-17,"178 14th St, San Francisco, CA 94016",Auriculares
27in 4K Gaming Monitor,1,389.99,2022-02-28,"663 1st St, Atlanta, GA 30301",Monitores
Wired Headphones,1,11.99,2022-02-27,"651 Johnson St, New York City, NY 10001",Auriculares
AA Batteries (4-pack),3,3.84,2022-02-16,"981 Lake St, Seattle, WA 98101",Pilas
27in FHD Monitor,1,149.99,2022-02-18,"523 Spruce St, Atlanta, GA 30301",Monitores
AA Batteries (4-pack),1,3.84,2022-02-22,"776 Elm St, Los Angeles, CA 90001",Pilas
Bose SoundSport Headphones,1,99.99,2022-02-14,"43 South St, San Francisco, CA 94016",Auriculares
USB-C Charging Cable,1,11.95,2022-02-18,"193 Pine St, San Francisco, CA 94016",Cargadores
AA Batteries (4-pack),1,3.84,2022-02-23,"399 5th St, New York City, NY 10001",Pilas
iPhone,1,700,2022-02-28,"678 Maple St, Seattle, WA 98101",Teléfonos
Lightning Charging Cable,1,14.95,2022-02-28,"678 Maple St, Seattle, WA 98101",Cargadores
27in FHD Monitor,1,149.99,2022-02-13,"159 Maple St, Seattle, WA 98101",Monitores
USB-C Charging Cable,1,11.95,2022-02-28,"55 Walnut St, Seattle, WA 98101",Cargadores
Apple Airpods Headphones,1,150,2022-02-24,"671 12th St, San Francisco, CA 94016",Auriculares
Lightning Charging Cable,1,14.95,2022-02-23,"290 Meadow St, Seattle, WA 98101",Cargadores
AAA Batteries (4-pack),2,2.99,2022-02-21,"823 Cedar St, Los Angeles, CA 90001",Pilas
Apple Airpods Headphones,1,150,2022-02-20,"196 River St, San Francisco, CA 94016",Auriculares
AAA Batteries (4-pack),1,2.99,2022-02-20,"196 River St, San Francisco, CA 94016",Pilas
AAA Batteries (4-pack),1,2.99,2022-02-24,"362 Main St, Portland, OR 97035",Pilas
USB-C Charging Cable,1,11.95,2022-02-14,"756 6th St, Los Angeles, CA 90001",Cargadores
Bose SoundSport Headphones,1,99.99,2022-02-27,"441 Park St, New York City, NY 10001",Auriculares
USB-C Charging Cable,1,11.95,2022-02-24,"734 Cherry St, San Francisco, CA 94016",Cargadores
AAA Batteries (4-pack),1,2.99,2022-02-19,"724 Ridge St, Dallas, TX 75001",Pilas
AA Batteries (4-pack),1,3.84,2022-02-23,"353 11th St, San Francisco, CA 94016",Pilas
AAA Batteries (4-pack),2,2.99,2022-02-28,"24 Highland St, Atlanta, GA 30301",Pilas
Apple Airpods Headphones,1,150,2022-02-23,"207 Wilson St, Los Angeles, CA 90001",Auriculares
USB-C Charging Cable,1,11.95,2022-02-18,"443 Park St, San Francisco, CA 94016",Cargadores
USB-C Charging Cable,1,11.95,2022-02-21,"403 North St, New York City, NY 10001",Cargadores
AAA Batteries (4-pack),1,2.99,2022-02-16,"961 5th St, Portland, OR 97035",Pilas
AA Batteries (4-pack),1,3.84,2022-02-20,"198 Walnut St, Los Angeles, CA 90001",Pilas
AA Batteries (4-pack),2,3.84,2022-02-17,"709 Cedar St, Boston, MA 02215",Pilas
27in 4K Gaming Monitor,1,389.99,2022-02-17,"985 Jackson St, Portland, OR 97035",Monitores
Apple Airpods Headphones,1,150,2022-02-19,"808 1st St, Los Angeles, CA 90001",Auriculares
AA Batteries (4-pack),1,3.84,2022-02-17,"173 Dogwood St, Boston, MA 02215",Pilas
34in Ultrawide Monitor,1,379.99,2022-02-24,"230 Washington St, Boston, MA 02215",Monitores
iPhone,1,700,2022-02-17,"96 7th St, Seattle, WA 98101",Teléfonos
34in Ultrawide Monitor,1,379.99,2022-02-28,"582 Wilson St, Los Angeles, CA 90001",Monitores
Apple Airpods Headphones,1,150,2022-02-26,"274 Sunset St, Dallas, TX 75001",Auriculares
Wired Headphones,1,11.99,2022-02-21,"566 Lake St, Los Angeles, CA 90001",Auriculares
USB-C Charging Cable,1,11.95,2022-02-23,"463 Hickory St, New York City, NY 10001",Cargadores
iPhone,1,700,2022-02-22,"129 Center St, Seattle, WA 98101",Teléfonos
USB-C Charging Cable,1,11.95,2022-02-27,"589 Walnut St, Portland, OR 97035",Cargadores
Apple Airpods Headphones,1,150,2022-02-14,"23 Church St, Austin, TX 73301",Auriculares
AAA Batteries (4-pack),1,2.99,2022-02-22,"72 12th St, Portland, OR 97035",Pilas
27in 4K Gaming Monitor,1,389.99,2022-02-14,"153 South St, Seattle, WA 98101",Monitores
27in FHD Monitor,1,149.99,2022-02-22,"312 Spruce St, San Francisco, CA 94016",Monitores
27in 4K Gaming Monitor,1,389.99,2022-02-19,"217 11th St, Los Angeles, CA 90001",Monitores
27in FHD Monitor,1,149.99,2022-02-27,"834 Main St, San Francisco, CA 94016",Monitores
Google Phone,1,600,2022-02-14,"525 10th St, New York City, NY 10001",Teléfonos
USB-C Charging Cable,1,11.95,2022-02-14,"525 10th St, New York City, NY 10001",Cargadores
AAA Batteries (4-pack),1,2.99,2022-02-24,"933 Jackson St, Boston, MA 02215",Pilas
27in FHD Monitor,1,149.99,2022-02-16,"955 Jackson St, Los Angeles, CA 90001",Monitores
Wired Headphones,1,11.99,2022-02-26,"263 Cherry St, Los Angeles, CA 90001",Auriculares
AAA Batteries (4-pack),1,2.99,2022-02-24,"154 Main St, Los Angeles, CA 90001",Pilas
27in FHD Monitor,1,149.99,2022-02-25,"643 Jackson St, Atlanta, GA 30301",Monitores
AAA Batteries (4-pack),1,2.99,2022-02-22,"406 Maple St, Los Angeles, CA 90001",Pilas
27in 4K Gaming Monitor,1,389.99,2022-02-23,"117 Johnson St, San Francisco, CA 94016",Monitores
27in FHD Monitor,1,149.99,2022-02-15,"719 11th St, New York City, NY 10001",Monitores
Wired Headphones,1,11.99,2022-02-13,"403 North St, Dallas, TX 75001",Auriculares
AAA Batteries (4-pack),1,2.99,2022-02-26,"205 Spruce St, Los Angeles, CA 90001",Pilas
ThinkPad Laptop,1,999.99,2022-02-18,"928 14th St, Dallas, TX 75001",Portátiles
AAA Batteries (4-pack),2,2.99,2022-02-22,"964 7th St, San Francisco, CA 94016",Pilas
Wired Headphones,1,11.99,2022-02-17,"188 Spruce St, San Francisco, CA 94016",Auriculares
Wired Headphones,1,11.99,2022-02-26,"419 7th St, Atlanta, GA 30301",Auriculares
iPhone,1,700,2022-02-22,"585 6th St, Atlanta, GA 30301",Teléfonos
Bose SoundSport Headphones,1,99.99,2022-02-21,"690 14th St, Boston, MA 02215",Auriculares
Bose SoundSport Headphones,1,99.99,2022-02-14,"688 Spruce St, San Francisco, CA 94016",Auriculares
ThinkPad Laptop,1,999.99,2022-02-20,"221 Elm St, New York City, NY 10001",Portátiles
iPhone,1,700,2022-02-15,"29 Lakeview St, Austin, TX 73301",Teléfonos
Apple Airpods Headphones,1,150,2022-02-27,"833 Lake St, San Francisco, CA 94016",Auriculares
Lightning Charging Cable,2,14.95,2022-02-17,"658 Forest St, Portland, OR 97035",Cargadores
Google Phone,1,600,2022-02-19,"719 Maple St, New York City, NY 10001",Teléfonos
Wired Headphones,1,11.99,2022-02-19,"719 Maple St, New York City, NY 10001",Auriculares
AA Batteries (4-pack),1,3.84,2022-02-19,"272 4th St, Atlanta, GA 30301",Pilas
AA Batteries (4-pack),1,3.84,2022-02-14,"417 Dogwood St, Boston, MA 02215",Pilas
34in Ultrawide Monitor,1,379.99,2022-02-20,"375 Maple St, Los Angeles, CA 90001",Monitores
USB-C Charging Cable,1,11.95,2022-02-18,"253 Cherry St, San Francisco, CA 94016",Cargadores
USB-C Charging Cable,1,11.95,2022-02-15,"551 2nd St, New York City, NY 10001",Cargadores
ThinkPad Laptop,1,999.99,2022-02-19,"822 Highland St, Dallas, TX 75001",Portátiles
27in 4K Gaming Monitor,1,389.99,2022-02-15,"998 Jefferson St, Boston, MA 02215",Monitores
27in 4K Gaming Monitor,1,389.99,2022-02-23,"508 Walnut St, Austin, TX 73301",Monitores
Bose SoundSport Headphones,1,99.99,2022-02-27,"189 Elm St, New York City, NY 10001",Auriculares
Lightning Charging Cable,1,14.95,2022-02-27,"128 Elm St, San Francisco, CA 94016",Cargadores
Bose SoundSport Headphones,1,99.99,2022-02-17,"36 Ridge St, Dallas, TX 75001",Auriculares
USB-C Charging Cable,1,11.95,2022-02-28,"507 Washington St, Boston, MA 02215",Cargadores
27in 4K Gaming Monitor,1,389.99,2022-02-13,"581 Jackson St, San Francisco, CA 94016",Monitores
Flatscreen TV,1,300,2022-02-28,"320 11th St, San Francisco, CA 94016",Televisores
AAA Batteries (4-pack),2,2.99,2022-02-13,"362 10th St, Dallas, TX 75001",Pilas
Bose SoundSport Headphones,1,99.99,2022-02-26,"539 5th St, Los Angeles, CA 90001",Auriculares
Bose SoundSport Headphones,1,99.99,2022-02-17,"396 Elm St, Dallas, TX 75001",Auriculares
USB-C Charging Cable,1,11.95,2022-02-15,"202 Maple St, Austin, TX 73301",Cargadores
AAA Batteries (4-pack),1,2.99,2022-02-13,"281 Lake St, Portland, OR 97035",Pilas
27in FHD Monitor,1,149.99,2022-02-22,"326 10th St, San Francisco, CA 94016",Monitores
Apple Airpods Headphones,1,150,2022-02-26,"115 Cedar St, San Francisco, CA 94016",Auriculares
AA Batteries (4-pack),2,3.84,2022-02-21,"859 Cedar St, Seattle, WA 98101",Pilas
34in Ultrawide Monitor,1,379.99,2022-02-26,"168 Forest St, Seattle, WA 98101",Monitores
USB-C Charging Cable,1,11.95,2022-02-21,"984 Hickory St, San Francisco, CA 94016",Cargadores
Wired Headphones,1,11.99,2022-02-15,"7 Highland St, New York City, NY 10001",Auriculares
Google Phone,1,600,2022-02-20,"705 7th St, Boston, MA 02215",Teléfonos
USB-C Charging Cable,2,11.95,2022-02-28,"357 Lakeview St, San Francisco, CA 94016",Cargadores
AA Batteries (4-pack),1,3.84,2022-02-23,"417 Ridge St, San Francisco, CA 94016",Pilas
27in 4K Gaming Monitor,1,389.99,2022-02-27,"982 Washington St, Los Angeles, CA 90001",Monitores
Google Phone,1,600,2022-02-25,"119 Madison St, New York City, NY 10001",Teléfonos
USB-C Charging Cable,1,11.95,2022-02-25,"119 Madison St, New York City, NY 10001",Cargadores
AA Batteries (4-pack),1,3.84,2022-02-25,"450 6th St, Boston, MA 02215",Pilas
AAA Batteries (4-pack),1,2.99,2022-02-26,"727 Pine St, Los Angeles, CA 90001",Pilas
Bose SoundSport Headphones,1,99.99,2022-02-20,"374 Main St, Atlanta, GA 30301",Auriculares
Lightning Charging Cable,1,14.95,2022-02-27,"21 11th St, Atlanta, GA 30301",Cargadores
34in Ultrawide Monitor,1,379.99,2022-02-20,"838 11th St, Portland, OR 97035",Monitores
Bose SoundSport Headphones,1,99.99,2022-02-23,"755 Maple St, New York City, NY 10001",Auriculares
Wired Headphones,1,11.99,2022-02-21,"589 Maple St, San Francisco, CA 94016",Auriculares
34in Ultrawide Monitor,1,379.99,2022-02-19,"682 5th St, Atlanta, GA 30301",Monitores
AAA Batteries (4-pack),1,2.99,2022-02-13,"195 North St, Los Angeles, CA 90001",Pilas
USB-C Charging Cable,1,11.95,2022-02-15,"275 2nd St, San Francisco, CA 94016",Cargadores
iPhone,1,700,2022-02-17,"753 Washington St, New York City, NY 10001",Teléfonos
USB-C Charging Cable,2,11.95,2022-02-23,"153 Washington St, Los Angeles, CA 90001",Cargadores
Wired Headphones,1,11.99,2022-02-20,"23 4th St, Portland, OR 97035",Auriculares
Bose SoundSport Headphones,1,99.99,2022-02-15,"114 West St, Seattle, WA 98101",Auriculares
Lightning Charging Cable,1,14.95,2022-02-15,"999 9th St, Boston, MA 02215",Cargadores
USB-C Charging Cable,1,11.95,2022-02-27,"927 Lake St, San Francisco, CA 94016",Cargadores
AA Batteries (4-pack),3,3.84,2022-02-23,"276 2nd St, New York City, NY 10001",Pilas
AA Batteries (4-pack),1,3.84,2022-02-25,"750 Madison St, Seattle, WA 98101",Pilas
Bose SoundSport Headphones,1,99.99,2022-02-13,"38 Wilson St, San Francisco, CA 94016",Auriculares
Apple Airpods Headphones,1,150,2022-02-15,"470 Madison St, Los Angeles, CA 90001",Auriculares
34in Ultrawide Monitor,1,379.99,2022-02-18,"721 Dogwood St, Seattle, WA 98101",Monitores
AA Batteries (4-pack),1,3.84,2022-02-20,"632 Highland St, New York City, NY 10001",Pilas
Lightning Charging Cable,1,14.95,2022-02-28,"596 9th St, Seattle, WA 98101",Cargadores
Bose SoundSport Headphones,1,99.99,2022-02-16,"480 1st St, Seattle, WA 98101",Auriculares
Lightning Charging Cable,2,14.95,2022-02-26,"879 Pine St, Los Angeles, CA 90001",Cargadores
Apple Airpods Headphones,1,150,2022-02-16,"49 Hill St, San Francisco, CA 94016",Auriculares
Google Phone,1,600,2022-02-27,"123 Maple St, Austin, TX 73301",Teléfonos
Bose SoundSport Headphones,1,99.99,2022-02-20,"219 1st St, Atlanta, GA 30301",Auriculares
AA Batteries (4-pack),2,3.84,2022-02-18,"856 Highland St, Atlanta, GA 30301",Pilas
Wired Headphones,1,11.99,2022-02-26,"65 Pine St, New York City, NY 10001",Auriculares
USB-C Charging Cable,1,11.95,2022-02-23,"869 Lincoln St, Seattle, WA 98101",Cargadores
ThinkPad Laptop,1,999.99,2022-02-13,"210 1st St, Boston, MA 02215",Portátiles
Macbook Pro Laptop,1,1700,2022-02-20,"931 Dogwood St, New York City, NY 10001",Portátiles
AAA Batteries (4-pack),1,2.99,2022-02-22,"212 Center St, Seattle, WA 98101",Pilas
Google Phone,1,600,2022-02-13,"817 Willow St, Dallas, TX 75001",Teléfonos
Bose SoundSport Headphones,1,99.99,2022-02-26,"532 Hill St, San Francisco, CA 94016",Auriculares
AA Batteries (4-pack),1,3.84,2022-02-20,"566 West St, San Francisco, CA 94016",Pilas
USB-C Charging Cable,1,11.95,2022-02-22,"275 2nd St, Los Angeles, CA 90001",Cargadores
Google Phone,1,600,2022-02-26,"969 Pine St, Seattle, WA 98101",Teléfonos
Wired Headphones,1,11.99,2022-02-24,"770 6th St, Atlanta, GA 30301",Auriculares
Flatscreen TV,1,300,2022-02-27,"769 Johnson St, San Francisco, CA 94016",Televisores
27in FHD Monitor,1,149.99,2022-02-26,"547 Willow St, Los Angeles, CA 90001",Monitores
AA Batteries (4-pack),1,3.84,2022-02-17,"920 11th St, Portland, OR 97035",Pilas
Wired Headphones,1,11.99,2022-02-16,"513 Wilson St, Boston, MA 02215",Auriculares
Bose SoundSport Headphones,1,99.99,2022-02-28,"543 6th St, Seattle, WA 98101",Auriculares
USB-C Charging Cable,1,11.95,2022-02-20,"529 West St, New York City, NY 10001",Cargadores
27in 4K Gaming Monitor,1,389.99,2022-02-20,"606 Highland St, Los Angeles, CA 90001",Monitores
AAA Batteries (4-pack),1,2.99,2022-02-27,"346 Center St, New York City, NY 10001",Pilas
USB-C Charging Cable,1,11.95,2022-02-28,"107 4th St, San Francisco, CA 94016",Cargadores
USB-C Charging Cable,1,11.95,2022-02-27,"365 Center St, New York City, NY 10001",Cargadores
Apple Airpods Headphones,1,150,2022-02-24,"279 10th St, New York City, NY 10001",Auriculares
Wired Headphones,1,11.99,2022-02-18,"820 Walnut St, Dallas, TX 75001",Auriculares
Lightning Charging Cable,1,14.95,2022-02-26,"725 Adams St, Atlanta, GA 30301",Cargadores
AA Batteries (4-pack),1,3.84,2022-02-18,"738 Meadow St, San Francisco, CA 94016",Pilas
Lightning Charging Cable,1,14.95,2022-02-21,"130 Spruce St, Los Angeles, CA 90001",Cargadores
Macbook Pro Laptop,1,1700,2022-02-18,"680 Church St, San Francisco, CA 94016",Portátiles
AAA Batteries (4-pack),3,2.99,2022-02-21,"223 South St, Dallas, TX 75001",Pilas
Google Phone,1,600,2022-02-22,"138 Chestnut St, New York City, NY 10001",Teléfonos
27in 4K Gaming Monitor,1,389.99,2022-02-19,"358 Willow St, Seattle, WA 98101",Monitores
AAA Batteries (4-pack),1,2.99,2022-02-20,"14 Meadow St, Austin, TX 73301",Pilas
AAA Batteries (4-pack),1,2.99,2022-02-26,"331 West St, Seattle, WA 98101",Pilas
AA Batteries (4-pack),1,3.84,2022-02-25,"490 South St, Portland, OR 97035",Pilas
27in 4K Gaming Monitor,1,389.99,2022-02-26,"937 Cedar St, New York City, NY 10001",Monitores
34in Ultrawide Monitor,1,379.99,2022-02-23,"418 North St, Dallas, TX 75001",Monitores
Flatscreen TV,1,300,2022-02-19,"571 Meadow St, San Francisco, CA 94016",Televisores
USB-C Charging Cable,1,11.95,2022-02-17,"540 6th St, San Francisco, CA 94016",Cargadores
USB-C Charging Cable,1,11.95,2022-02-25,"376 Sunset St, Austin, TX 73301",Cargadores
20in Monitor,1,109.99,2022-02-17,"196 5th St, San Francisco, CA 94016",Monitores
USB-C Charging Cable,1,11.95,2022-02-28,"570 West St, San Francisco, CA 94016",Cargadores
Bose SoundSport Headphones,1,99.99,2022-02-24,"107 Lakeview St, Los Angeles, CA 90001",Auriculares
27in FHD Monitor,1,149.99,2022-02-17,"248 Adams St, San Francisco, CA 94016",Monitores
Lightning Charging Cable,1,14.95,2022-02-22,"447 Park St, Atlanta, GA 30301",Cargadores
Wired Headphones,1,11.99,2022-02-25,"805 1st St, Dallas, TX 75001",Auriculares
AAA Batteries (4-pack),5,2.99,2022-02-15,"659 Highland St, San Francisco, CA 94016",Pilas
Lightning Charging Cable,1,14.95,2022-02-20,"65 10th St, Atlanta, GA 30301",Cargadores
LG Dryer,1,600.0,2022-02-15,"367 Meadow St, San Francisco, CA 94016",Electrodomésticos
USB-C Charging Cable,1,11.95,2022-02-24,"665 Ridge St, Austin, TX 73301",Cargadores
34in Ultrawide Monitor,1,379.99,2022-02-15,"548 Pine St, San Francisco, CA 94016",Monitores
Wired Headphones,1,11.99,2022-02-26,"402 10th St, Boston, MA 02215",Auriculares
Wired Headphones,1,11.99,2022-02-16,"457 Willow St, San Francisco, CA 94016",Auriculares
Wired Headphones,1,11.99,2022-02-25,"432 1st St, Boston, MA 02215",Auriculares
34in Ultrawide Monitor,1,379.99,2022-02-20,"186 Elm St, Seattle, WA 98101",Monitores
USB-C Charging Cable,1,11.95,2022-02-21,"800 5th St, Atlanta, GA 30301",Cargadores
Apple Airpods Headphones,1,150,2022-02-23,"449 9th St, Dallas, TX 75001",Auriculares
ThinkPad Laptop,1,999.99,2022-02-22,"774 5th St, Portland, OR 97035",Portátiles
Lightning Charging Cable,1,14.95,2022-02-17,"472 13th St, New York City, NY 10001",Cargadores
USB-C Charging Cable,1,11.95,2022-02-27,"127 Chestnut St, Boston, MA 02215",Cargadores
AA Batteries (4-pack),1,3.84,2022-02-27,"2 14th St, Seattle, WA 98101",Pilas
AA Batteries (4-pack),1,3.84,2022-02-23,"480 River St, Seattle, WA 98101",Pilas
34in Ultrawide Monitor,1,379.99,2022-02-20,"593 13th St, Seattle, WA 98101",Monitores
USB-C Charging Cable,1,11.95,2022-02-24,"536 Forest St, Los Angeles, CA 90001",Cargadores
AAA Batteries (4-pack),1,2.99,2022-02-17,"884 Ridge St, Los Angeles, CA 90001",Pilas
27in FHD Monitor,1,149.99,2022-02-25,"195 9th St, San Francisco, CA 94016",Monitores
AAA Batteries (4-pack),1,2.99,2022-02-25,"275 11th St, Los Angeles, CA 90001",Pilas
AAA Batteries (4-pack),1,2.99,2022-02-20,"344 Dogwood St, Boston, MA 02215",Pilas
AAA Batteries (4-pack),1,2.99,2022-02-25,"225 Washington St, Austin, TX 73301",Pilas
34in Ultrawide Monitor,1,379.99,2022-02-20,"844 5th St, Dallas, TX 75001",Monitores
Lightning Charging Cable,1,14.95,2022-02-18,"111 10th St, Austin, TX 73301",Cargadores
Lightning Charging Cable,1,14.95,2022-02-18,"111 10th St, Austin, TX 73301",Cargadores
Lightning Charging Cable,1,14.95,2022-02-20,"701 12th St, San Francisco, CA 94016",Cargadores
Bose SoundSport Headphones,1,99.99,2022-02-18,"562 Hill St, Boston, MA 02215",Auriculares
AAA Batteries (4-pack),2,2.99,2022-02-28,"410 Lakeview St, Los Angeles, CA 90001",Pilas
iPhone,1,700,2022-02-19,"784 Elm St, Boston, MA 02215",Teléfonos
Lightning Charging Cable,1,14.95,2022-02-19,"784 Elm St, Boston, MA 02215",Cargadores
iPhone,1,700,2022-02-19,"784 Elm St, Boston, MA 02215",Teléfonos
Wired Headphones,2,11.99,2022-02-28,"80 14th St, New York City, NY 10001",Auriculares
Apple Airpods Headphones,1,150,2022-02-26,"837 6th St, San Francisco, CA 94016",Auriculares
AA Batteries (4-pack),1,3.84,2022-02-22,"373 13th St, Los Angeles, CA 90001",Pilas
20in Monitor,1,109.99,2022-02-23,"916 2nd St, Los Angeles, CA 90001",Monitores
Macbook Pro Laptop,1,1700,2022-02-27,"825 Adams St, Portland, ME 04101",Portátiles
AA Batteries (4-pack),1,3.84,2022-02-22,"925 North St, Los Angeles, CA 90001",Pilas
Lightning Charging Cable,1,14.95,2022-02-23,"841 6th St, New York City, NY 10001",Cargadores
Lightning Charging Cable,1,14.95,2022-02-21,"507 River St, Dallas, TX 75001",Cargadores
ThinkPad Laptop,1,999.99,2022-02-13,"89 Jackson St, New York City, NY 10001",Portátiles
Lightning Charging Cable,1,14.95,2022-02-26,"623 6th St, Los Angeles, CA 90001",Cargadores
Bose SoundSport Headphones,2,99.99,2022-02-28,"114 14th St, Los Angeles, CA 90001",Auriculares
USB-C Charging Cable,1,11.95,2022-02-18,"759 1st St, Austin, TX 73301",Cargadores
USB-C Charging Cable,1,11.95,2022-02-18,"759 1st St, Austin, TX 73301",Cargadores
Bose SoundSport Headphones,1,99.99,2022-02-26,"479 Lake St, Portland, OR 97035",Auriculares
iPhone,1,700,2022-02-18,"877 Dogwood St, San Francisco, CA 94016",Teléfonos
Wired Headphones,1,11.99,2022-02-18,"877 Dogwood St, San Francisco, CA 94016",Auriculares
USB-C Charging Cable,1,11.95,2022-02-24,"732 2nd St, Dallas, TX 75001",Cargadores
Lightning Charging Cable,1,14.95,2022-02-14,"914 Church St, Seattle, WA 98101",Cargadores
USB-C Charging Cable,1,11.95,2022-02-23,"872 Dogwood St, Dallas, TX 75001",Cargadores
Lightning Charging Cable,1,14.95,2022-02-17,"303 Pine St, Dallas, TX 75001",Cargadores
iPhone,1,700,2022-02-16,"40 8th St, New York City, NY 10001",Teléfonos
Lightning Charging Cable,1,14.95,2022-02-16,"40 8th St, New York City, NY 10001",Cargadores
Apple Airpods Headphones,1,150,2022-02-16,"40 8th St, New York City, NY 10001",Auriculares
USB-C Charging Cable,1,11.95,2022-02-25,"465 Cedar St, San Francisco, CA 94016",Cargadores
Wired Headphones,1,11.99,2022-02-25,"65 Wilson St, Los Angeles, CA 90001",Auriculares
Macbook Pro Laptop,1,1700,2022-02-24,"915 Meadow St, Portland, OR 97035",Portátiles
AA Batteries (4-pack),2,3.84,2022-02-20,"849 Elm St, Seattle, WA 98101",Pilas
27in FHD Monitor,1,149.99,2022-02-19,"232 4th St, Boston, MA 02215",Monitores
Google Phone,1,600,2022-02-20,"184 Meadow St, Boston, MA 02215",Teléfonos
Lightning Charging Cable,1,14.95,2022-02-15,"650 Chestnut St, San Francisco, CA 94016",Cargadores
AA Batteries (4-pack),2,3.84,2022-02-24,"60 13th St, San Francisco, CA 94016",Pilas
Wired Headphones,1,11.99,2022-02-17,"591 10th St, Seattle, WA 98101",Auriculares
AAA Batteries (4-pack),3,2.99,2022-02-24,"943 Lake St, Seattle, WA 98101",Pilas
AAA Batteries (4-pack),2,2.99,2022-02-14,"670 11th St, Dallas, TX 75001",Pilas
Google Phone,1,600,2022-02-23,"138 Wilson St, Los Angeles, CA 90001",Teléfonos
USB-C Charging Cable,1,11.95,2022-02-23,"138 Wilson St, Los Angeles, CA 90001",Cargadores
Google Phone,1,600,2022-02-17,"401 5th St, San Francisco, CA 94016",Teléfonos
Lightning Charging Cable,1,14.95,2022-02-14,"352 9th St, New York City, NY 10001",Cargadores
Bose SoundSport Headphones,1,99.99,2022-02-19,"304 West St, Boston, MA 02215",Auriculares
Lightning Charging Cable,1,14.95,2022-02-15,"254 Forest St, San Francisco, CA 94016",Cargadores
20in Monitor,1,109.99,2022-02-25,"704 West St, Seattle, WA 98101",Monitores
Flatscreen TV,1,300,2022-02-25,"502 4th St, Boston, MA 02215",Televisores
Wired Headphones,1,11.99,2022-02-15,"922 Elm St, Austin, TX 73301",Auriculares
AAA Batteries (4-pack),2,2.99,2022-02-22,"179 1st St, Boston, MA 02215",Pilas
AAA Batteries (4-pack),1,2.99,2022-02-16,"363 Johnson St, San Francisco, CA 94016",Pilas
AA Batteries (4-pack),2,3.84,2022-02-17,"912 Church St, Portland, OR 97035",Pilas
34in Ultrawide Monitor,1,379.99,2022-02-28,"420 9th St, Dallas, TX 75001",Monitores
AA Batteries (4-pack),1,3.84,2022-02-14,"719 Lake St, Dallas, TX 75001",Pilas
USB-C Charging Cable,1,11.95,2022-02-28,"8 12th St, Seattle, WA 98101",Cargadores
Apple Airpods Headphones,1,150,2022-02-13,"584 7th St, Dallas, TX 75001",Auriculares
AA Batteries (4-pack),1,3.84,2022-02-16,"358 Dogwood St, Boston, MA 02215",Pilas
34in Ultrawide Monitor,1,379.99,2022-02-20,"46 Elm St, New York City, NY 10001",Monitores
AAA Batteries (4-pack),1,2.99,2022-02-13,"194 North St, Boston, MA 02215",Pilas
USB-C Charging Cable,1,11.95,2022-02-20,"280 Chestnut St, Boston, MA 02215",Cargadores
Lightning Charging Cable,1,14.95,2022-02-17,"502 Elm St, San Francisco, CA 94016",Cargadores
USB-C Charging Cable,2,11.95,2022-02-23,"119 Lakeview St, Boston, MA 02215",Cargadores
AA Batteries (4-pack),2,3.84,2022-02-23,"206 8th St, New York City, NY 10001",Pilas
USB-C Charging Cable,1,11.95,2022-02-25,"961 14th St, San Francisco, CA 94016",Cargadores
Apple Airpods Headphones,1,150,2022-02-21,"653 5th St, San Francisco, CA 94016",Auriculares
iPhone,1,700,2022-02-18,"74 14th St, San Francisco, CA 94016",Teléfonos
USB-C Charging Cable,1,11.95,2022-02-28,"397 Church St, Portland, OR 97035",Cargadores
27in FHD Monitor,1,149.99,2022-02-23,"468 West St, Dallas, TX 75001",Monitores
34in Ultrawide Monitor,1,379.99,2022-02-17,"896 Chestnut St, Los Angeles, CA 90001",Monitores
Lightning Charging Cable,1,14.95,2022-02-16,"398 Church St, Boston, MA 02215",Cargadores
Wired Headphones,1,11.99,2022-02-17,"437 Lincoln St, Boston, MA 02215",Auriculares
AAA Batteries (4-pack),3,2.99,2022-02-14,"92 13th St, San Francisco, CA 94016",Pilas
Flatscreen TV,1,300,2022-02-24,"730 Cedar St, Portland, OR 97035",Televisores
AAA Batteries (4-pack),1,2.99,2022-02-19,"216 Lakeview St, Boston, MA 02215",Pilas
Bose SoundSport Headphones,1,99.99,2022-02-28,"951 10th St, San Francisco, CA 94016",Auriculares
AAA Batteries (4-pack),1,2.99,2022-02-19,"671 5th St, Los Angeles, CA 90001",Pilas
34in Ultrawide Monitor,1,379.99,2022-02-21,"799 Park St, Dallas, TX 75001",Monitores
Lightning Charging Cable,1,14.95,2022-02-27,"780 Hickory St, Portland, OR 97035",Cargadores
Apple Airpods Headphones,1,150,2022-02-24,"53 Lakeview St, New York City, NY 10001",Auriculares
Bose SoundSport Headphones,1,99.99,2022-02-19,"403 North St, San Francisco, CA 94016",Auriculares
Wired Headphones,1,11.99,2022-02-21,"921 6th St, Dallas, TX 75001",Auriculares
AAA Batteries (4-pack),1,2.99,2022-02-17,"233 North St, Boston, MA 02215",Pilas
Lightning Charging Cable,1,14.95,2022-02-18,"588 14th St, Atlanta, GA 30301",Cargadores
Wired Headphones,1,11.99,2022-02-18,"657 Washington St, Los Angeles, CA 90001",Auriculares
AAA Batteries (4-pack),1,2.99,2022-02-28,"120 Highland St, San Francisco, CA 94016",Pilas
iPhone,1,700,2022-02-15,"593 Forest St, New York City, NY 10001",Teléfonos
Lightning Charging Cable,1,14.95,2022-02-15,"593 Forest St, New York City, NY 10001",Cargadores
Lightning Charging Cable,1,14.95,2022-02-23,"467 Sunset St, Los Angeles, CA 90001",Cargadores
AA Batteries (4-pack),2,3.84,2022-02-14,"341 Lake St, Austin, TX 73301",Pilas
iPhone,1,700,2022-02-18,"374 Park St, Austin, TX 73301",Teléfonos
AAA Batteries (4-pack),1,2.99,2022-02-22,"19 Ridge St, New York City, NY 10001",Pilas
iPhone,1,700,2022-02-26,"964 Maple St, Dallas, TX 75001",Teléfonos
Wired Headphones,1,11.99,2022-02-26,"964 Maple St, Dallas, TX 75001",Auriculares
AA Batteries (4-pack),3,3.84,2022-02-23,"758 Lake St, New York City, NY 10001",Pilas
Wired Headphones,1,11.99,2022-02-14,"630 2nd St, Austin, TX 73301",Auriculares
AA Batteries (4-pack),1,3.84,2022-02-13,"975 Spruce St, San Francisco, CA 94016",Pilas
AA Batteries (4-pack),1,3.84,2022-02-20,"584 12th St, Los Angeles, CA 90001",Pilas
Lightning Charging Cable,1,14.95,2022-02-27,"15 Adams St, San Francisco, CA 94016",Cargadores
27in 4K Gaming Monitor,1,389.99,2022-02-13,"57 Adams St, Atlanta, GA 30301",Monitores
USB-C Charging Cable,1,11.95,2022-02-19,"155 Madison St, Los Angeles, CA 90001",Cargadores
Wired Headphones,1,11.99,2022-02-28,"340 Adams St, Portland, OR 97035",Auriculares
AAA Batteries (4-pack),2,2.99,2022-02-24,"471 Highland St, San Francisco, CA 94016",Pilas
AA Batteries (4-pack),2,3.84,2022-02-17,"650 2nd St, New York City, NY 10001",Pilas
Apple Airpods Headphones,1,150,2022-02-18,"265 Lake St, Los Angeles, CA 90001",Auriculares
27in FHD Monitor,1,149.99,2022-02-26,"461 13th St, Los Angeles, CA 90001",Monitores
27in FHD Monitor,1,149.99,2022-02-21,"475 Maple St, Atlanta, GA 30301",Monitores
Lightning Charging Cable,1,14.95,2022-02-13,"119 Washington St, Boston, MA 02215",Cargadores
USB-C Charging Cable,1,11.95,2022-02-23,"205 North St, San Francisco, CA 94016",Cargadores
Flatscreen TV,1,300,2022-02-24,"910 11th St, Seattle, WA 98101",Televisores
AAA Batteries (4-pack),1,2.99,2022-02-19,"532 Willow St, Los Angeles, CA 90001",Pilas
34in Ultrawide Monitor,1,379.99,2022-02-27,"401 Spruce St, Boston, MA 02215",Monitores
Apple Airpods Headphones,1,150,2022-02-17,"201 Meadow St, Seattle, WA 98101",Auriculares
USB-C Charging Cable,1,11.95,2022-02-20,"514 9th St, Atlanta, GA 30301",Cargadores
AAA Batteries (4-pack),3,2.99,2022-02-15,"846 Elm St, Los Angeles, CA 90001",Pilas
LG Dryer,1,600.0,2022-02-20,"884 Lincoln St, Boston, MA 02215",Electrodomésticos
AA Batteries (4-pack),1,3.84,2022-02-19,"419 Ridge St, Seattle, WA 98101",Pilas
Flatscreen TV,1,300,2022-02-21,"744 River St, Portland, OR 97035",Televisores
Lightning Charging Cable,1,14.95,2022-02-21,"821 West St, Austin, TX 73301",Cargadores
Wired Headphones,2,11.99,2022-02-14,"607 Washington St, Boston, MA 02215",Auriculares
Wired Headphones,1,11.99,2022-02-28,"33 6th St, Los Angeles, CA 90001",Auriculares
Apple Airpods Headphones,1,150,2022-02-21,"636 South St, Portland, OR 97035",Auriculares
AA Batteries (4-pack),1,3.84,2022-02-23,"718 Washington St, Boston, MA 02215",Pilas
AAA Batteries (4-pack),3,2.99,2022-02-25,"819 10th St, New York City, NY 10001",Pilas
AAA Batteries (4-pack),2,2.99,2022-02-19,"124 Elm St, Boston, MA 02215",Pilas
Apple Airpods Headphones,1,150,2022-02-22,"218 9th St, San Francisco, CA 94016",Auriculares
AA Batteries (4-pack),1,3.84,2022-02-27,"204 Elm St, Atlanta, GA 30301",Pilas
Lightning Charging Cable,1,14.95,2022-02-24,"382 5th St, San Francisco, CA 94016",Cargadores
27in 4K Gaming Monitor,1,389.99,2022-02-17,"513 11th St, Los Angeles, CA 90001",Monitores
iPhone,1,700,2022-02-26,"933 Dogwood St, Atlanta, GA 30301",Teléfonos
AAA Batteries (4-pack),2,2.99,2022-02-26,"557 Jackson St, Los Angeles, CA 90001",Pilas
USB-C Charging Cable,1,11.95,2022-02-13,"530 Meadow St, Dallas, TX 75001",Cargadores
Apple Airpods Headphones,1,150,2022-02-25,"91 North St, Boston, MA 02215",Auriculares
Bose SoundSport Headphones,1,99.99,2022-02-19,"56 Lincoln St, San Francisco, CA 94016",Auriculares
AA Batteries (4-pack),4,3.84,2022-02-19,"218 West St, Seattle, WA 98101",Pilas
Apple Airpods Headphones,1,150,2022-02-20,"710 Elm St, San Francisco, CA 94016",Auriculares
USB-C Charging Cable,1,11.95,2022-02-15,"842 Park St, Boston, MA 02215",Cargadores
USB-C Charging Cable,1,11.95,2022-02-21,"52 South St, San Francisco, CA 94016",Cargadores
AAA Batteries (4-pack),1,2.99,2022-02-24,"357 Wilson St, Atlanta, GA 30301",Pilas
Lightning Charging Cable,1,14.95,2022-02-26,"102 1st St, San Francisco, CA 94016",Cargadores
AA Batteries (4-pack),1,3.84,2022-02-24,"12 11th St, Atlanta, GA 30301",Pilas
Apple Airpods Headphones,1,150,2022-02-21,"985 8th St, Portland, OR 97035",Auriculares
Bose SoundSport Headphones,1,99.99,2022-02-22,"496 Lakeview St, Atlanta, GA 30301",Auriculares
Wired Headphones,1,11.99,2022-02-28,"413 Washington St, Dallas, TX 75001",Auriculares
AAA Batteries (4-pack),1,2.99,2022-02-19,"198 Church St, Boston, MA 02215",Pilas
27in 4K Gaming Monitor,1,389.99,2022-02-28,"135 Wilson St, Boston, MA 02215",Monitores
27in FHD Monitor,2,149.99,2022-02-25,"579 Maple St, Dallas, TX 75001",Monitores
Apple Airpods Headphones,1,150,2022-02-28,"552 Washington St, Atlanta, GA 30301",Auriculares
USB-C Charging Cable,1,11.95,2022-02-28,"745 Hill St, Seattle, WA 98101",Cargadores
iPhone,1,700,2022-02-14,"116 Wilson St, Los Angeles, CA 90001",Teléfonos
27in FHD Monitor,1,149.99,2022-02-18,"120 Walnut St, San Francisco, CA 94016",Monitores
Vareebadd Phone,1,400,2022-02-13,"141 Maple St, Los Angeles, CA 90001",Teléfonos
Wired Headphones,1,11.99,2022-02-19,"882 5th St, Dallas, TX 75001",Auriculares
Bose SoundSport Headphones,1,99.99,2022-02-27,"261 Washington St, Boston, MA 02215",Auriculares
AAA Batteries (4-pack),1,2.99,2022-02-21,"490 Cedar St, Seattle, WA 98101",Pilas
20in Monitor,1,109.99,2022-02-19,"278 Johnson St, Boston, MA 02215",Monitores
AAA Batteries (4-pack),1,2.99,2022-02-26,"803 Walnut St, Atlanta, GA 30301",Pilas
Bose SoundSport Headphones,1,99.99,2022-02-15,"778 Washington St, New York City, NY 10001",Auriculares
Lightning Charging Cable,1,14.95,2022-02-16,"600 Jackson St, San Francisco, CA 94016",Cargadores
Flatscreen TV,1,300,2022-02-28,"769 13th St, Los Angeles, CA 90001",Televisores
USB-C Charging Cable,1,11.95,2022-02-20,"599 South St, New York City, NY 10001",Cargadores
AA Batteries (4-pack),1,3.84,2022-02-24,"187 Park St, Austin, TX 73301",Pilas
Lightning Charging Cable,1,14.95,2022-02-21,"950 14th St, San Francisco, CA 94016",Cargadores
Macbook Pro Laptop,1,1700,2022-02-24,"365 14th St, New York City, NY 10001",Portátiles
iPhone,1,700,2022-02-20,"103 Park St, Atlanta, GA 30301",Teléfonos
Wired Headphones,1,11.99,2022-02-14,"775 Center St, Dallas, TX 75001",Auriculares
Lightning Charging Cable,2,14.95,2022-02-18,"647 2nd St, Los Angeles, CA 90001",Cargadores
34in Ultrawide Monitor,1,379.99,2022-02-13,"625 Park St, Boston, MA 02215",Monitores
AA Batteries (4-pack),2,3.84,2022-02-15,"332 North St, Dallas, TX 75001",Pilas
Vareebadd Phone,1,400,2022-02-27,"530 Cherry St, Austin, TX 73301",Teléfonos
AAA Batteries (4-pack),1,2.99,2022-02-24,"259 Spruce St, San Francisco, CA 94016",Pilas
Google Phone,1,600,2022-02-27,"540 Adams St, Dallas, TX 75001",Teléfonos
Lightning Charging Cable,1,14.95,2022-02-14,"152 Chestnut St, Atlanta, GA 30301",Cargadores
34in Ultrawide Monitor,1,379.99,2022-02-21,"157 7th St, San Francisco, CA 94016",Monitores
Macbook Pro Laptop,1,1700,2022-02-14,"729 Elm St, Dallas, TX 75001",Portátiles
AAA Batteries (4-pack),1,2.99,2022-02-16,"994 Meadow St, San Francisco, CA 94016",Pilas
Wired Headphones,1,11.99,2022-02-26,"644 Willow St, Los Angeles, CA 90001",Auriculares
Lightning Charging Cable,1,14.95,2022-02-14,"49 Washington St, New York City, NY 10001",Cargadores
Flatscreen TV,1,300,2022-02-28,"640 West St, Boston, MA 02215",Televisores
iPhone,1,700,2022-02-19,"554 Jackson St, New York City, NY 10001",Teléfonos
USB-C Charging Cable,1,11.95,2022-02-14,"977 Main St, San Francisco, CA 94016",Cargadores
Vareebadd Phone,1,400,2022-02-16,"492 Dogwood St, Dallas, TX 75001",Teléfonos
Google Phone,1,600,2022-02-22,"740 Center St, Boston, MA 02215",Teléfonos
Apple Airpods Headphones,1,150,2022-02-15,"908 Sunset St, San Francisco, CA 94016",Auriculares
27in 4K Gaming Monitor,1,389.99,2022-02-24,"542 Ridge St, Boston, MA 02215",Monitores
Bose SoundSport Headphones,1,99.99,2022-02-19,"263 West St, New York City, NY 10001",Auriculares
USB-C Charging Cable,1,11.95,2022-02-15,"364 South St, Los Angeles, CA 90001",Cargadores
Apple Airpods Headphones,1,150,2022-02-25,"347 Washington St, Atlanta, GA 30301",Auriculares
Macbook Pro Laptop,1,1700,2022-02-23,"974 River St, Dallas, TX 75001",Portátiles
Wired Headphones,1,11.99,2022-02-21,"405 1st St, Los Angeles, CA 90001",Auriculares
USB-C Charging Cable,1,11.95,2022-02-15,"940 Chestnut St, San Francisco, CA 94016",Cargadores
iPhone,1,700,2022-02-20,"179 Dogwood St, Dallas, TX 75001",Teléfonos
Lightning Charging Cable,2,14.95,2022-02-20,"179 Dogwood St, Dallas, TX 75001",Cargadores
34in Ultrawide Monitor,1,379.99,2022-02-25,"960 Walnut St, Los Angeles, CA 90001",Monitores
Lightning Charging Cable,1,14.95,2022-02-26,"348 Washington St, Portland, OR 97035",Cargadores
AA Batteries (4-pack),2,3.84,2022-02-13,"100 Park St, New York City, NY 10001",Pilas
iPhone,1,700,2022-02-19,"339 4th St, Portland, OR 97035",Teléfonos
Apple Airpods Headphones,1,150,2022-02-19,"339 4th St, Portland, OR 97035",Auriculares
Apple Airpods Headphones,1,150,2022-02-17,"263 Meadow St, Austin, TX 73301",Auriculares
Lightning Charging Cable,1,14.95,2022-02-13,"915 River St, Dallas, TX 75001",Cargadores
Lightning Charging Cable,1,14.95,2022-02-25,"538 Meadow St, Austin, TX 73301",Cargadores
ThinkPad Laptop,1,999.99,2022-02-21,"166 Maple St, Boston, MA 02215",Portátiles
Google Phone,1,600,2022-02-23,"386 Willow St, New York City, NY 10001",Teléfonos
Flatscreen TV,1,300,2022-02-27,"432 Jefferson St, Dallas, TX 75001",Televisores
USB-C Charging Cable,1,11.95,2022-02-14,"810 Willow St, New York City, NY 10001",Cargadores
Apple Airpods Headphones,1,150,2022-02-24,"773 Spruce St, San Francisco, CA 94016",Auriculares
Macbook Pro Laptop,1,1700,2022-02-14,"433 Dogwood St, Portland, OR 97035",Portátiles
Apple Airpods Headphones,1,150,2022-02-18,"681 Adams St, San Francisco, CA 94016",Auriculares
Wired Headphones,1,11.99,2022-02-21,"443 Maple St, San Francisco, CA 94016",Auriculares
iPhone,1,700,2022-02-20,"626 Washington St, San Francisco, CA 94016",Teléfonos
USB-C Charging Cable,1,11.95,2022-02-16,"852 Forest St, New York City, NY 10001",Cargadores
USB-C Charging Cable,1,11.95,2022-02-15,"3 Main St, New York City, NY 10001",Cargadores
Wired Headphones,1,11.99,2022-02-17,"436 8th St, New York City, NY 10001",Auriculares
AA Batteries (4-pack),1,3.84,2022-02-24,"604 Ridge St, Dallas, TX 75001",Pilas
Lightning Charging Cable,1,14.95,2022-02-22,"912 Church St, Austin, TX 73301",Cargadores
Wired Headphones,1,11.99,2022-02-26,"118 Adams St, San Francisco, CA 94016",Auriculares
USB-C Charging Cable,1,11.95,2022-02-24,"867 Willow St, Los Angeles, CA 90001",Cargadores
Google Phone,1,600,2022-02-15,"42 Highland St, Los Angeles, CA 90001",Teléfonos
Apple Airpods Headphones,1,150,2022-02-17,"649 Lake St, Dallas, TX 75001",Auriculares
34in Ultrawide Monitor,1,379.99,2022-02-26,"72 Lake St, New York City, NY 10001",Monitores
27in 4K Gaming Monitor,1,389.99,2022-02-16,"93 Walnut St, New York City, NY 10001",Monitores
Vareebadd Phone,1,400,2022-02-18,"736 Jefferson St, New York City, NY 10001",Teléfonos
USB-C Charging Cable,1,11.95,2022-02-18,"736 Jefferson St, New York City, NY 10001",Cargadores
AAA Batteries (4-pack),1,2.99,2022-02-16,"479 South St, Seattle, WA 98101",Pilas
AAA Batteries (4-pack),1,2.99,2022-02-21,"957 Meadow St, Los Angeles, CA 90001",Pilas
iPhone,1,700,2022-02-22,"840 Wilson St, Seattle, WA 98101",Teléfonos
Lightning Charging Cable,2,14.95,2022-02-22,"840 Wilson St, Seattle, WA 98101",Cargadores
AAA Batteries (4-pack),2,2.99,2022-02-14,"39 13th St, Los Angeles, CA 90001",Pilas
Flatscreen TV,1,300,2022-02-27,"454 West St, Portland, OR 97035",Televisores
Wired Headphones,1,11.99,2022-02-13,"34 Dogwood St, San Francisco, CA 94016",Auriculares
AAA Batteries (4-pack),1,2.99,2022-02-22,"715 5th St, San Francisco, CA 94016",Pilas
Bose SoundSport Headphones,1,99.99,2022-02-17,"83 Highland St, New York City, NY 10001",Auriculares
Apple Airpods Headphones,1,150,2022-02-27,"542 Ridge St, Atlanta, GA 30301",Auriculares
USB-C Charging Cable,1,11.95,2022-02-17,"446 13th St, Dallas, TX 75001",Cargadores
iPhone,1,700,2022-02-14,"921 Pine St, San Francisco, CA 94016",Teléfonos
Wired Headphones,1,11.99,2022-02-14,"921 Pine St, San Francisco, CA 94016",Auriculares
Apple Airpods Headphones,1,150,2022-02-17,"515 1st St, Boston, MA 02215",Auriculares
USB-C Charging Cable,1,11.95,2022-02-22,"58 Jefferson St, Los Angeles, CA 90001",Cargadores
Google Phone,1,600,2022-02-14,"718 Elm St, Los Angeles, CA 90001",Teléfonos
USB-C Charging Cable,1,11.95,2022-02-14,"718 Elm St, Los Angeles, CA 90001",Cargadores
Flatscreen TV,1,300,2022-02-15,"590 South St, Atlanta, GA 30301",Televisores
Lightning Charging Cable,1,14.95,2022-02-13,"485 River St, San Francisco, CA 94016",Cargadores
iPhone,1,700,2022-02-17,"592 7th St, San Francisco, CA 94016",Teléfonos
Lightning Charging Cable,1,14.95,2022-02-13,"72 Lincoln St, Los Angeles, CA 90001",Cargadores
27in 4K Gaming Monitor,1,389.99,2022-02-18,"147 Spruce St, Los Angeles, CA 90001",Monitores
iPhone,1,700,2022-02-13,"48 Ridge St, Los Angeles, CA 90001",Teléfonos
20in Monitor,1,109.99,2022-02-13,"957 Johnson St, San Francisco, CA 94016",Monitores
iPhone,1,700,2022-02-20,"408 Madison St, Los Angeles, CA 90001",Teléfonos
Wired Headphones,1,11.99,2022-02-20,"408 Madison St, Los Angeles, CA 90001",Auriculares
USB-C Charging Cable,1,11.95,2022-02-22,"9 Lincoln St, Portland, OR 97035",Cargadores
Bose SoundSport Headphones,1,99.99,2022-02-15,"414 Adams St, New York City, NY 10001",Auriculares
AAA Batteries (4-pack),1,2.99,2022-02-18,"348 Pine St, Austin, TX 73301",Pilas
AAA Batteries (4-pack),1,2.99,2022-02-22,"21 1st St, New York City, NY 10001",Pilas
USB-C Charging Cable,1,11.95,2022-02-22,"21 1st St, New York City, NY 10001",Cargadores
27in 4K Gaming Monitor,1,389.99,2022-02-23,"574 West St, Boston, MA 02215",Monitores
Wired Headphones,1,11.99,2022-02-18,"631 Madison St, San Francisco, CA 94016",Auriculares
Lightning Charging Cable,1,14.95,2022-02-13,"240 Highland St, San Francisco, CA 94016",Cargadores
20in Monitor,1,109.99,2022-02-21,"449 Wilson St, Dallas, TX 75001",Monitores
Bose SoundSport Headphones,1,99.99,2022-02-13,"948 13th St, Portland, OR 97035",Auriculares
27in FHD Monitor,1,149.99,2022-02-16,"837 Meadow St, Atlanta, GA 30301",Monitores
34in Ultrawide Monitor,1,379.99,2022-02-21,"214 4th St, Austin, TX 73301",Monitores
USB-C Charging Cable,1,11.95,2022-02-22,"314 Elm St, San Francisco, CA 94016",Cargadores
AAA Batteries (4-pack),1,2.99,2022-02-22,"668 Pine St, Los Angeles, CA 90001",Pilas
Wired Headphones,1,11.99,2022-02-25,"691 Walnut St, Austin, TX 73301",Auriculares
Wired Headphones,1,11.99,2022-02-23,"260 Pine St, Los Angeles, CA 90001",Auriculares
Bose SoundSport Headphones,1,99.99,2022-02-20,"860 Highland St, New York City, NY 10001",Auriculares
USB-C Charging Cable,1,11.95,2022-02-13,"87 Washington St, New York City, NY 10001",Cargadores
Wired Headphones,1,11.99,2022-02-19,"226 Washington St, Los Angeles, CA 90001",Auriculares
Lightning Charging Cable,1,14.95,2022-02-21,"97 4th St, New York City, NY 10001",Cargadores
27in FHD Monitor,1,149.99,2022-02-16,"430 Ridge St, Boston, MA 02215",Monitores
27in FHD Monitor,1,149.99,2022-02-26,"761 Cedar St, Los Angeles, CA 90001",Monitores
Wired Headphones,1,11.99,2022-02-16,"829 West St, Austin, TX 73301",Auriculares
Apple Airpods Headphones,1,150,2022-02-14,"427 7th St, Seattle, WA 98101",Auriculares
USB-C Charging Cable,1,11.95,2022-02-19,"1 Sunset St, New York City, NY 10001",Cargadores
Google Phone,1,600,2022-02-25,"430 Cherry St, San Francisco, CA 94016",Teléfonos
AA Batteries (4-pack),1,3.84,2022-02-17,"988 Willow St, San Francisco, CA 94016",Pilas
Lightning Charging Cable,1,14.95,2022-02-24,"676 7th St, Los Angeles, CA 90001",Cargadores
AA Batteries (4-pack),1,3.84,2022-02-16,"122 13th St, San Francisco, CA 94016",Pilas
Google Phone,1,600,2022-02-22,"386 Main St, New York City, NY 10001",Teléfonos
27in FHD Monitor,1,149.99,2022-02-14,"120 14th St, San Francisco, CA 94016",Monitores
34in Ultrawide Monitor,1,379.99,2022-02-26,"53 6th St, Boston, MA 02215",Monitores
AA Batteries (4-pack),2,3.84,2022-02-20,"86 Sunset St, New York City, NY 10001",Pilas
Apple Airpods Headphones,1,150,2022-02-22,"52 1st St, Los Angeles, CA 90001",Auriculares
ThinkPad Laptop,1,999.99,2022-02-25,"557 Cherry St, Boston, MA 02215",Portátiles
iPhone,1,700,2022-02-19,"994 Jackson St, Los Angeles, CA 90001",Teléfonos
ThinkPad Laptop,1,999.99,2022-02-17,"353 Hickory St, New York City, NY 10001",Portátiles
27in 4K Gaming Monitor,1,389.99,2022-02-18,"658 River St, Los Angeles, CA 90001",Monitores
AA Batteries (4-pack),1,3.84,2022-02-16,"160 Jefferson St, Los Angeles, CA 90001",Pilas
AA Batteries (4-pack),2,3.84,2022-02-22,"669 Adams St, Portland, OR 97035",Pilas
Wired Headphones,1,11.99,2022-02-18,"596 Elm St, Austin, TX 73301",Auriculares
Wired Headphones,2,11.99,2022-02-13,"126 14th St, San Francisco, CA 94016",Auriculares
Wired Headphones,1,11.99,2022-02-15,"288 Meadow St, San Francisco, CA 94016",Auriculares
AA Batteries (4-pack),1,3.84,2022-02-18,"483 Cherry St, Portland, OR 97035",Pilas
USB-C Charging Cable,1,11.95,2022-02-28,"26 West St, New York City, NY 10001",Cargadores
Lightning Charging Cable,1,14.95,2022-02-20,"192 Walnut St, Los Angeles, CA 90001",Cargadores
Lightning Charging Cable,1,14.95,2022-02-28,"498 Adams St, Seattle, WA 98101",Cargadores
27in 4K Gaming Monitor,1,389.99,2022-02-14,"978 Walnut St, San Francisco, CA 94016",Monitores
27in FHD Monitor,1,149.99,2022-02-19,"452 Main St, San Francisco, CA 94016",Monitores
Wired Headphones,1,11.99,2022-02-19,"857 West St, San Francisco, CA 94016",Auriculares
Google Phone,1,600,2022-02-16,"638 9th St, Dallas, TX 75001",Teléfonos
USB-C Charging Cable,1,11.95,2022-02-16,"638 9th St, Dallas, TX 75001",Cargadores
Bose SoundSport Headphones,1,99.99,2022-02-24,"132 River St, Los Angeles, CA 90001",Auriculares
AAA Batteries (4-pack),3,2.99,2022-02-25,"940 Adams St, San Francisco, CA 94016",Pilas
USB-C Charging Cable,1,11.95,2022-02-24,"813 9th St, San Francisco, CA 94016",Cargadores
Apple Airpods Headphones,1,150,2022-02-23,"918 1st St, San Francisco, CA 94016",Auriculares
iPhone,1,700,2022-02-28,"225 5th St, New York City, NY 10001",Teléfonos
USB-C Charging Cable,1,11.95,2022-02-16,"517 2nd St, Portland, OR 97035",Cargadores
Bose SoundSport Headphones,1,99.99,2022-02-23,"329 Meadow St, Seattle, WA 98101",Auriculares
Bose SoundSport Headphones,1,99.99,2022-02-18,"303 Sunset St, New York City, NY 10001",Auriculares
27in FHD Monitor,1,149.99,2022-02-26,"286 Maple St, San Francisco, CA 94016",Monitores
20in Monitor,1,109.99,2022-02-25,"850 Meadow St, Dallas, TX 75001",Monitores
Apple Airpods Headphones,1,150,2022-02-15,"86 South St, Portland, OR 97035",Auriculares
USB-C Charging Cable,1,11.95,2022-02-26,"14 2nd St, Los Angeles, CA 90001",Cargadores
Flatscreen TV,1,300,2022-02-13,"693 11th St, San Francisco, CA 94016",Televisores
AA Batteries (4-pack),2,3.84,2022-02-27,"183 5th St, Boston, MA 02215",Pilas
AAA Batteries (4-pack),1,2.99,2022-02-24,"593 Pine St, San Francisco, CA 94016",Pilas
USB-C Charging Cable,1,11.95,2022-02-23,"731 Hickory St, San Francisco, CA 94016",Cargadores
iPhone,1,700,2022-02-15,"126 11th St, Boston, MA 02215",Teléfonos
27in FHD Monitor,1,149.99,2022-02-23,"417 Adams St, Dallas, TX 75001",Monitores
27in FHD Monitor,1,149.99,2022-02-26,"174 Church St, Dallas, TX 75001",Monitores
AAA Batteries (4-pack),2,2.99,2022-02-13,"9 Ridge St, Portland, OR 97035",Pilas
34in Ultrawide Monitor,1,379.99,2022-02-25,"654 South St, Los Angeles, CA 90001",Monitores
USB-C Charging Cable,1,11.95,2022-02-19,"75 Lincoln St, Boston, MA 02215",Cargadores
Bose SoundSport Headphones,1,99.99,2022-02-22,"570 Spruce St, Los Angeles, CA 90001",Auriculares
Apple Airpods Headphones,1,150,2022-02-14,"327 6th St, Los Angeles, CA 90001",Auriculares
iPhone,1,700,2022-02-17,"826 River St, Atlanta, GA 30301",Teléfonos
Lightning Charging Cable,1,14.95,2022-02-17,"182 Pine St, Dallas, TX 75001",Cargadores
Google Phone,1,600,2022-02-27,"799 13th St, Los Angeles, CA 90001",Teléfonos
AAA Batteries (4-pack),2,2.99,2022-02-20,"424 11th St, Portland, ME 04101",Pilas
USB-C Charging Cable,1,11.95,2022-02-15,"217 Forest St, New York City, NY 10001",Cargadores
Bose SoundSport Headphones,1,99.99,2022-02-24,"96 West St, Seattle, WA 98101",Auriculares
Wired Headphones,2,11.99,2022-02-22,"926 Lincoln St, New York City, NY 10001",Auriculares
AA Batteries (4-pack),3,3.84,2022-02-25,"915 Johnson St, San Francisco, CA 94016",Pilas
AA Batteries (4-pack),1,3.84,2022-02-23,"338 8th St, Los Angeles, CA 90001",Pilas
Google Phone,1,600,2022-02-25,"988 Washington St, San Francisco, CA 94016",Teléfonos
Google Phone,1,600,2022-02-28,"632 11th St, San Francisco, CA 94016",Teléfonos
Flatscreen TV,1,300,2022-02-21,"602 13th St, Atlanta, GA 30301",Televisores
AAA Batteries (4-pack),1,2.99,2022-02-19,"108 Elm St, San Francisco, CA 94016",Pilas
AA Batteries (4-pack),2,3.84,2022-02-23,"983 Johnson St, San Francisco, CA 94016",Pilas
Macbook Pro Laptop,1,1700,2022-02-28,"190 Pine St, New York City, NY 10001",Portátiles
AAA Batteries (4-pack),1,2.99,2022-02-13,"405 Ridge St, Boston, MA 02215",Pilas
ThinkPad Laptop,1,999.99,2022-02-18,"956 Meadow St, Dallas, TX 75001",Portátiles
34in Ultrawide Monitor,1,379.99,2022-02-15,"583 Center St, Boston, MA 02215",Monitores
34in Ultrawide Monitor,1,379.99,2022-02-20,"397 Park St, Dallas, TX 75001",Monitores
Wired Headphones,1,11.99,2022-02-16,"515 North St, Dallas, TX 75001",Auriculares
AAA Batteries (4-pack),1,2.99,2022-02-19,"160 Washington St, New York City, NY 10001",Pilas
27in FHD Monitor,1,149.99,2022-02-25,"668 Willow St, New York City, NY 10001",Monitores
Apple Airpods Headphones,1,150,2022-02-22,"767 Church St, Dallas, TX 75001",Auriculares
USB-C Charging Cable,1,11.95,2022-02-24,"484 Park St, Los Angeles, CA 90001",Cargadores
USB-C Charging Cable,1,11.95,2022-02-26,"268 Center St, San Francisco, CA 94016",Cargadores
Apple Airpods Headphones,1,150,2022-02-23,"344 Highland St, San Francisco, CA 94016",Auriculares
Apple Airpods Headphones,1,150,2022-02-27,"363 13th St, Dallas, TX 75001",Auriculares
Google Phone,1,600,2022-02-20,"693 North St, San Francisco, CA 94016",Teléfonos
AAA Batteries (4-pack),1,2.99,2022-02-16,"853 Lakeview St, San Francisco, CA 94016",Pilas
Wired Headphones,1,11.99,2022-02-13,"542 14th St, San Francisco, CA 94016",Auriculares
AAA Batteries (4-pack),1,2.99,2022-02-25,"916 7th St, New York City, NY 10001",Pilas
27in FHD Monitor,1,149.99,2022-02-24,"386 Meadow St, Boston, MA 02215",Monitores
AAA Batteries (4-pack),4,2.99,2022-02-28,"843 Hill St, Los Angeles, CA 90001",Pilas
Bose SoundSport Headphones,1,99.99,2022-02-25,"369 14th St, San Francisco, CA 94016",Auriculares
Lightning Charging Cable,1,14.95,2022-02-14,"849 Chestnut St, Dallas, TX 75001",Cargadores
iPhone,1,700,2022-02-18,"279 Sunset St, San Francisco, CA 94016",Teléfonos
Wired Headphones,1,11.99,2022-02-25,"458 Walnut St, Dallas, TX 75001",Auriculares
Wired Headphones,1,11.99,2022-02-14,"814 Madison St, San Francisco, CA 94016",Auriculares
iPhone,1,700,2022-02-15,"351 13th St, Los Angeles, CA 90001",Teléfonos
Apple Airpods Headphones,1,150,2022-02-17,"154 Walnut St, Los Angeles, CA 90001",Auriculares
Lightning Charging Cable,1,14.95,2022-02-13,"254 Highland St, Dallas, TX 75001",Cargadores
USB-C Charging Cable,1,11.95,2022-02-18,"507 Cherry St, Boston, MA 02215",Cargadores
AAA Batteries (4-pack),1,2.99,2022-02-25,"736 Lincoln St, San Francisco, CA 94016",Pilas
34in Ultrawide Monitor,1,379.99,2022-02-22,"964 Ridge St, New York City, NY 10001",Monitores
34in Ultrawide Monitor,1,379.99,2022-02-21,"17 Dogwood St, Atlanta, GA 30301",Monitores
AAA Batteries (4-pack),1,2.99,2022-02-23,"813 8th St, Austin, TX 73301",Pilas
Apple Airpods Headphones,1,150,2022-02-20,"40 Center St, Atlanta, GA 30301",Auriculares
Lightning Charging Cable,1,14.95,2022-02-15,"303 Spruce St, San Francisco, CA 94016",Cargadores
AAA Batteries (4-pack),1,2.99,2022-02-21,"349 Meadow St, San Francisco, CA 94016",Pilas
USB-C Charging Cable,1,11.95,2022-02-18,"165 Washington St, Dallas, TX 75001",Cargadores
Lightning Charging Cable,1,14.95,2022-02-28,"659 Lincoln St, San Francisco, CA 94016",Cargadores
AA Batteries (4-pack),2,3.84,2022-02-18,"917 Ridge St, San Francisco, CA 94016",Pilas
USB-C Charging Cable,1,11.95,2022-02-21,"852 Walnut St, New York City, NY 10001",Cargadores
Apple Airpods Headphones,1,150,2022-02-28,"408 Sunset St, Seattle, WA 98101",Auriculares
Lightning Charging Cable,1,14.95,2022-02-25,"794 Johnson St, Los Angeles, CA 90001",Cargadores
Lightning Charging Cable,1,14.95,2022-02-21,"620 Madison St, Dallas, TX 75001",Cargadores
20in Monitor,1,109.99,2022-02-24,"990 Willow St, Seattle, WA 98101",Monitores
27in 4K Gaming Monitor,1,389.99,2022-02-28,"364 1st St, San Francisco, CA 94016",Monitores
AA Batteries (4-pack),2,3.84,2022-02-23,"938 2nd St, San Francisco, CA 94016",Pilas
Lightning Charging Cable,1,14.95,2022-02-15,"476 7th St, San Francisco, CA 94016",Cargadores
Macbook Pro Laptop,1,1700,2022-02-17,"323 4th St, New York City, NY 10001",Portátiles
iPhone,1,700,2022-02-19,"240 Lake St, Portland, OR 97035",Teléfonos
Lightning Charging Cable,1,14.95,2022-02-23,"296 Lincoln St, San Francisco, CA 94016",Cargadores
Google Phone,1,600,2022-02-23,"789 Walnut St, Boston, MA 02215",Teléfonos
Lightning Charging Cable,1,14.95,2022-02-28,"387 Lake St, Dallas, TX 75001",Cargadores
AAA Batteries (4-pack),1,2.99,2022-02-25,"879 Main St, San Francisco, CA 94016",Pilas
AAA Batteries (4-pack),1,2.99,2022-02-21,"843 1st St, San Francisco, CA 94016",Pilas
Lightning Charging Cable,1,14.95,2022-02-26,"323 Forest St, Austin, TX 73301",Cargadores
Wired Headphones,1,11.99,2022-02-19,"966 Ridge St, Seattle, WA 98101",Auriculares
AAA Batteries (4-pack),1,2.99,2022-02-22,"465 Walnut St, Boston, MA 02215",Pilas
Lightning Charging Cable,1,14.95,2022-02-13,"807 South St, San Francisco, CA 94016",Cargadores
AA Batteries (4-pack),1,3.84,2022-02-14,"471 Dogwood St, New York City, NY 10001",Pilas
AA Batteries (4-pack),1,3.84,2022-02-21,"752 South St, Boston, MA 02215",Pilas
Wired Headphones,1,11.99,2022-02-17,"932 10th St, Los Angeles, CA 90001",Auriculares
Macbook Pro Laptop,1,1700,2022-02-21,"510 Maple St, San Francisco, CA 94016",Portátiles
AA Batteries (4-pack),1,3.84,2022-02-19,"660 Washington St, New York City, NY 10001",Pilas
AAA Batteries (4-pack),2,2.99,2022-02-23,"290 Hickory St, New York City, NY 10001",Pilas
AA Batteries (4-pack),1,3.84,2022-02-26,"675 Cherry St, Los Angeles, CA 90001",Pilas
Lightning Charging Cable,1,14.95,2022-02-26,"209 Cherry St, Portland, ME 04101",Cargadores
20in Monitor,1,109.99,2022-02-14,"612 Meadow St, Portland, OR 97035",Monitores
AA Batteries (4-pack),1,3.84,2022-02-16,"908 West St, New York City, NY 10001",Pilas
ThinkPad Laptop,1,999.99,2022-02-27,"29 9th St, Dallas, TX 75001",Portátiles
AA Batteries (4-pack),1,3.84,2022-02-19,"729 Maple St, Dallas, TX 75001",Pilas
Macbook Pro Laptop,1,1700,2022-02-16,"592 4th St, Seattle, WA 98101",Portátiles
Lightning Charging Cable,1,14.95,2022-02-26,"425 Washington St, San Francisco, CA 94016",Cargadores
iPhone,1,700,2022-02-13,"500 Adams St, San Francisco, CA 94016",Teléfonos
Google Phone,1,600,2022-02-14,"136 14th St, San Francisco, CA 94016",Teléfonos
Bose SoundSport Headphones,1,99.99,2022-02-26,"504 9th St, San Francisco, CA 94016",Auriculares
AA Batteries (4-pack),1,3.84,2022-02-25,"820 River St, Austin, TX 73301",Pilas
AA Batteries (4-pack),1,3.84,2022-02-25,"413 Jefferson St, Portland, OR 97035",Pilas
iPhone,1,700,2022-02-24,"285 Meadow St, Portland, ME 04101",Teléfonos
USB-C Charging Cable,1,11.95,2022-02-23,"654 Main St, San Francisco, CA 94016",Cargadores
Wired Headphones,1,11.99,2022-02-19,"494 Pine St, Seattle, WA 98101",Auriculares
Wired Headphones,1,11.99,2022-02-24,"378 Hickory St, Seattle, WA 98101",Auriculares
AAA Batteries (4-pack),2,2.99,2022-02-17,"245 Center St, Portland, OR 97035",Pilas
USB-C Charging Cable,2,11.95,2022-02-21,"907 Dogwood St, Seattle, WA 98101",Cargadores
Macbook Pro Laptop,1,1700,2022-02-26,"703 7th St, New York City, NY 10001",Portátiles
Macbook Pro Laptop,1,1700,2022-02-24,"798 6th St, San Francisco, CA 94016",Portátiles
AAA Batteries (4-pack),1,2.99,2022-02-26,"360 West St, Dallas, TX 75001",Pilas
27in 4K Gaming Monitor,1,389.99,2022-02-19,"912 Sunset St, San Francisco, CA 94016",Monitores
AAA Batteries (4-pack),2,2.99,2022-02-22,"965 10th St, San Francisco, CA 94016",Pilas
iPhone,1,700,2022-02-20,"795 Forest St, Atlanta, GA 30301",Teléfonos
27in 4K Gaming Monitor,1,389.99,2022-02-21,"79 Lake St, San Francisco, CA 94016",Monitores
20in Monitor,1,109.99,2022-02-20,"743 Main St, Los Angeles, CA 90001",Monitores
AA Batteries (4-pack),1,3.84,2022-02-27,"977 Chestnut St, Dallas, TX 75001",Pilas
iPhone,1,700,2022-02-21,"147 Jackson St, Portland, OR 97035",Teléfonos
Apple Airpods Headphones,1,150,2022-02-14,"800 6th St, Los Angeles, CA 90001",Auriculares
AAA Batteries (4-pack),1,2.99,2022-02-16,"446 Sunset St, New York City, NY 10001",Pilas
Google Phone,1,600,2022-02-14,"820 Walnut St, Los Angeles, CA 90001",Teléfonos
34in Ultrawide Monitor,1,379.99,2022-02-22,"431 Johnson St, Dallas, TX 75001",Monitores
AAA Batteries (4-pack),1,2.99,2022-02-21,"614 Washington St, New York City, NY 10001",Pilas
Macbook Pro Laptop,1,1700,2022-02-21,"651 Main St, San Francisco, CA 94016",Portátiles
LG Washing Machine,1,600.0,2022-02-22,"240 13th St, Portland, OR 97035",Electrodomésticos
Bose SoundSport Headphones,1,99.99,2022-02-20,"203 1st St, Dallas, TX 75001",Auriculares
Apple Airpods Headphones,1,150,2022-02-14,"321 7th St, Austin, TX 73301",Auriculares
Bose SoundSport Headphones,1,99.99,2022-02-14,"321 7th St, Austin, TX 73301",Auriculares
Apple Airpods Headphones,1,150,2022-02-14,"823 Johnson St, Los Angeles, CA 90001",Auriculares
Lightning Charging Cable,1,14.95,2022-02-24,"135 Lake St, Dallas, TX 75001",Cargadores
Apple Airpods Headphones,1,150,2022-02-22,"156 5th St, San Francisco, CA 94016",Auriculares
Flatscreen TV,1,300,2022-02-15,"71 Madison St, New York City, NY 10001",Televisores
Wired Headphones,1,11.99,2022-02-22,"504 Center St, Dallas, TX 75001",Auriculares
Wired Headphones,1,11.99,2022-02-22,"504 Center St, Dallas, TX 75001",Auriculares
AAA Batteries (4-pack),7,2.99,2022-02-20,"273 Main St, Austin, TX 73301",Pilas
27in FHD Monitor,1,149.99,2022-02-28,"176 Park St, San Francisco, CA 94016",Monitores
USB-C Charging Cable,1,11.95,2022-02-19,"627 7th St, Los Angeles, CA 90001",Cargadores
20in Monitor,1,109.99,2022-02-20,"183 1st St, Atlanta, GA 30301",Monitores
27in FHD Monitor,1,149.99,2022-02-27,"652 Elm St, San Francisco, CA 94016",Monitores
AA Batteries (4-pack),2,3.84,2022-02-15,"536 Elm St, San Francisco, CA 94016",Pilas
AA Batteries (4-pack),2,3.84,2022-02-14,"992 Jackson St, San Francisco, CA 94016",Pilas
Macbook Pro Laptop,1,1700,2022-02-15,"723 Spruce St, Atlanta, GA 30301",Portátiles
Bose SoundSport Headphones,1,99.99,2022-02-15,"723 Spruce St, Atlanta, GA 30301",Auriculares
AAA Batteries (4-pack),1,2.99,2022-02-25,"241 Walnut St, San Francisco, CA 94016",Pilas
Lightning Charging Cable,1,14.95,2022-02-22,"578 Hickory St, Boston, MA 02215",Cargadores
Wired Headphones,1,11.99,2022-02-21,"460 Hickory St, Dallas, TX 75001",Auriculares
AAA Batteries (4-pack),1,2.99,2022-02-22,"991 Dogwood St, Los Angeles, CA 90001",Pilas
Lightning Charging Cable,1,14.95,2022-02-27,"402 7th St, San Francisco, CA 94016",Cargadores
Wired Headphones,1,11.99,2022-02-27,"401 Johnson St, Boston, MA 02215",Auriculares
USB-C Charging Cable,1,11.95,2022-02-27,"401 Johnson St, Boston, MA 02215",Cargadores
USB-C Charging Cable,1,11.95,2022-02-27,"803 Meadow St, Dallas, TX 75001",Cargadores
27in 4K Gaming Monitor,1,389.99,2022-02-19,"308 9th St, Seattle, WA 98101",Monitores
ThinkPad Laptop,1,999.99,2022-02-25,"992 North St, San Francisco, CA 94016",Portátiles
Wired Headphones,1,11.99,2022-02-26,"430 Lakeview St, San Francisco, CA 94016",Auriculares
USB-C Charging Cable,1,11.95,2022-02-23,"698 6th St, Portland, OR 97035",Cargadores
Bose SoundSport Headphones,1,99.99,2022-02-19,"970 Cherry St, San Francisco, CA 94016",Auriculares
iPhone,1,700,2022-02-16,"743 Maple St, Los Angeles, CA 90001",Teléfonos
Lightning Charging Cable,1,14.95,2022-02-21,"6 Forest St, Los Angeles, CA 90001",Cargadores
AA Batteries (4-pack),1,3.84,2022-02-21,"6 Forest St, Los Angeles, CA 90001",Pilas
Wired Headphones,1,11.99,2022-02-21,"120 Johnson St, Los Angeles, CA 90001",Auriculares
Lightning Charging Cable,1,14.95,2022-02-26,"957 14th St, Atlanta, GA 30301",Cargadores
USB-C Charging Cable,1,11.95,2022-02-25,"142 Jefferson St, San Francisco, CA 94016",Cargadores
Macbook Pro Laptop,1,1700,2022-02-25,"360 Forest St, New York City, NY 10001",Portátiles
USB-C Charging Cable,1,11.95,2022-02-14,"921 2nd St, Atlanta, GA 30301",Cargadores
USB-C Charging Cable,1,11.95,2022-02-22,"37 Maple St, Austin, TX 73301",Cargadores
27in 4K Gaming Monitor,1,389.99,2022-02-20,"938 Forest St, Portland, ME 04101",Monitores
Apple Airpods Headphones,1,150,2022-02-16,"385 Church St, San Francisco, CA 94016",Auriculares
Vareebadd Phone,1,400,2022-02-16,"802 Maple St, Seattle, WA 98101",Teléfonos
Lightning Charging Cable,1,14.95,2022-02-17,"683 Cherry St, San Francisco, CA 94016",Cargadores
USB-C Charging Cable,1,11.95,2022-02-25,"913 Hill St, Portland, OR 97035",Cargadores
Lightning Charging Cable,1,14.95,2022-02-13,"415 North St, New York City, NY 10001",Cargadores
Apple Airpods Headphones,1,150,2022-02-27,"692 Main St, San Francisco, CA 94016",Auriculares
AAA Batteries (4-pack),2,2.99,2022-02-20,"832 Lincoln St, Atlanta, GA 30301",Pilas
Apple Airpods Headphones,1,150,2022-02-17,"798 6th St, Seattle, WA 98101",Auriculares
Lightning Charging Cable,1,14.95,2022-02-16,"398 Park St, Los Angeles, CA 90001",Cargadores
Lightning Charging Cable,3,14.95,2022-02-24,"103 13th St, Seattle, WA 98101",Cargadores
iPhone,1,700,2022-02-21,"259 Highland St, San Francisco, CA 94016",Teléfonos
Apple Airpods Headphones,1,150,2022-02-21,"259 Highland St, San Francisco, CA 94016",Auriculares
Flatscreen TV,1,300,2022-02-28,"218 8th St, Atlanta, GA 30301",Televisores
20in Monitor,1,109.99,2022-02-13,"467 Chestnut St, Portland, OR 97035",Monitores
27in 4K Gaming Monitor,1,389.99,2022-02-18,"632 Elm St, San Francisco, CA 94016",Monitores
Wired Headphones,1,11.99,2022-02-28,"706 7th St, Portland, OR 97035",Auriculares
Lightning Charging Cable,1,14.95,2022-02-28,"592 Meadow St, San Francisco, CA 94016",Cargadores
iPhone,1,700,2022-02-18,"602 Wilson St, Dallas, TX 75001",Teléfonos
27in FHD Monitor,1,149.99,2022-02-16,"714 Pine St, San Francisco, CA 94016",Monitores
Vareebadd Phone,1,400,2022-02-14,"820 River St, New York City, NY 10001",Teléfonos
AAA Batteries (4-pack),1,2.99,2022-02-19,"764 Center St, San Francisco, CA 94016",Pilas
34in Ultrawide Monitor,1,379.99,2022-02-25,"27 Washington St, Portland, OR 97035",Monitores
34in Ultrawide Monitor,1,379.99,2022-02-18,"489 2nd St, Seattle, WA 98101",Monitores
AAA Batteries (4-pack),2,2.99,2022-02-16,"592 Lincoln St, Seattle, WA 98101",Pilas
Lightning Charging Cable,1,14.95,2022-02-24,"942 11th St, Portland, OR 97035",Cargadores
USB-C Charging Cable,1,11.95,2022-02-16,"517 Main St, New York City, NY 10001",Cargadores
20in Monitor,1,109.99,2022-02-16,"517 Main St, New York City, NY 10001",Monitores
Bose SoundSport Headphones,1,99.99,2022-02-19,"16 Highland St, Boston, MA 02215",Auriculares
Lightning Charging Cable,1,14.95,2022-02-28,"83 Willow St, San Francisco, CA 94016",Cargadores
Lightning Charging Cable,1,14.95,2022-02-21,"257 Jackson St, Boston, MA 02215",Cargadores
AA Batteries (4-pack),1,3.84,2022-02-21,"88 Jefferson St, San Francisco, CA 94016",Pilas
ThinkPad Laptop,1,999.99,2022-02-22,"28 Jackson St, Los Angeles, CA 90001",Portátiles
AA Batteries (4-pack),1,3.84,2022-02-21,"545 14th St, New York City, NY 10001",Pilas
AAA Batteries (4-pack),1,2.99,2022-02-28,"797 4th St, Los Angeles, CA 90001",Pilas
USB-C Charging Cable,2,11.95,2022-02-25,"2 Lakeview St, New York City, NY 10001",Cargadores
Lightning Charging Cable,1,14.95,2022-02-18,"238 6th St, New York City, NY 10001",Cargadores
27in FHD Monitor,1,149.99,2022-02-18,"510 Jefferson St, San Francisco, CA 94016",Monitores
AA Batteries (4-pack),3,3.84,2022-02-15,"115 7th St, San Francisco, CA 94016",Pilas
AAA Batteries (4-pack),2,2.99,2022-02-19,"81 Elm St, Seattle, WA 98101",Pilas
AAA Batteries (4-pack),1,2.99,2022-02-15,"618 River St, Boston, MA 02215",Pilas
USB-C Charging Cable,1,11.95,2022-02-26,"278 Johnson St, New York City, NY 10001",Cargadores
Apple Airpods Headphones,1,150,2022-02-19,"161 1st St, Portland, OR 97035",Auriculares
USB-C Charging Cable,1,11.95,2022-02-18,"663 6th St, San Francisco, CA 94016",Cargadores
AAA Batteries (4-pack),1,2.99,2022-02-28,"833 River St, Boston, MA 02215",Pilas
Lightning Charging Cable,1,14.95,2022-02-19,"624 Park St, New York City, NY 10001",Cargadores
AA Batteries (4-pack),1,3.84,2022-02-14,"421 Willow St, San Francisco, CA 94016",Pilas
Apple Airpods Headphones,1,150,2022-02-27,"648 Wilson St, San Francisco, CA 94016",Auriculares
Lightning Charging Cable,1,14.95,2022-02-21,"200 Meadow St, Portland, OR 97035",Cargadores
AAA Batteries (4-pack),1,2.99,2022-02-26,"496 Spruce St, Dallas, TX 75001",Pilas
AA Batteries (4-pack),3,3.84,2022-02-21,"303 Maple St, New York City, NY 10001",Pilas
34in Ultrawide Monitor,1,379.99,2022-02-25,"883 14th St, San Francisco, CA 94016",Monitores
USB-C Charging Cable,1,11.95,2022-02-16,"384 Lincoln St, San Francisco, CA 94016",Cargadores
AAA Batteries (4-pack),2,2.99,2022-02-15,"843 Spruce St, New York City, NY 10001",Pilas
AAA Batteries (4-pack),2,2.99,2022-02-22,"124 Lake St, New York City, NY 10001",Pilas
iPhone,1,700,2022-02-16,"10 Ridge St, New York City, NY 10001",Teléfonos
AA Batteries (4-pack),1,3.84,2022-02-23,"270 Sunset St, Los Angeles, CA 90001",Pilas
USB-C Charging Cable,3,11.95,2022-02-21,"297 4th St, San Francisco, CA 94016",Cargadores
USB-C Charging Cable,1,11.95,2022-02-14,"385 9th St, Atlanta, GA 30301",Cargadores
34in Ultrawide Monitor,1,379.99,2022-02-26,"544 11th St, Los Angeles, CA 90001",Monitores
Vareebadd Phone,1,400,2022-02-27,"887 Sunset St, Atlanta, GA 30301",Teléfonos
Bose SoundSport Headphones,1,99.99,2022-02-27,"887 Sunset St, Atlanta, GA 30301",Auriculares
AAA Batteries (4-pack),2,2.99,2022-02-25,"224 Lincoln St, Atlanta, GA 30301",Pilas
20in Monitor,1,109.99,2022-02-26,"974 West St, New York City, NY 10001",Monitores
Lightning Charging Cable,1,14.95,2022-02-16,"838 11th St, Boston, MA 02215",Cargadores
Bose SoundSport Headphones,2,99.99,2022-02-20,"598 Pine St, San Francisco, CA 94016",Auriculares
Lightning Charging Cable,1,14.95,2022-02-24,"346 Park St, Los Angeles, CA 90001",Cargadores
Bose SoundSport Headphones,1,99.99,2022-02-20,"344 Spruce St, San Francisco, CA 94016",Auriculares
Bose SoundSport Headphones,1,99.99,2022-02-14,"947 Jefferson St, San Francisco, CA 94016",Auriculares
USB-C Charging Cable,1,11.95,2022-02-18,"475 Jackson St, San Francisco, CA 94016",Cargadores
USB-C Charging Cable,1,11.95,2022-02-18,"475 Jackson St, San Francisco, CA 94016",Cargadores
Google Phone,1,600,2022-02-13,"959 Spruce St, Boston, MA 02215",Teléfonos
Google Phone,1,600,2022-02-13,"605 Wilson St, Seattle, WA 98101",Teléfonos
USB-C Charging Cable,1,11.95,2022-02-13,"605 Wilson St, Seattle, WA 98101",Cargadores
ThinkPad Laptop,1,999.99,2022-02-18,"528 Meadow St, New York City, NY 10001",Portátiles
Wired Headphones,1,11.99,2022-02-15,"18 Johnson St, Portland, OR 97035",Auriculares
Flatscreen TV,1,300,2022-02-28,"760 11th St, Atlanta, GA 30301",Televisores
Bose SoundSport Headphones,1,99.99,2022-02-23,"945 North St, New York City, NY 10001",Auriculares
Macbook Pro Laptop,1,1700,2022-02-24,"76 5th St, Atlanta, GA 30301",Portátiles
Lightning Charging Cable,1,14.95,2022-02-15,"541 Willow St, Los Angeles, CA 90001",Cargadores
AAA Batteries (4-pack),1,2.99,2022-02-19,"500 Center St, Boston, MA 02215",Pilas
AAA Batteries (4-pack),3,2.99,2022-02-14,"539 Johnson St, San Francisco, CA 94016",Pilas
Lightning Charging Cable,1,14.95,2022-02-14,"909 Maple St, New York City, NY 10001",Cargadores
AAA Batteries (4-pack),1,2.99,2022-02-26,"545 Jackson St, Boston, MA 02215",Pilas
AAA Batteries (4-pack),1,2.99,2022-02-25,"491 5th St, New York City, NY 10001",Pilas
Google Phone,1,600,2022-02-19,"869 Cherry St, Boston, MA 02215",Teléfonos
USB-C Charging Cable,1,11.95,2022-02-21,"767 Center St, Los Angeles, CA 90001",Cargadores
Bose SoundSport Headphones,1,99.99,2022-02-13,"676 North St, Los Angeles, CA 90001",Auriculares
27in 4K Gaming Monitor,1,389.99,2022-02-21,"196 River St, Portland, ME 04101",Monitores
Macbook Pro Laptop,1,1700,2022-02-19,"975 Forest St, San Francisco, CA 94016",Portátiles
27in FHD Monitor,1,149.99,2022-02-28,"981 Lake St, Seattle, WA 98101",Monitores
Apple Airpods Headphones,1,150,2022-02-25,"3 Lincoln St, Boston, MA 02215",Auriculares
iPhone,1,700,2022-02-25,"262 River St, Dallas, TX 75001",Teléfonos
27in 4K Gaming Monitor,1,389.99,2022-02-17,"675 Walnut St, San Francisco, CA 94016",Monitores
Lightning Charging Cable,1,14.95,2022-02-22,"42 Spruce St, Boston, MA 02215",Cargadores
AAA Batteries (4-pack),2,2.99,2022-02-20,"285 Pine St, San Francisco, CA 94016",Pilas
27in 4K Gaming Monitor,1,389.99,2022-02-20,"300 Spruce St, San Francisco, CA 94016",Monitores
Apple Airpods Headphones,1,150,2022-02-16,"980 Ridge St, San Francisco, CA 94016",Auriculares
Wired Headphones,1,11.99,2022-02-18,"811 Chestnut St, Seattle, WA 98101",Auriculares
USB-C Charging Cable,1,11.95,2022-02-18,"867 1st St, New York City, NY 10001",Cargadores
34in Ultrawide Monitor,1,379.99,2022-02-22,"100 Ridge St, Austin, TX 73301",Monitores
Google Phone,1,600,2022-02-17,"937 Ridge St, Seattle, WA 98101",Teléfonos
iPhone,1,700,2022-02-17,"937 Ridge St, Seattle, WA 98101",Teléfonos
Wired Headphones,1,11.99,2022-02-25,"187 Church St, Portland, OR 97035",Auriculares
Wired Headphones,1,11.99,2022-02-24,"374 Johnson St, Austin, TX 73301",Auriculares
Wired Headphones,1,11.99,2022-02-24,"333 Spruce St, San Francisco, CA 94016",Auriculares
Google Phone,1,600,2022-02-18,"566 Lincoln St, San Francisco, CA 94016",Teléfonos
AAA Batteries (4-pack),4,2.99,2022-02-27,"469 Meadow St, Seattle, WA 98101",Pilas
iPhone,1,700,2022-02-24,"495 Cedar St, Dallas, TX 75001",Teléfonos
ThinkPad Laptop,1,999.99,2022-02-18,"109 Jefferson St, Boston, MA 02215",Portátiles
Apple Airpods Headphones,1,150,2022-02-19,"143 Johnson St, Los Angeles, CA 90001",Auriculares
Wired Headphones,1,11.99,2022-02-26,"190 2nd St, San Francisco, CA 94016",Auriculares
Apple Airpods Headphones,1,150,2022-02-17,"144 12th St, San Francisco, CA 94016",Auriculares
USB-C Charging Cable,1,11.95,2022-02-19,"28 Jefferson St, Boston, MA 02215",Cargadores
AAA Batteries (4-pack),2,2.99,2022-02-18,"486 Main St, San Francisco, CA 94016",Pilas
USB-C Charging Cable,1,11.95,2022-02-22,"692 Willow St, Boston, MA 02215",Cargadores
AA Batteries (4-pack),1,3.84,2022-02-18,"639 Main St, San Francisco, CA 94016",Pilas
AAA Batteries (4-pack),1,2.99,2022-02-22,"366 Park St, Atlanta, GA 30301",Pilas
Bose SoundSport Headphones,1,99.99,2022-02-26,"552 Wilson St, San Francisco, CA 94016",Auriculares
Bose SoundSport Headphones,1,99.99,2022-02-28,"68 12th St, Boston, MA 02215",Auriculares
27in 4K Gaming Monitor,1,389.99,2022-02-24,"136 Chestnut St, Seattle, WA 98101",Monitores
Wired Headphones,1,11.99,2022-02-26,"947 Dogwood St, New York City, NY 10001",Auriculares
Apple Airpods Headphones,1,150,2022-02-15,"228 West St, Los Angeles, CA 90001",Auriculares
AAA Batteries (4-pack),1,2.99,2022-02-19,"102 Lake St, Seattle, WA 98101",Pilas
Bose SoundSport Headphones,1,99.99,2022-02-28,"757 West St, New York City, NY 10001",Auriculares
AAA Batteries (4-pack),1,2.99,2022-02-28,"782 Madison St, Seattle, WA 98101",Pilas
AAA Batteries (4-pack),1,2.99,2022-02-13,"903 5th St, Portland, OR 97035",Pilas
AA Batteries (4-pack),1,3.84,2022-02-28,"758 11th St, Los Angeles, CA 90001",Pilas
Lightning Charging Cable,1,14.95,2022-02-17,"524 10th St, Dallas, TX 75001",Cargadores
27in FHD Monitor,1,149.99,2022-02-19,"191 Spruce St, New York City, NY 10001",Monitores
ThinkPad Laptop,1,999.99,2022-02-16,"284 Church St, San Francisco, CA 94016",Portátiles
Bose SoundSport Headphones,1,99.99,2022-02-25,"65 2nd St, Boston, MA 02215",Auriculares
Wired Headphones,1,11.99,2022-02-24,"763 Dogwood St, New York City, NY 10001",Auriculares
Google Phone,1,600,2022-02-23,"126 Johnson St, San Francisco, CA 94016",Teléfonos
USB-C Charging Cable,1,11.95,2022-02-23,"126 Johnson St, San Francisco, CA 94016",Cargadores
Apple Airpods Headphones,1,150,2022-02-26,"146 Forest St, Dallas, TX 75001",Auriculares
Vareebadd Phone,1,400,2022-02-26,"256 6th St, Boston, MA 02215",Teléfonos
USB-C Charging Cable,1,11.95,2022-02-26,"256 6th St, Boston, MA 02215",Cargadores
Bose SoundSport Headphones,1,99.99,2022-02-26,"256 6th St, Boston, MA 02215",Auriculares
AAA Batteries (4-pack),2,2.99,2022-02-23,"433 Elm St, Los Angeles, CA 90001",Pilas
USB-C Charging Cable,1,11.95,2022-02-21,"70 Highland St, Los Angeles, CA 90001",Cargadores
AA Batteries (4-pack),1,3.84,2022-02-24,"266 Center St, New York City, NY 10001",Pilas
Macbook Pro Laptop,1,1700,2022-02-21,"497 Forest St, New York City, NY 10001",Portátiles
34in Ultrawide Monitor,1,379.99,2022-02-13,"966 Jefferson St, New York City, NY 10001",Monitores
Apple Airpods Headphones,1,150,2022-02-14,"383 Lincoln St, San Francisco, CA 94016",Auriculares
Bose SoundSport Headphones,1,99.99,2022-02-15,"744 Hickory St, Atlanta, GA 30301",Auriculares
AA Batteries (4-pack),1,3.84,2022-02-19,"297 Forest St, Portland, OR 97035",Pilas
AAA Batteries (4-pack),2,2.99,2022-02-14,"272 Hickory St, San Francisco, CA 94016",Pilas
USB-C Charging Cable,1,11.95,2022-02-17,"148 Main St, San Francisco, CA 94016",Cargadores
AA Batteries (4-pack),2,3.84,2022-02-23,"326 Washington St, Los Angeles, CA 90001",Pilas
Bose SoundSport Headphones,1,99.99,2022-02-28,"473 Johnson St, Atlanta, GA 30301",Auriculares
USB-C Charging Cable,2,11.95,2022-02-19,"259 Wilson St, Los Angeles, CA 90001",Cargadores
27in 4K Gaming Monitor,1,389.99,2022-02-17,"289 11th St, New York City, NY 10001",Monitores
USB-C Charging Cable,1,11.95,2022-02-14,"598 Pine St, San Francisco, CA 94016",Cargadores
AAA Batteries (4-pack),1,2.99,2022-02-24,"802 Johnson St, San Francisco, CA 94016",Pilas
27in 4K Gaming Monitor,1,389.99,2022-02-28,"553 7th St, San Francisco, CA 94016",Monitores
27in FHD Monitor,1,149.99,2022-02-17,"833 Highland St, Atlanta, GA 30301",Monitores
Google Phone,1,600,2022-02-26,"173 Lakeview St, San Francisco, CA 94016",Teléfonos
27in 4K Gaming Monitor,1,389.99,2022-02-14,"187 Cedar St, Boston, MA 02215",Monitores
Apple Airpods Headphones,1,150,2022-02-18,"267 9th St, Portland, OR 97035",Auriculares
Apple Airpods Headphones,1,150,2022-02-21,"802 South St, New York City, NY 10001",Auriculares
Lightning Charging Cable,1,14.95,2022-02-17,"846 4th St, Dallas, TX 75001",Cargadores
USB-C Charging Cable,1,11.95,2022-02-28,"151 Walnut St, Atlanta, GA 30301",Cargadores
Lightning Charging Cable,2,14.95,2022-02-18,"835 Maple St, San Francisco, CA 94016",Cargadores
Macbook Pro Laptop,1,1700,2022-02-15,"157 Forest St, San Francisco, CA 94016",Portátiles
34in Ultrawide Monitor,1,379.99,2022-02-26,"992 Adams St, Atlanta, GA 30301",Monitores
AAA Batteries (4-pack),2,2.99,2022-02-26,"992 Adams St, Atlanta, GA 30301",Pilas
Lightning Charging Cable,1,14.95,2022-02-22,"878 Jefferson St, New York City, NY 10001",Cargadores
Lightning Charging Cable,1,14.95,2022-02-14,"970 North St, San Francisco, CA 94016",Cargadores
USB-C Charging Cable,1,11.95,2022-02-15,"314 Elm St, Portland, OR 97035",Cargadores
Bose SoundSport Headphones,1,99.99,2022-02-25,"716 Forest St, San Francisco, CA 94016",Auriculares
Wired Headphones,1,11.99,2022-02-16,"190 Adams St, San Francisco, CA 94016",Auriculares
USB-C Charging Cable,1,11.95,2022-02-21,"970 13th St, Austin, TX 73301",Cargadores
USB-C Charging Cable,1,11.95,2022-02-25,"533 Lakeview St, San Francisco, CA 94016",Cargadores
USB-C Charging Cable,1,11.95,2022-02-27,"640 6th St, Portland, OR 97035",Cargadores
AAA Batteries (4-pack),1,2.99,2022-02-18,"784 Dogwood St, Dallas, TX 75001",Pilas
Google Phone,1,600,2022-02-24,"897 8th St, Portland, OR 97035",Teléfonos
34in Ultrawide Monitor,1,379.99,2022-02-27,"459 Sunset St, Boston, MA 02215",Monitores
Wired Headphones,1,11.99,2022-02-23,"604 13th St, New York City, NY 10001",Auriculares
34in Ultrawide Monitor,1,379.99,2022-02-22,"879 Hickory St, New York City, NY 10001",Monitores
USB-C Charging Cable,1,11.95,2022-02-18,"359 Park St, Dallas, TX 75001",Cargadores
iPhone,1,700,2022-02-16,"938 Highland St, Dallas, TX 75001",Teléfonos
Wired Headphones,1,11.99,2022-02-24,"106 Maple St, Portland, ME 04101",Auriculares
27in FHD Monitor,1,149.99,2022-02-13,"846 8th St, Dallas, TX 75001",Monitores
AA Batteries (4-pack),1,3.84,2022-02-14,"774 14th St, San Francisco, CA 94016",Pilas
Lightning Charging Cable,1,14.95,2022-02-26,"653 Park St, Los Angeles, CA 90001",Cargadores
34in Ultrawide Monitor,1,379.99,2022-02-14,"642 Jackson St, Los Angeles, CA 90001",Monitores
Lightning Charging Cable,1,14.95,2022-02-14,"862 Dogwood St, Boston, MA 02215",Cargadores
USB-C Charging Cable,1,11.95,2022-02-17,"750 Ridge St, San Francisco, CA 94016",Cargadores
AAA Batteries (4-pack),1,2.99,2022-02-23,"236 South St, New York City, NY 10001",Pilas
Apple Airpods Headphones,1,150,2022-02-24,"15 Adams St, Los Angeles, CA 90001",Auriculares
AAA Batteries (4-pack),3,2.99,2022-02-24,"15 Adams St, Los Angeles, CA 90001",Pilas
AAA Batteries (4-pack),1,2.99,2022-02-24,"989 Madison St, Austin, TX 73301",Pilas
USB-C Charging Cable,1,11.95,2022-02-28,"696 Washington St, San Francisco, CA 94016",Cargadores
Wired Headphones,1,11.99,2022-02-19,"281 West St, Seattle, WA 98101",Auriculares
Lightning Charging Cable,1,14.95,2022-02-20,"663 Elm St, New York City, NY 10001",Cargadores
Wired Headphones,1,11.99,2022-02-14,"633 Forest St, Boston, MA 02215",Auriculares
AA Batteries (4-pack),1,3.84,2022-02-15,"539 1st St, New York City, NY 10001",Pilas
Macbook Pro Laptop,1,1700,2022-02-21,"544 Lincoln St, Austin, TX 73301",Portátiles
AAA Batteries (4-pack),1,2.99,2022-02-20,"137 Spruce St, Boston, MA 02215",Pilas
27in 4K Gaming Monitor,1,389.99,2022-02-14,"660 Center St, Atlanta, GA 30301",Monitores
AA Batteries (4-pack),1,3.84,2022-02-28,"128 Willow St, Los Angeles, CA 90001",Pilas
ThinkPad Laptop,1,999.99,2022-02-25,"241 8th St, New York City, NY 10001",Portátiles
AA Batteries (4-pack),2,3.84,2022-02-23,"775 Maple St, New York City, NY 10001",Pilas
Bose SoundSport Headphones,1,99.99,2022-02-16,"545 Hickory St, Portland, OR 97035",Auriculares
iPhone,1,700,2022-02-19,"346 8th St, Atlanta, GA 30301",Teléfonos
20in Monitor,1,109.99,2022-02-23,"611 Meadow St, San Francisco, CA 94016",Monitores
AAA Batteries (4-pack),1,2.99,2022-02-19,"787 West St, Seattle, WA 98101",Pilas
Lightning Charging Cable,1,14.95,2022-02-15,"294 Highland St, New York City, NY 10001",Cargadores
27in 4K Gaming Monitor,1,389.99,2022-02-23,"682 9th St, Portland, OR 97035",Monitores
Apple Airpods Headphones,1,150,2022-02-14,"917 Lake St, New York City, NY 10001",Auriculares
27in FHD Monitor,1,149.99,2022-02-14,"882 River St, Los Angeles, CA 90001",Monitores
Macbook Pro Laptop,1,1700,2022-02-22,"542 Church St, Seattle, WA 98101",Portátiles
Lightning Charging Cable,1,14.95,2022-02-25,"224 North St, San Francisco, CA 94016",Cargadores
Vareebadd Phone,1,400,2022-02-25,"638 Spruce St, San Francisco, CA 94016",Teléfonos
iPhone,1,700,2022-02-28,"62 Lincoln St, San Francisco, CA 94016",Teléfonos
Flatscreen TV,1,300,2022-02-23,"338 Park St, Dallas, TX 75001",Televisores
AA Batteries (4-pack),1,3.84,2022-02-20,"700 Walnut St, Los Angeles, CA 90001",Pilas
AAA Batteries (4-pack),1,2.99,2022-02-14,"5 Johnson St, San Francisco, CA 94016",Pilas
Bose SoundSport Headphones,1,99.99,2022-02-20,"837 Dogwood St, Los Angeles, CA 90001",Auriculares
iPhone,1,700,2022-02-21,"445 Walnut St, Dallas, TX 75001",Teléfonos
Lightning Charging Cable,1,14.95,2022-02-13,"604 Hill St, Austin, TX 73301",Cargadores
20in Monitor,1,109.99,2022-02-27,"483 Lake St, Los Angeles, CA 90001",Monitores
Bose SoundSport Headphones,1,99.99,2022-02-27,"702 1st St, New York City, NY 10001",Auriculares
Apple Airpods Headphones,1,150,2022-02-14,"779 Meadow St, San Francisco, CA 94016",Auriculares
Apple Airpods Headphones,1,150,2022-02-22,"365 Elm St, New York City, NY 10001",Auriculares
Flatscreen TV,1,300,2022-02-18,"161 11th St, New York City, NY 10001",Televisores
Wired Headphones,1,11.99,2022-02-18,"926 4th St, San Francisco, CA 94016",Auriculares
Flatscreen TV,1,300,2022-02-19,"860 Jefferson St, San Francisco, CA 94016",Televisores
Bose SoundSport Headphones,1,99.99,2022-02-22,"164 Sunset St, Atlanta, GA 30301",Auriculares
Apple Airpods Headphones,1,150,2022-02-24,"511 1st St, Portland, OR 97035",Auriculares
Lightning Charging Cable,1,14.95,2022-02-25,"96 Hickory St, Austin, TX 73301",Cargadores
AA Batteries (4-pack),1,3.84,2022-02-14,"212 Lakeview St, Boston, MA 02215",Pilas
34in Ultrawide Monitor,1,379.99,2022-02-24,"975 Sunset St, New York City, NY 10001",Monitores
USB-C Charging Cable,1,11.95,2022-02-20,"274 Park St, Dallas, TX 75001",Cargadores
34in Ultrawide Monitor,1,379.99,2022-02-21,"148 Spruce St, San Francisco, CA 94016",Monitores
Macbook Pro Laptop,1,1700,2022-02-27,"191 Highland St, New York City, NY 10001",Portátiles
iPhone,1,700,2022-02-28,"946 14th St, Austin, TX 73301",Teléfonos
Wired Headphones,1,11.99,2022-02-28,"946 14th St, Austin, TX 73301",Auriculares
AAA Batteries (4-pack),1,2.99,2022-02-21,"552 Church St, Austin, TX 73301",Pilas
Wired Headphones,1,11.99,2022-02-21,"841 4th St, San Francisco, CA 94016",Auriculares
Wired Headphones,1,11.99,2022-02-27,"110 Chestnut St, Dallas, TX 75001",Auriculares
AA Batteries (4-pack),1,3.84,2022-02-26,"177 Jefferson St, San Francisco, CA 94016",Pilas
AA Batteries (4-pack),1,3.84,2022-02-19,"508 Elm St, Los Angeles, CA 90001",Pilas
Lightning Charging Cable,1,14.95,2022-02-27,"944 Ridge St, Austin, TX 73301",Cargadores
AAA Batteries (4-pack),3,2.99,2022-02-25,"992 Meadow St, New York City, NY 10001",Pilas
Wired Headphones,1,11.99,2022-02-24,"528 Dogwood St, Los Angeles, CA 90001",Auriculares
27in FHD Monitor,1,149.99,2022-02-21,"494 Forest St, Boston, MA 02215",Monitores
AAA Batteries (4-pack),1,2.99,2022-02-18,"615 14th St, Los Angeles, CA 90001",Pilas
27in FHD Monitor,1,149.99,2022-02-15,"202 Cherry St, Los Angeles, CA 90001",Monitores
Flatscreen TV,1,300,2022-02-21,"580 11th St, New York City, NY 10001",Televisores
Flatscreen TV,1,300,2022-02-17,"999 Adams St, Dallas, TX 75001",Televisores
ThinkPad Laptop,1,999.99,2022-02-22,"573 Adams St, Seattle, WA 98101",Portátiles
Wired Headphones,1,11.99,2022-02-18,"246 Sunset St, San Francisco, CA 94016",Auriculares
Lightning Charging Cable,1,14.95,2022-02-16,"25 Wilson St, Atlanta, GA 30301",Cargadores
Flatscreen TV,1,300,2022-02-27,"264 Cedar St, San Francisco, CA 94016",Televisores
AA Batteries (4-pack),3,3.84,2022-02-22,"362 Chestnut St, Boston, MA 02215",Pilas
Lightning Charging Cable,1,14.95,2022-02-16,"741 Center St, Atlanta, GA 30301",Cargadores
20in Monitor,1,109.99,2022-02-28,"480 Chestnut St, New York City, NY 10001",Monitores
USB-C Charging Cable,1,11.95,2022-02-22,"559 Main St, Boston, MA 02215",Cargadores
34in Ultrawide Monitor,1,379.99,2022-02-18,"493 Sunset St, Austin, TX 73301",Monitores
AAA Batteries (4-pack),1,2.99,2022-02-23,"642 8th St, New York City, NY 10001",Pilas
ThinkPad Laptop,1,999.99,2022-02-27,"654 Center St, Los Angeles, CA 90001",Portátiles
34in Ultrawide Monitor,1,379.99,2022-02-15,"613 11th St, New York City, NY 10001",Monitores
Lightning Charging Cable,1,14.95,2022-02-16,"780 Willow St, Los Angeles, CA 90001",Cargadores
AA Batteries (4-pack),2,3.84,2022-02-16,"295 8th St, Los Angeles, CA 90001",Pilas
AAA Batteries (4-pack),1,2.99,2022-02-22,"636 Center St, New York City, NY 10001",Pilas
Apple Airpods Headphones,1,150,2022-02-13,"868 6th St, Los Angeles, CA 90001",Auriculares
AAA Batteries (4-pack),4,2.99,2022-02-15,"172 4th St, Seattle, WA 98101",Pilas
Wired Headphones,1,11.99,2022-02-16,"573 Cedar St, New York City, NY 10001",Auriculares
Bose SoundSport Headphones,1,99.99,2022-02-15,"164 12th St, Boston, MA 02215",Auriculares
USB-C Charging Cable,1,11.95,2022-02-25,"784 South St, New York City, NY 10001",Cargadores
Apple Airpods Headphones,1,150,2022-02-17,"443 14th St, New York City, NY 10001",Auriculares
Wired Headphones,1,11.99,2022-02-18,"994 Hickory St, New York City, NY 10001",Auriculares
20in Monitor,1,109.99,2022-02-16,"613 Hickory St, Atlanta, GA 30301",Monitores
Flatscreen TV,1,300,2022-02-27,"290 Wilson St, Atlanta, GA 30301",Televisores
USB-C Charging Cable,1,11.95,2022-02-22,"864 7th St, Los Angeles, CA 90001",Cargadores
Lightning Charging Cable,1,14.95,2022-02-24,"46 Ridge St, Austin, TX 73301",Cargadores
Apple Airpods Headphones,1,150,2022-02-23,"240 1st St, San Francisco, CA 94016",Auriculares
AAA Batteries (4-pack),1,2.99,2022-02-23,"240 1st St, San Francisco, CA 94016",Pilas
34in Ultrawide Monitor,1,379.99,2022-02-21,"672 Lincoln St, Dallas, TX 75001",Monitores
AA Batteries (4-pack),1,3.84,2022-02-17,"118 Cherry St, Los Angeles, CA 90001",Pilas
Bose SoundSport Headphones,1,99.99,2022-02-18,"847 River St, Boston, MA 02215",Auriculares
USB-C Charging Cable,1,11.95,2022-02-21,"974 6th St, Seattle, WA 98101",Cargadores
AAA Batteries (4-pack),1,2.99,2022-02-26,"778 Lincoln St, Los Angeles, CA 90001",Pilas
Lightning Charging Cable,1,14.95,2022-02-20,"243 Church St, New York City, NY 10001",Cargadores
AA Batteries (4-pack),1,3.84,2022-02-17,"594 Cherry St, San Francisco, CA 94016",Pilas
ThinkPad Laptop,1,999.99,2022-02-13,"837 1st St, Los Angeles, CA 90001",Portátiles
AAA Batteries (4-pack),1,2.99,2022-02-27,"910 7th St, Seattle, WA 98101",Pilas
27in 4K Gaming Monitor,1,389.99,2022-02-27,"910 7th St, Seattle, WA 98101",Monitores
Bose SoundSport Headphones,1,99.99,2022-02-26,"147 Hill St, San Francisco, CA 94016",Auriculares
34in Ultrawide Monitor,1,379.99,2022-02-22,"785 Center St, Los Angeles, CA 90001",Monitores
Wired Headphones,1,11.99,2022-02-13,"587 Jackson St, San Francisco, CA 94016",Auriculares
USB-C Charging Cable,1,11.95,2022-02-19,"243 1st St, New York City, NY 10001",Cargadores
ThinkPad Laptop,1,999.99,2022-02-26,"741 11th St, New York City, NY 10001",Portátiles
Lightning Charging Cable,1,14.95,2022-02-14,"16 Elm St, San Francisco, CA 94016",Cargadores
AA Batteries (4-pack),1,3.84,2022-02-28,"291 Cherry St, Austin, TX 73301",Pilas
Flatscreen TV,1,300,2022-02-14,"191 Spruce St, San Francisco, CA 94016",Televisores
LG Washing Machine,1,600.0,2022-02-17,"790 Adams St, Portland, ME 04101",Electrodomésticos
Flatscreen TV,1,300,2022-02-26,"28 Hill St, Dallas, TX 75001",Televisores
27in 4K Gaming Monitor,1,389.99,2022-02-20,"586 Park St, Portland, OR 97035",Monitores
34in Ultrawide Monitor,1,379.99,2022-02-23,"324 Main St, Los Angeles, CA 90001",Monitores
Google Phone,1,600,2022-02-20,"895 13th St, San Francisco, CA 94016",Teléfonos
AA Batteries (4-pack),2,3.84,2022-02-16,"885 10th St, Atlanta, GA 30301",Pilas
AAA Batteries (4-pack),2,2.99,2022-02-26,"840 Jefferson St, Boston, MA 02215",Pilas
AAA Batteries (4-pack),1,2.99,2022-02-27,"268 Jefferson St, Austin, TX 73301",Pilas
AAA Batteries (4-pack),2,2.99,2022-02-28,"503 Willow St, New York City, NY 10001",Pilas
AAA Batteries (4-pack),3,2.99,2022-02-14,"31 Walnut St, Los Angeles, CA 90001",Pilas
Flatscreen TV,1,300,2022-02-13,"113 13th St, Austin, TX 73301",Televisores
AA Batteries (4-pack),1,3.84,2022-02-17,"885 Church St, Austin, TX 73301",Pilas
27in FHD Monitor,1,149.99,2022-02-15,"15 Meadow St, Los Angeles, CA 90001",Monitores
Wired Headphones,1,11.99,2022-02-15,"307 Dogwood St, Los Angeles, CA 90001",Auriculares
USB-C Charging Cable,1,11.95,2022-02-26,"810 Maple St, Seattle, WA 98101",Cargadores
iPhone,1,700,2022-02-16,"217 Lakeview St, Atlanta, GA 30301",Teléfonos
Bose SoundSport Headphones,1,99.99,2022-02-18,"892 Adams St, San Francisco, CA 94016",Auriculares
ThinkPad Laptop,1,999.99,2022-02-20,"716 Cedar St, San Francisco, CA 94016",Portátiles
USB-C Charging Cable,1,11.95,2022-02-17,"430 Maple St, Seattle, WA 98101",Cargadores
34in Ultrawide Monitor,1,379.99,2022-02-24,"2 Pine St, Boston, MA 02215",Monitores
Wired Headphones,1,11.99,2022-02-18,"851 River St, Los Angeles, CA 90001",Auriculares
Wired Headphones,1,11.99,2022-02-19,"631 13th St, New York City, NY 10001",Auriculares
AA Batteries (4-pack),1,3.84,2022-02-14,"208 14th St, Los Angeles, CA 90001",Pilas
AA Batteries (4-pack),1,3.84,2022-02-27,"660 Willow St, Atlanta, GA 30301",Pilas
Apple Airpods Headphones,1,150,2022-02-21,"923 Adams St, Portland, OR 97035",Auriculares
iPhone,1,700,2022-02-13,"596 West St, San Francisco, CA 94016",Teléfonos
Lightning Charging Cable,1,14.95,2022-02-13,"596 West St, San Francisco, CA 94016",Cargadores
Apple Airpods Headphones,1,150,2022-02-13,"596 West St, San Francisco, CA 94016",Auriculares
Lightning Charging Cable,1,14.95,2022-02-13,"342 Walnut St, San Francisco, CA 94016",Cargadores
Bose SoundSport Headphones,1,99.99,2022-02-13,"305 14th St, San Francisco, CA 94016",Auriculares
Flatscreen TV,1,300,2022-02-27,"619 Lincoln St, Los Angeles, CA 90001",Televisores
20in Monitor,1,109.99,2022-02-18,"79 2nd St, Portland, ME 04101",Monitores
AA Batteries (4-pack),1,3.84,2022-02-14,"454 6th St, New York City, NY 10001",Pilas
Wired Headphones,1,11.99,2022-02-20,"3 11th St, San Francisco, CA 94016",Auriculares
Macbook Pro Laptop,1,1700,2022-02-24,"705 Spruce St, Los Angeles, CA 90001",Portátiles
27in FHD Monitor,1,149.99,2022-02-21,"40 Cherry St, Boston, MA 02215",Monitores
USB-C Charging Cable,1,11.95,2022-02-15,"684 2nd St, New York City, NY 10001",Cargadores
AA Batteries (4-pack),1,3.84,2022-02-25,"579 Cherry St, Boston, MA 02215",Pilas
Lightning Charging Cable,1,14.95,2022-02-22,"671 Wilson St, Portland, OR 97035",Cargadores
27in FHD Monitor,1,149.99,2022-02-23,"140 8th St, Los Angeles, CA 90001",Monitores
Flatscreen TV,1,300,2022-02-15,"595 9th St, Boston, MA 02215",Televisores
Bose SoundSport Headphones,1,99.99,2022-02-13,"265 4th St, Dallas, TX 75001",Auriculares
USB-C Charging Cable,1,11.95,2022-02-22,"400 West St, Los Angeles, CA 90001",Cargadores
AA Batteries (4-pack),1,3.84,2022-02-20,"935 Forest St, Atlanta, GA 30301",Pilas
27in 4K Gaming Monitor,1,389.99,2022-02-25,"412 Chestnut St, Atlanta, GA 30301",Monitores
AA Batteries (4-pack),1,3.84,2022-02-16,"701 5th St, Los Angeles, CA 90001",Pilas
AA Batteries (4-pack),2,3.84,2022-02-17,"385 Adams St, San Francisco, CA 94016",Pilas
Bose SoundSport Headphones,1,99.99,2022-02-14,"499 11th St, Portland, OR 97035",Auriculares
Lightning Charging Cable,1,14.95,2022-02-14,"452 Walnut St, Los Angeles, CA 90001",Cargadores
Lightning Charging Cable,1,14.95,2022-02-19,"613 5th St, Los Angeles, CA 90001",Cargadores
Lightning Charging Cable,1,14.95,2022-02-15,"523 Johnson St, Portland, OR 97035",Cargadores
Macbook Pro Laptop,1,1700,2022-02-22,"579 Sunset St, San Francisco, CA 94016",Portátiles
Lightning Charging Cable,1,14.95,2022-02-24,"731 Spruce St, Atlanta, GA 30301",Cargadores
AAA Batteries (4-pack),1,2.99,2022-02-19,"370 Sunset St, Boston, MA 02215",Pilas
AAA Batteries (4-pack),2,2.99,2022-02-19,"178 Adams St, Boston, MA 02215",Pilas
Lightning Charging Cable,1,14.95,2022-02-25,"245 Main St, Los Angeles, CA 90001",Cargadores
AA Batteries (4-pack),1,3.84,2022-02-22,"852 Pine St, Seattle, WA 98101",Pilas
AAA Batteries (4-pack),1,2.99,2022-02-17,"224 Spruce St, New York City, NY 10001",Pilas
AAA Batteries (4-pack),1,2.99,2022-02-18,"152 Cedar St, San Francisco, CA 94016",Pilas
Wired Headphones,1,11.99,2022-02-25,"497 Main St, San Francisco, CA 94016",Auriculares
Wired Headphones,1,11.99,2022-02-17,"899 9th St, Portland, OR 97035",Auriculares
AAA Batteries (4-pack),1,2.99,2022-02-25,"770 Walnut St, San Francisco, CA 94016",Pilas
AA Batteries (4-pack),1,3.84,2022-02-25,"997 Cherry St, Los Angeles, CA 90001",Pilas
27in 4K Gaming Monitor,1,389.99,2022-02-14,"378 Church St, Austin, TX 73301",Monitores
AAA Batteries (4-pack),1,2.99,2022-02-14,"338 Park St, Seattle, WA 98101",Pilas
AAA Batteries (4-pack),2,2.99,2022-02-28,"321 Lincoln St, Atlanta, GA 30301",Pilas
Apple Airpods Headphones,1,150,2022-02-26,"546 Cherry St, Seattle, WA 98101",Auriculares
Lightning Charging Cable,1,14.95,2022-02-18,"178 Jackson St, Portland, ME 04101",Cargadores
Lightning Charging Cable,1,14.95,2022-02-17,"864 Lake St, Portland, OR 97035",Cargadores
Apple Airpods Headphones,1,150,2022-02-17,"864 Lake St, Portland, OR 97035",Auriculares
27in FHD Monitor,1,149.99,2022-02-28,"616 Sunset St, Austin, TX 73301",Monitores
Macbook Pro Laptop,1,1700,2022-02-26,"634 6th St, Los Angeles, CA 90001",Portátiles
Flatscreen TV,1,300,2022-02-25,"994 12th St, Austin, TX 73301",Televisores
ThinkPad Laptop,1,999.99,2022-02-15,"48 South St, New York City, NY 10001",Portátiles
iPhone,1,700,2022-02-17,"669 West St, Austin, TX 73301",Teléfonos
27in 4K Gaming Monitor,1,389.99,2022-02-18,"339 7th St, Los Angeles, CA 90001",Monitores
AAA Batteries (4-pack),1,2.99,2022-02-19,"70 Church St, Dallas, TX 75001",Pilas
Wired Headphones,1,11.99,2022-02-18,"961 10th St, Los Angeles, CA 90001",Auriculares
Macbook Pro Laptop,1,1700,2022-02-22,"24 Highland St, Portland, OR 97035",Portátiles
Lightning Charging Cable,1,14.95,2022-02-15,"66 South St, Seattle, WA 98101",Cargadores
Wired Headphones,1,11.99,2022-02-18,"45 Elm St, Dallas, TX 75001",Auriculares
Bose SoundSport Headphones,1,99.99,2022-02-25,"358 Sunset St, San Francisco, CA 94016",Auriculares
AA Batteries (4-pack),4,3.84,2022-02-17,"847 Center St, Portland, OR 97035",Pilas
Lightning Charging Cable,1,14.95,2022-02-24,"564 Jackson St, San Francisco, CA 94016",Cargadores
USB-C Charging Cable,1,11.95,2022-02-19,"296 8th St, Portland, OR 97035",Cargadores
AA Batteries (4-pack),2,3.84,2022-02-28,"6 Park St, New York City, NY 10001",Pilas
Apple Airpods Headphones,1,150,2022-02-23,"552 Center St, New York City, NY 10001",Auriculares
AA Batteries (4-pack),1,3.84,2022-02-18,"863 6th St, Austin, TX 73301",Pilas
USB-C Charging Cable,2,11.95,2022-02-16,"327 9th St, Portland, ME 04101",Cargadores
AA Batteries (4-pack),1,3.84,2022-02-25,"973 South St, San Francisco, CA 94016",Pilas
ThinkPad Laptop,1,999.99,2022-02-20,"530 9th St, San Francisco, CA 94016",Portátiles
Wired Headphones,1,11.99,2022-02-22,"579 7th St, Seattle, WA 98101",Auriculares
USB-C Charging Cable,1,11.95,2022-02-24,"503 Willow St, Seattle, WA 98101",Cargadores
USB-C Charging Cable,1,11.95,2022-02-19,"668 6th St, Dallas, TX 75001",Cargadores
Lightning Charging Cable,2,14.95,2022-02-23,"244 Madison St, San Francisco, CA 94016",Cargadores
USB-C Charging Cable,1,11.95,2022-02-28,"370 Hill St, Boston, MA 02215",Cargadores
Macbook Pro Laptop,1,1700,2022-02-22,"971 Wilson St, Los Angeles, CA 90001",Portátiles
Google Phone,1,600,2022-02-20,"203 Highland St, Austin, TX 73301",Teléfonos
Bose SoundSport Headphones,1,99.99,2022-02-21,"85 Meadow St, Boston, MA 02215",Auriculares
USB-C Charging Cable,1,11.95,2022-02-18,"835 Center St, San Francisco, CA 94016",Cargadores
USB-C Charging Cable,1,11.95,2022-02-15,"582 Chestnut St, New York City, NY 10001",Cargadores
AAA Batteries (4-pack),2,2.99,2022-02-27,"962 Ridge St, San Francisco, CA 94016",Pilas
27in 4K Gaming Monitor,1,389.99,2022-02-18,"345 Meadow St, Seattle, WA 98101",Monitores
AAA Batteries (4-pack),1,2.99,2022-02-24,"408 River St, Dallas, TX 75001",Pilas
AA Batteries (4-pack),1,3.84,2022-02-16,"294 Cherry St, Dallas, TX 75001",Pilas
AA Batteries (4-pack),1,3.84,2022-02-22,"643 Main St, New York City, NY 10001",Pilas
Wired Headphones,1,11.99,2022-02-17,"661 Sunset St, Los Angeles, CA 90001",Auriculares
34in Ultrawide Monitor,1,379.99,2022-02-13,"835 Johnson St, San Francisco, CA 94016",Monitores
Flatscreen TV,1,300,2022-02-21,"237 Sunset St, Seattle, WA 98101",Televisores
AAA Batteries (4-pack),2,2.99,2022-02-18,"700 Sunset St, Boston, MA 02215",Pilas
USB-C Charging Cable,1,11.95,2022-02-14,"725 1st St, Seattle, WA 98101",Cargadores
Apple Airpods Headphones,1,150,2022-02-20,"892 Chestnut St, Boston, MA 02215",Auriculares
AA Batteries (4-pack),1,3.84,2022-02-20,"892 Chestnut St, Boston, MA 02215",Pilas
AAA Batteries (4-pack),4,2.99,2022-02-28,"83 11th St, Atlanta, GA 30301",Pilas
Google Phone,1,600,2022-02-21,"998 Forest St, Atlanta, GA 30301",Teléfonos
Flatscreen TV,1,300,2022-02-20,"518 Spruce St, New York City, NY 10001",Televisores
Wired Headphones,1,11.99,2022-02-28,"563 Chestnut St, Boston, MA 02215",Auriculares
20in Monitor,1,109.99,2022-02-28,"71 Maple St, Los Angeles, CA 90001",Monitores
AA Batteries (4-pack),2,3.84,2022-02-13,"501 Park St, Seattle, WA 98101",Pilas
USB-C Charging Cable,1,11.95,2022-02-27,"18 West St, San Francisco, CA 94016",Cargadores
Wired Headphones,1,11.99,2022-02-24,"647 Cherry St, New York City, NY 10001",Auriculares
USB-C Charging Cable,1,11.95,2022-02-26,"608 Main St, New York City, NY 10001",Cargadores
AAA Batteries (4-pack),1,2.99,2022-02-25,"341 7th St, New York City, NY 10001",Pilas
AA Batteries (4-pack),2,3.84,2022-02-16,"595 South St, Los Angeles, CA 90001",Pilas
Apple Airpods Headphones,1,150,2022-02-24,"895 4th St, Atlanta, GA 30301",Auriculares
Lightning Charging Cable,2,14.95,2022-02-22,"406 9th St, New York City, NY 10001",Cargadores
USB-C Charging Cable,1,11.95,2022-02-26,"711 Hill St, San Francisco, CA 94016",Cargadores
AA Batteries (4-pack),1,3.84,2022-02-13,"180 Hickory St, Boston, MA 02215",Pilas
Bose SoundSport Headphones,1,99.99,2022-02-17,"497 Maple St, Atlanta, GA 30301",Auriculares
Apple Airpods Headphones,1,150,2022-02-24,"594 Hickory St, Portland, ME 04101",Auriculares
Lightning Charging Cable,1,14.95,2022-02-27,"768 Walnut St, Boston, MA 02215",Cargadores
Vareebadd Phone,1,400,2022-02-16,"363 Madison St, Atlanta, GA 30301",Teléfonos
USB-C Charging Cable,1,11.95,2022-02-16,"363 Madison St, Atlanta, GA 30301",Cargadores
Macbook Pro Laptop,1,1700,2022-02-21,"313 Hickory St, Portland, OR 97035",Portátiles
Apple Airpods Headphones,1,150,2022-02-25,"190 Lincoln St, Portland, OR 97035",Auriculares
AAA Batteries (4-pack),3,2.99,2022-02-19,"936 Hickory St, Dallas, TX 75001",Pilas
AA Batteries (4-pack),1,3.84,2022-02-17,"687 Sunset St, San Francisco, CA 94016",Pilas
Flatscreen TV,1,300,2022-02-20,"923 Chestnut St, Los Angeles, CA 90001",Televisores
Wired Headphones,2,11.99,2022-02-23,"304 2nd St, San Francisco, CA 94016",Auriculares
USB-C Charging Cable,1,11.95,2022-02-23,"957 Madison St, San Francisco, CA 94016",Cargadores
USB-C Charging Cable,1,11.95,2022-02-22,"183 Hill St, Dallas, TX 75001",Cargadores
Wired Headphones,1,11.99,2022-02-22,"165 Ridge St, Boston, MA 02215",Auriculares
AA Batteries (4-pack),2,3.84,2022-02-27,"83 12th St, Austin, TX 73301",Pilas
27in FHD Monitor,1,149.99,2022-02-17,"90 Lincoln St, Los Angeles, CA 90001",Monitores
Apple Airpods Headphones,1,150,2022-02-28,"411 9th St, Dallas, TX 75001",Auriculares
AA Batteries (4-pack),1,3.84,2022-02-16,"585 Lincoln St, Seattle, WA 98101",Pilas
AAA Batteries (4-pack),2,2.99,2022-02-17,"387 13th St, San Francisco, CA 94016",Pilas
USB-C Charging Cable,1,11.95,2022-02-27,"286 Meadow St, San Francisco, CA 94016",Cargadores
Bose SoundSport Headphones,1,99.99,2022-02-27,"655 11th St, Dallas, TX 75001",Auriculares
Macbook Pro Laptop,1,1700,2022-02-13,"328 Park St, Seattle, WA 98101",Portátiles
AA Batteries (4-pack),1,3.84,2022-02-20,"854 11th St, San Francisco, CA 94016",Pilas
USB-C Charging Cable,1,11.95,2022-02-19,"780 12th St, San Francisco, CA 94016",Cargadores
AAA Batteries (4-pack),1,2.99,2022-02-22,"243 6th St, San Francisco, CA 94016",Pilas
ThinkPad Laptop,1,999.99,2022-02-21,"668 Forest St, San Francisco, CA 94016",Portátiles
Google Phone,1,600,2022-02-24,"690 Jackson St, Boston, MA 02215",Teléfonos
Flatscreen TV,1,300,2022-02-26,"310 Meadow St, Seattle, WA 98101",Televisores
20in Monitor,1,109.99,2022-02-19,"508 8th St, Seattle, WA 98101",Monitores
USB-C Charging Cable,1,11.95,2022-02-21,"718 Hickory St, San Francisco, CA 94016",Cargadores
Lightning Charging Cable,1,14.95,2022-02-24,"513 Wilson St, Los Angeles, CA 90001",Cargadores
Apple Airpods Headphones,1,150,2022-02-16,"746 Forest St, Boston, MA 02215",Auriculares
USB-C Charging Cable,1,11.95,2022-02-21,"247 Meadow St, Los Angeles, CA 90001",Cargadores
AAA Batteries (4-pack),1,2.99,2022-02-18,"641 5th St, Boston, MA 02215",Pilas
Macbook Pro Laptop,1,1700,2022-02-26,"6 6th St, New York City, NY 10001",Portátiles
AAA Batteries (4-pack),2,2.99,2022-02-19,"679 1st St, San Francisco, CA 94016",Pilas
Lightning Charging Cable,1,14.95,2022-02-22,"579 Sunset St, Atlanta, GA 30301",Cargadores
Lightning Charging Cable,1,14.95,2022-02-21,"662 Highland St, San Francisco, CA 94016",Cargadores
ThinkPad Laptop,1,999.99,2022-02-18,"716 Hill St, San Francisco, CA 94016",Portátiles
Lightning Charging Cable,1,14.95,2022-02-26,"722 Cherry St, Austin, TX 73301",Cargadores
27in FHD Monitor,1,149.99,2022-02-16,"952 North St, San Francisco, CA 94016",Monitores
20in Monitor,1,109.99,2022-02-13,"665 13th St, Los Angeles, CA 90001",Monitores
AA Batteries (4-pack),4,3.84,2022-02-17,"631 12th St, New York City, NY 10001",Pilas
Wired Headphones,1,11.99,2022-02-25,"461 Hill St, New York City, NY 10001",Auriculares
Google Phone,1,600,2022-02-14,"972 Spruce St, Boston, MA 02215",Teléfonos
Lightning Charging Cable,1,14.95,2022-02-20,"672 Elm St, San Francisco, CA 94016",Cargadores
AA Batteries (4-pack),1,3.84,2022-02-22,"763 2nd St, Los Angeles, CA 90001",Pilas
34in Ultrawide Monitor,1,379.99,2022-02-18,"40 North St, San Francisco, CA 94016",Monitores
Wired Headphones,1,11.99,2022-02-26,"831 Lakeview St, New York City, NY 10001",Auriculares
Wired Headphones,1,11.99,2022-02-16,"727 North St, Atlanta, GA 30301",Auriculares
Lightning Charging Cable,1,14.95,2022-02-25,"584 Maple St, Atlanta, GA 30301",Cargadores
Wired Headphones,1,11.99,2022-02-28,"76 4th St, Boston, MA 02215",Auriculares
Apple Airpods Headphones,1,150,2022-02-25,"636 Hickory St, San Francisco, CA 94016",Auriculares
AA Batteries (4-pack),1,3.84,2022-02-14,"285 River St, Seattle, WA 98101",Pilas
AA Batteries (4-pack),1,3.84,2022-02-26,"256 Wilson St, New York City, NY 10001",Pilas
USB-C Charging Cable,1,11.95,2022-02-19,"999 13th St, San Francisco, CA 94016",Cargadores
Lightning Charging Cable,2,14.95,2022-02-20,"50 Center St, San Francisco, CA 94016",Cargadores
LG Dryer,1,600.0,2022-02-25,"303 Lake St, Los Angeles, CA 90001",Electrodomésticos
20in Monitor,1,109.99,2022-02-14,"594 Johnson St, Los Angeles, CA 90001",Monitores
AAA Batteries (4-pack),1,2.99,2022-02-20,"934 9th St, San Francisco, CA 94016",Pilas
AA Batteries (4-pack),2,3.84,2022-02-16,"254 Highland St, San Francisco, CA 94016",Pilas
27in 4K Gaming Monitor,1,389.99,2022-02-27,"67 12th St, San Francisco, CA 94016",Monitores
USB-C Charging Cable,1,11.95,2022-02-23,"43 7th St, Boston, MA 02215",Cargadores
20in Monitor,1,109.99,2022-02-25,"959 7th St, Austin, TX 73301",Monitores
Google Phone,1,600,2022-02-20,"816 13th St, Dallas, TX 75001",Teléfonos
ThinkPad Laptop,1,999.99,2022-02-27,"413 Ridge St, New York City, NY 10001",Portátiles
Lightning Charging Cable,1,14.95,2022-02-21,"134 Pine St, Los Angeles, CA 90001",Cargadores
Wired Headphones,1,11.99,2022-02-18,"963 River St, San Francisco, CA 94016",Auriculares
Flatscreen TV,1,300,2022-02-23,"314 Cherry St, New York City, NY 10001",Televisores
AAA Batteries (4-pack),1,2.99,2022-02-20,"954 Church St, Boston, MA 02215",Pilas
Wired Headphones,1,11.99,2022-02-13,"739 Jefferson St, Atlanta, GA 30301",Auriculares
AA Batteries (4-pack),1,3.84,2022-02-28,"132 Highland St, New York City, NY 10001",Pilas
Lightning Charging Cable,1,14.95,2022-02-15,"40 1st St, San Francisco, CA 94016",Cargadores
34in Ultrawide Monitor,1,379.99,2022-02-27,"884 Walnut St, New York City, NY 10001",Monitores
Lightning Charging Cable,1,14.95,2022-02-21,"51 Lake St, Dallas, TX 75001",Cargadores
AA Batteries (4-pack),1,3.84,2022-02-28,"959 South St, Boston, MA 02215",Pilas
Bose SoundSport Headphones,1,99.99,2022-02-20,"218 4th St, Boston, MA 02215",Auriculares
Lightning Charging Cable,1,14.95,2022-02-19,"356 Center St, Boston, MA 02215",Cargadores
Apple Airpods Headphones,1,150,2022-02-13,"85 6th St, San Francisco, CA 94016",Auriculares
Google Phone,1,600,2022-02-21,"115 14th St, Portland, OR 97035",Teléfonos
Apple Airpods Headphones,1,150,2022-02-26,"982 South St, Dallas, TX 75001",Auriculares
Apple Airpods Headphones,1,150,2022-02-20,"428 Willow St, San Francisco, CA 94016",Auriculares
AA Batteries (4-pack),1,3.84,2022-02-14,"625 6th St, Boston, MA 02215",Pilas
AAA Batteries (4-pack),1,2.99,2022-02-28,"862 Washington St, Boston, MA 02215",Pilas
iPhone,1,700,2022-02-28,"862 Washington St, Boston, MA 02215",Teléfonos
Lightning Charging Cable,1,14.95,2022-02-14,"842 Meadow St, San Francisco, CA 94016",Cargadores
Wired Headphones,1,11.99,2022-02-13,"478 Church St, San Francisco, CA 94016",Auriculares
27in 4K Gaming Monitor,1,389.99,2022-02-23,"921 9th St, Boston, MA 02215",Monitores
AAA Batteries (4-pack),1,2.99,2022-02-20,"283 West St, Portland, OR 97035",Pilas
Bose SoundSport Headphones,1,99.99,2022-02-16,"574 Sunset St, New York City, NY 10001",Auriculares
Lightning Charging Cable,1,14.95,2022-02-24,"243 13th St, San Francisco, CA 94016",Cargadores
USB-C Charging Cable,1,11.95,2022-02-18,"942 Lake St, Los Angeles, CA 90001",Cargadores
USB-C Charging Cable,1,11.95,2022-02-21,"857 Chestnut St, Dallas, TX 75001",Cargadores
Flatscreen TV,1,300,2022-02-26,"475 Highland St, Boston, MA 02215",Televisores
34in Ultrawide Monitor,1,379.99,2022-02-27,"264 Chestnut St, Austin, TX 73301",Monitores
Apple Airpods Headphones,1,150,2022-02-23,"449 West St, Seattle, WA 98101",Auriculares
Google Phone,1,600,2022-02-25,"283 Hickory St, Portland, OR 97035",Teléfonos
Bose SoundSport Headphones,1,99.99,2022-02-25,"283 Hickory St, Portland, OR 97035",Auriculares
27in 4K Gaming Monitor,1,389.99,2022-02-20,"642 Pine St, Portland, OR 97035",Monitores
20in Monitor,1,109.99,2022-02-14,"184 Center St, Dallas, TX 75001",Monitores
AA Batteries (4-pack),1,3.84,2022-02-24,"342 10th St, Portland, OR 97035",Pilas
34in Ultrawide Monitor,1,379.99,2022-02-22,"920 Cherry St, Portland, OR 97035",Monitores
USB-C Charging Cable,1,11.95,2022-02-13,"425 Park St, Los Angeles, CA 90001",Cargadores
AAA Batteries (4-pack),1,2.99,2022-02-15,"281 Willow St, San Francisco, CA 94016",Pilas
USB-C Charging Cable,1,11.95,2022-02-24,"411 Cedar St, San Francisco, CA 94016",Cargadores
AAA Batteries (4-pack),2,2.99,2022-02-14,"847 Church St, Dallas, TX 75001",Pilas
Apple Airpods Headphones,1,150,2022-02-14,"582 1st St, New York City, NY 10001",Auriculares
iPhone,1,700,2022-02-16,"816 Center St, Atlanta, GA 30301",Teléfonos
Apple Airpods Headphones,1,150,2022-02-16,"816 Center St, Atlanta, GA 30301",Auriculares
Google Phone,1,600,2022-02-13,"317 4th St, Boston, MA 02215",Teléfonos
USB-C Charging Cable,1,11.95,2022-02-13,"14 Elm St, New York City, NY 10001",Cargadores
Flatscreen TV,1,300,2022-02-15,"317 Elm St, Los Angeles, CA 90001",Televisores
Vareebadd Phone,1,400,2022-02-26,"647 Highland St, Boston, MA 02215",Teléfonos
Flatscreen TV,1,300,2022-02-25,"874 2nd St, San Francisco, CA 94016",Televisores
Bose SoundSport Headphones,1,99.99,2022-02-25,"255 Johnson St, Dallas, TX 75001",Auriculares
Bose SoundSport Headphones,1,99.99,2022-02-13,"896 North St, San Francisco, CA 94016",Auriculares
Bose SoundSport Headphones,1,99.99,2022-02-26,"751 South St, San Francisco, CA 94016",Auriculares
27in FHD Monitor,1,149.99,2022-02-26,"751 South St, San Francisco, CA 94016",Monitores
20in Monitor,1,109.99,2022-02-16,"526 14th St, New York City, NY 10001",Monitores
AAA Batteries (4-pack),2,2.99,2022-02-14,"394 Chestnut St, Portland, OR 97035",Pilas
Apple Airpods Headphones,1,150,2022-02-15,"897 Jefferson St, Los Angeles, CA 90001",Auriculares
Bose SoundSport Headphones,1,99.99,2022-02-18,"413 11th St, San Francisco, CA 94016",Auriculares
Bose SoundSport Headphones,1,99.99,2022-02-20,"278 Dogwood St, San Francisco, CA 94016",Auriculares
Apple Airpods Headphones,1,150,2022-02-22,"105 Pine St, Portland, ME 04101",Auriculares
Bose SoundSport Headphones,1,99.99,2022-02-14,"802 Hill St, Los Angeles, CA 90001",Auriculares
27in FHD Monitor,1,149.99,2022-02-28,"967 Forest St, Atlanta, GA 30301",Monitores
Apple Airpods Headphones,1,150,2022-02-14,"477 9th St, New York City, NY 10001",Auriculares
Lightning Charging Cable,1,14.95,2022-02-25,"329 Madison St, Los Angeles, CA 90001",Cargadores
ThinkPad Laptop,1,999.99,2022-02-13,"283 13th St, Los Angeles, CA 90001",Portátiles
Macbook Pro Laptop,1,1700,2022-02-27,"676 Hill St, Austin, TX 73301",Portátiles
Lightning Charging Cable,1,14.95,2022-02-25,"899 12th St, San Francisco, CA 94016",Cargadores
USB-C Charging Cable,1,11.95,2022-02-28,"218 Maple St, Portland, OR 97035",Cargadores
Wired Headphones,2,11.99,2022-02-24,"170 Dogwood St, San Francisco, CA 94016",Auriculares
AAA Batteries (4-pack),1,2.99,2022-02-16,"499 Cedar St, San Francisco, CA 94016",Pilas
Bose SoundSport Headphones,1,99.99,2022-02-18,"834 10th St, New York City, NY 10001",Auriculares
USB-C Charging Cable,1,11.95,2022-02-19,"883 12th St, Los Angeles, CA 90001",Cargadores
Bose SoundSport Headphones,1,99.99,2022-02-26,"223 Walnut St, San Francisco, CA 94016",Auriculares
Google Phone,1,600,2022-02-16,"544 Jefferson St, San Francisco, CA 94016",Teléfonos
Wired Headphones,1,11.99,2022-02-15,"817 Pine St, San Francisco, CA 94016",Auriculares
AA Batteries (4-pack),1,3.84,2022-02-26,"591 Highland St, Dallas, TX 75001",Pilas
USB-C Charging Cable,1,11.95,2022-02-26,"225 Main St, Los Angeles, CA 90001",Cargadores
USB-C Charging Cable,1,11.95,2022-02-25,"206 Willow St, San Francisco, CA 94016",Cargadores
Lightning Charging Cable,1,14.95,2022-02-23,"229 Wilson St, San Francisco, CA 94016",Cargadores
27in FHD Monitor,1,149.99,2022-02-18,"132 Park St, Los Angeles, CA 90001",Monitores
Wired Headphones,1,11.99,2022-02-13,"604 5th St, New York City, NY 10001",Auriculares
Wired Headphones,1,11.99,2022-02-14,"551 Sunset St, Atlanta, GA 30301",Auriculares
Wired Headphones,2,11.99,2022-02-13,"621 Chestnut St, Los Angeles, CA 90001",Auriculares
AA Batteries (4-pack),1,3.84,2022-02-18,"781 Washington St, Boston, MA 02215",Pilas
AAA Batteries (4-pack),1,2.99,2022-02-28,"558 Elm St, Dallas, TX 75001",Pilas
AAA Batteries (4-pack),1,2.99,2022-02-27,"576 Church St, San Francisco, CA 94016",Pilas
ThinkPad Laptop,1,999.99,2022-02-18,"910 Elm St, Dallas, TX 75001",Portátiles
27in 4K Gaming Monitor,1,389.99,2022-02-28,"453 South St, Boston, MA 02215",Monitores
34in Ultrawide Monitor,1,379.99,2022-02-22,"774 Maple St, Boston, MA 02215",Monitores
Flatscreen TV,1,300,2022-02-18,"111 13th St, New York City, NY 10001",Televisores
Lightning Charging Cable,1,14.95,2022-02-16,"948 Hickory St, Boston, MA 02215",Cargadores
AA Batteries (4-pack),1,3.84,2022-02-27,"851 Johnson St, New York City, NY 10001",Pilas
AAA Batteries (4-pack),1,2.99,2022-02-26,"213 Lincoln St, Atlanta, GA 30301",Pilas
Macbook Pro Laptop,1,1700,2022-02-15,"540 Washington St, Los Angeles, CA 90001",Portátiles
USB-C Charging Cable,1,11.95,2022-02-24,"439 13th St, Dallas, TX 75001",Cargadores
27in FHD Monitor,1,149.99,2022-02-26,"725 10th St, Dallas, TX 75001",Monitores
USB-C Charging Cable,1,11.95,2022-02-17,"264 Park St, Seattle, WA 98101",Cargadores
27in FHD Monitor,1,149.99,2022-02-25,"549 River St, Boston, MA 02215",Monitores
Wired Headphones,1,11.99,2022-02-28,"82 Spruce St, Los Angeles, CA 90001",Auriculares
Apple Airpods Headphones,1,150,2022-02-14,"705 Chestnut St, San Francisco, CA 94016",Auriculares
AA Batteries (4-pack),1,3.84,2022-02-20,"311 Cedar St, New York City, NY 10001",Pilas
ThinkPad Laptop,1,999.99,2022-02-13,"856 Maple St, San Francisco, CA 94016",Portátiles
AAA Batteries (4-pack),2,2.99,2022-02-17,"797 Cedar St, San Francisco, CA 94016",Pilas
iPhone,1,700,2022-02-24,"80 6th St, Los Angeles, CA 90001",Teléfonos
AAA Batteries (4-pack),1,2.99,2022-02-25,"92 Park St, Atlanta, GA 30301",Pilas
Macbook Pro Laptop,1,1700,2022-02-25,"92 Park St, Atlanta, GA 30301",Portátiles
34in Ultrawide Monitor,1,379.99,2022-02-19,"216 Washington St, Austin, TX 73301",Monitores
USB-C Charging Cable,1,11.95,2022-02-20,"612 Center St, Atlanta, GA 30301",Cargadores
Flatscreen TV,1,300,2022-02-19,"674 7th St, Atlanta, GA 30301",Televisores
Bose SoundSport Headphones,1,99.99,2022-02-19,"674 7th St, Atlanta, GA 30301",Auriculares
AA Batteries (4-pack),1,3.84,2022-02-22,"65 7th St, New York City, NY 10001",Pilas
34in Ultrawide Monitor,1,379.99,2022-02-20,"412 Maple St, San Francisco, CA 94016",Monitores
ThinkPad Laptop,1,999.99,2022-02-25,"641 13th St, Atlanta, GA 30301",Portátiles
AA Batteries (4-pack),1,3.84,2022-02-13,"645 North St, Boston, MA 02215",Pilas
Macbook Pro Laptop,1,1700,2022-02-28,"349 4th St, Atlanta, GA 30301",Portátiles
iPhone,1,700,2022-02-17,"641 Lakeview St, Dallas, TX 75001",Teléfonos
Wired Headphones,1,11.99,2022-02-17,"641 Lakeview St, Dallas, TX 75001",Auriculares
AAA Batteries (4-pack),1,2.99,2022-02-27,"333 South St, New York City, NY 10001",Pilas
AA Batteries (4-pack),1,3.84,2022-02-17,"733 Spruce St, San Francisco, CA 94016",Pilas
27in 4K Gaming Monitor,1,389.99,2022-02-23,"894 Cedar St, Austin, TX 73301",Monitores
Lightning Charging Cable,1,14.95,2022-02-25,"498 10th St, Dallas, TX 75001",Cargadores
Bose SoundSport Headphones,1,99.99,2022-02-23,"648 South St, Los Angeles, CA 90001",Auriculares
Bose SoundSport Headphones,1,99.99,2022-02-25,"199 Pine St, Seattle, WA 98101",Auriculares
Lightning Charging Cable,1,14.95,2022-02-23,"610 Elm St, New York City, NY 10001",Cargadores
Apple Airpods Headphones,1,150,2022-02-22,"997 Highland St, New York City, NY 10001",Auriculares
AA Batteries (4-pack),1,3.84,2022-02-27,"912 Cedar St, Dallas, TX 75001",Pilas
Wired Headphones,1,11.99,2022-02-18,"484 Chestnut St, New York City, NY 10001",Auriculares
AA Batteries (4-pack),1,3.84,2022-02-14,"670 Cedar St, Boston, MA 02215",Pilas
27in 4K Gaming Monitor,1,389.99,2022-02-14,"670 Cedar St, Boston, MA 02215",Monitores
Wired Headphones,1,11.99,2022-02-26,"361 2nd St, Boston, MA 02215",Auriculares
ThinkPad Laptop,1,999.99,2022-02-21,"376 Meadow St, Austin, TX 73301",Portátiles
Wired Headphones,1,11.99,2022-02-14,"637 Hickory St, Portland, OR 97035",Auriculares
AAA Batteries (4-pack),1,2.99,2022-02-26,"511 Walnut St, San Francisco, CA 94016",Pilas
AAA Batteries (4-pack),1,2.99,2022-02-25,"933 Lake St, San Francisco, CA 94016",Pilas
27in 4K Gaming Monitor,1,389.99,2022-02-18,"80 Lakeview St, San Francisco, CA 94016",Monitores
34in Ultrawide Monitor,1,379.99,2022-02-23,"396 14th St, Portland, OR 97035",Monitores
Apple Airpods Headphones,1,150,2022-02-28,"656 Elm St, Seattle, WA 98101",Auriculares
Lightning Charging Cable,1,14.95,2022-02-16,"526 Madison St, Portland, ME 04101",Cargadores
Lightning Charging Cable,1,14.95,2022-02-21,"481 Washington St, Atlanta, GA 30301",Cargadores
AAA Batteries (4-pack),3,2.99,2022-02-25,"203 Hill St, Dallas, TX 75001",Pilas
27in 4K Gaming Monitor,1,389.99,2022-02-28,"685 Chestnut St, Seattle, WA 98101",Monitores
Wired Headphones,1,11.99,2022-02-16,"60 Wilson St, Dallas, TX 75001",Auriculares
Apple Airpods Headphones,1,150,2022-02-20,"194 13th St, Dallas, TX 75001",Auriculares
Lightning Charging Cable,1,14.95,2022-02-24,"955 5th St, San Francisco, CA 94016",Cargadores
AA Batteries (4-pack),2,3.84,2022-02-24,"435 Meadow St, San Francisco, CA 94016",Pilas
Macbook Pro Laptop,1,1700,2022-02-22,"638 Lake St, Atlanta, GA 30301",Portátiles
27in 4K Gaming Monitor,1,389.99,2022-02-22,"638 Lake St, Atlanta, GA 30301",Monitores
AA Batteries (4-pack),2,3.84,2022-02-16,"461 Highland St, Seattle, WA 98101",Pilas
AA Batteries (4-pack),1,3.84,2022-02-13,"673 Ridge St, San Francisco, CA 94016",Pilas
34in Ultrawide Monitor,1,379.99,2022-02-13,"789 West St, Atlanta, GA 30301",Monitores
Apple Airpods Headphones,1,150,2022-02-17,"294 Main St, San Francisco, CA 94016",Auriculares
27in FHD Monitor,1,149.99,2022-02-17,"294 Main St, San Francisco, CA 94016",Monitores
Flatscreen TV,1,300,2022-02-27,"568 9th St, Boston, MA 02215",Televisores
Apple Airpods Headphones,1,150,2022-02-22,"707 Walnut St, Dallas, TX 75001",Auriculares
AA Batteries (4-pack),1,3.84,2022-02-20,"803 5th St, San Francisco, CA 94016",Pilas
Lightning Charging Cable,1,14.95,2022-02-17,"325 Walnut St, Dallas, TX 75001",Cargadores
Wired Headphones,1,11.99,2022-02-17,"440 Elm St, Los Angeles, CA 90001",Auriculares
USB-C Charging Cable,1,11.95,2022-02-22,"554 North St, San Francisco, CA 94016",Cargadores
AA Batteries (4-pack),1,3.84,2022-02-21,"277 River St, San Francisco, CA 94016",Pilas
Apple Airpods Headphones,1,150,2022-02-27,"786 Lakeview St, New York City, NY 10001",Auriculares
Vareebadd Phone,1,400,2022-02-19,"221 5th St, Dallas, TX 75001",Teléfonos
20in Monitor,1,109.99,2022-02-27,"215 11th St, San Francisco, CA 94016",Monitores
AAA Batteries (4-pack),1,2.99,2022-02-25,"769 Ridge St, Austin, TX 73301",Pilas
USB-C Charging Cable,1,11.95,2022-02-18,"411 West St, New York City, NY 10001",Cargadores
AA Batteries (4-pack),1,3.84,2022-02-19,"371 Meadow St, Seattle, WA 98101",Pilas
USB-C Charging Cable,2,11.95,2022-02-16,"268 Elm St, Los Angeles, CA 90001",Cargadores
AAA Batteries (4-pack),1,2.99,2022-02-21,"620 Jefferson St, San Francisco, CA 94016",Pilas
Apple Airpods Headphones,1,150,2022-02-27,"645 Lakeview St, Boston, MA 02215",Auriculares
AAA Batteries (4-pack),1,2.99,2022-02-25,"657 14th St, New York City, NY 10001",Pilas
Apple Airpods Headphones,1,150,2022-02-28,"662 4th St, New York City, NY 10001",Auriculares
Lightning Charging Cable,1,14.95,2022-02-21,"302 Lake St, New York City, NY 10001",Cargadores
Apple Airpods Headphones,1,150,2022-02-16,"901 Madison St, Los Angeles, CA 90001",Auriculares
ThinkPad Laptop,1,999.99,2022-02-18,"762 14th St, San Francisco, CA 94016",Portátiles
Wired Headphones,1,11.99,2022-02-24,"802 Walnut St, Portland, OR 97035",Auriculares
AAA Batteries (4-pack),1,2.99,2022-02-13,"606 Willow St, New York City, NY 10001",Pilas
Lightning Charging Cable,1,14.95,2022-02-13,"45 Willow St, San Francisco, CA 94016",Cargadores
Bose SoundSport Headphones,1,99.99,2022-02-17,"616 Cedar St, San Francisco, CA 94016",Auriculares
Bose SoundSport Headphones,1,99.99,2022-02-25,"680 River St, Seattle, WA 98101",Auriculares
27in FHD Monitor,1,149.99,2022-02-23,"483 Dogwood St, Boston, MA 02215",Monitores
AAA Batteries (4-pack),1,2.99,2022-02-22,"571 4th St, Boston, MA 02215",Pilas
iPhone,1,700,2022-02-26,"998 Cedar St, San Francisco, CA 94016",Teléfonos
Apple Airpods Headphones,1,150,2022-02-26,"998 Cedar St, San Francisco, CA 94016",Auriculares
Lightning Charging Cable,2,14.95,2022-02-21,"147 Lincoln St, Seattle, WA 98101",Cargadores
ThinkPad Laptop,1,999.99,2022-02-13,"841 14th St, Dallas, TX 75001",Portátiles
AAA Batteries (4-pack),1,2.99,2022-02-28,"733 Wilson St, New York City, NY 10001",Pilas
AAA Batteries (4-pack),1,2.99,2022-02-25,"951 Main St, Atlanta, GA 30301",Pilas
USB-C Charging Cable,1,11.95,2022-02-14,"619 Chestnut St, Seattle, WA 98101",Cargadores
AA Batteries (4-pack),1,3.84,2022-02-18,"849 Madison St, San Francisco, CA 94016",Pilas
USB-C Charging Cable,1,11.95,2022-02-20,"153 Washington St, San Francisco, CA 94016",Cargadores
Vareebadd Phone,1,400,2022-02-13,"400 Cedar St, New York City, NY 10001",Teléfonos
27in FHD Monitor,1,149.99,2022-02-21,"151 14th St, Atlanta, GA 30301",Monitores
27in FHD Monitor,1,149.99,2022-02-28,"448 12th St, Los Angeles, CA 90001",Monitores
Bose SoundSport Headphones,1,99.99,2022-02-19,"578 Dogwood St, Los Angeles, CA 90001",Auriculares
AAA Batteries (4-pack),1,2.99,2022-02-16,"861 Lincoln St, Seattle, WA 98101",Pilas
AA Batteries (4-pack),1,3.84,2022-02-22,"788 Willow St, Atlanta, GA 30301",Pilas
Vareebadd Phone,1,400,2022-02-25,"37 Hickory St, New York City, NY 10001",Teléfonos
Google Phone,1,600,2022-02-25,"37 Hickory St, New York City, NY 10001",Teléfonos
Bose SoundSport Headphones,1,99.99,2022-02-18,"327 11th St, San Francisco, CA 94016",Auriculares
AAA Batteries (4-pack),3,2.99,2022-02-13,"609 1st St, Los Angeles, CA 90001",Pilas
AAA Batteries (4-pack),1,2.99,2022-02-13,"210 Jefferson St, San Francisco, CA 94016",Pilas
27in FHD Monitor,1,149.99,2022-02-23,"114 Madison St, San Francisco, CA 94016",Monitores
USB-C Charging Cable,1,11.95,2022-02-18,"465 Pine St, Atlanta, GA 30301",Cargadores
Flatscreen TV,1,300,2022-02-27,"480 Maple St, Atlanta, GA 30301",Televisores
27in 4K Gaming Monitor,1,389.99,2022-02-16,"481 1st St, Boston, MA 02215",Monitores
AA Batteries (4-pack),1,3.84,2022-02-28,"561 Elm St, Boston, MA 02215",Pilas
AAA Batteries (4-pack),1,2.99,2022-02-26,"518 Hill St, Boston, MA 02215",Pilas
AA Batteries (4-pack),1,3.84,2022-02-19,"996 River St, Austin, TX 73301",Pilas
AA Batteries (4-pack),1,3.84,2022-02-27,"215 South St, New York City, NY 10001",Pilas
ThinkPad Laptop,1,999.99,2022-02-16,"404 Jackson St, Boston, MA 02215",Portátiles
AA Batteries (4-pack),1,3.84,2022-02-21,"939 8th St, Boston, MA 02215",Pilas
AA Batteries (4-pack),1,3.84,2022-02-24,"726 Elm St, New York City, NY 10001",Pilas
AAA Batteries (4-pack),1,2.99,2022-02-21,"507 Ridge St, Seattle, WA 98101",Pilas
USB-C Charging Cable,1,11.95,2022-02-25,"646 Jackson St, Los Angeles, CA 90001",Cargadores
Wired Headphones,1,11.99,2022-02-13,"517 4th St, Seattle, WA 98101",Auriculares
Lightning Charging Cable,1,14.95,2022-02-22,"241 7th St, San Francisco, CA 94016",Cargadores
Google Phone,1,600,2022-02-22,"241 7th St, San Francisco, CA 94016",Teléfonos
USB-C Charging Cable,1,11.95,2022-02-23,"400 Highland St, Los Angeles, CA 90001",Cargadores
27in 4K Gaming Monitor,1,389.99,2022-02-25,"411 Maple St, Los Angeles, CA 90001",Monitores
34in Ultrawide Monitor,1,379.99,2022-02-27,"726 14th St, Seattle, WA 98101",Monitores
Macbook Pro Laptop,1,1700,2022-02-20,"701 5th St, New York City, NY 10001",Portátiles
AA Batteries (4-pack),1,3.84,2022-02-27,"72 4th St, San Francisco, CA 94016",Pilas
AA Batteries (4-pack),1,3.84,2022-02-21,"736 Jackson St, Los Angeles, CA 90001",Pilas
AAA Batteries (4-pack),4,2.99,2022-02-28,"129 West St, Dallas, TX 75001",Pilas
27in FHD Monitor,1,149.99,2022-02-21,"11 10th St, Portland, OR 97035",Monitores
34in Ultrawide Monitor,1,379.99,2022-02-25,"975 Main St, Boston, MA 02215",Monitores
Apple Airpods Headphones,1,150,2022-02-14,"521 12th St, San Francisco, CA 94016",Auriculares
27in FHD Monitor,1,149.99,2022-02-26,"839 4th St, Los Angeles, CA 90001",Monitores
Google Phone,1,600,2022-02-21,"211 Jefferson St, San Francisco, CA 94016",Teléfonos
27in FHD Monitor,1,149.99,2022-02-23,"833 5th St, San Francisco, CA 94016",Monitores
Wired Headphones,1,11.99,2022-02-26,"651 Willow St, Boston, MA 02215",Auriculares
Lightning Charging Cable,1,14.95,2022-02-16,"233 Sunset St, New York City, NY 10001",Cargadores
AA Batteries (4-pack),1,3.84,2022-02-14,"786 Jefferson St, Portland, OR 97035",Pilas
ThinkPad Laptop,1,999.99,2022-02-18,"426 Washington St, San Francisco, CA 94016",Portátiles
USB-C Charging Cable,1,11.95,2022-02-14,"236 Church St, Austin, TX 73301",Cargadores
Bose SoundSport Headphones,1,99.99,2022-02-14,"236 Church St, Austin, TX 73301",Auriculares
ThinkPad Laptop,1,999.99,2022-02-14,"903 Adams St, Austin, TX 73301",Portátiles
27in 4K Gaming Monitor,1,389.99,2022-02-20,"102 Ridge St, San Francisco, CA 94016",Monitores
Wired Headphones,1,11.99,2022-02-14,"512 Park St, Dallas, TX 75001",Auriculares
iPhone,1,700,2022-02-19,"979 Adams St, Austin, TX 73301",Teléfonos
AAA Batteries (4-pack),1,2.99,2022-02-23,"74 Walnut St, New York City, NY 10001",Pilas
Wired Headphones,2,11.99,2022-02-15,"547 4th St, Portland, OR 97035",Auriculares
Bose SoundSport Headphones,1,99.99,2022-02-28,"77 Main St, Portland, ME 04101",Auriculares
Lightning Charging Cable,1,14.95,2022-02-23,"326 Church St, San Francisco, CA 94016",Cargadores
Wired Headphones,1,11.99,2022-02-23,"358 Ridge St, San Francisco, CA 94016",Auriculares
34in Ultrawide Monitor,1,379.99,2022-02-25,"85 Ridge St, Boston, MA 02215",Monitores
ThinkPad Laptop,1,999.99,2022-02-13,"651 Johnson St, San Francisco, CA 94016",Portátiles
USB-C Charging Cable,1,11.95,2022-02-27,"898 Center St, San Francisco, CA 94016",Cargadores
USB-C Charging Cable,1,11.95,2022-02-13,"184 Hickory St, Portland, OR 97035",Cargadores
Wired Headphones,1,11.99,2022-02-25,"262 Lakeview St, Los Angeles, CA 90001",Auriculares
Macbook Pro Laptop,1,1700,2022-02-19,"813 9th St, Los Angeles, CA 90001",Portátiles
Wired Headphones,1,11.99,2022-02-28,"149 Ridge St, Seattle, WA 98101",Auriculares
Bose SoundSport Headphones,1,99.99,2022-02-13,"889 Lakeview St, Portland, OR 97035",Auriculares
Bose SoundSport Headphones,1,99.99,2022-02-17,"187 West St, San Francisco, CA 94016",Auriculares
AAA Batteries (4-pack),1,2.99,2022-02-21,"474 Dogwood St, Boston, MA 02215",Pilas
USB-C Charging Cable,1,11.95,2022-02-22,"455 Maple St, New York City, NY 10001",Cargadores
Flatscreen TV,1,300,2022-02-17,"623 Lake St, Atlanta, GA 30301",Televisores
iPhone,1,700,2022-02-20,"896 8th St, New York City, NY 10001",Teléfonos
Flatscreen TV,1,300,2022-02-19,"121 11th St, San Francisco, CA 94016",Televisores
Google Phone,1,600,2022-02-25,"956 West St, Seattle, WA 98101",Teléfonos
Wired Headphones,1,11.99,2022-02-25,"956 West St, Seattle, WA 98101",Auriculares
20in Monitor,1,109.99,2022-02-14,"46 7th St, Seattle, WA 98101",Monitores
AAA Batteries (4-pack),1,2.99,2022-02-24,"609 Lakeview St, Austin, TX 73301",Pilas
ThinkPad Laptop,1,999.99,2022-02-16,"31 Cherry St, San Francisco, CA 94016",Portátiles
ThinkPad Laptop,1,999.99,2022-02-14,"471 5th St, New York City, NY 10001",Portátiles
AAA Batteries (4-pack),1,2.99,2022-02-25,"729 Lincoln St, Los Angeles, CA 90001",Pilas
AA Batteries (4-pack),1,3.84,2022-02-28,"770 Pine St, Dallas, TX 75001",Pilas
Vareebadd Phone,1,400,2022-02-18,"9 Walnut St, Dallas, TX 75001",Teléfonos
Apple Airpods Headphones,1,150,2022-02-16,"625 Chestnut St, New York City, NY 10001",Auriculares
AAA Batteries (4-pack),1,2.99,2022-02-21,"927 1st St, New York City, NY 10001",Pilas
AA Batteries (4-pack),1,3.84,2022-02-16,"390 Forest St, Los Angeles, CA 90001",Pilas
USB-C Charging Cable,1,11.95,2022-02-23,"51 Walnut St, New York City, NY 10001",Cargadores
AA Batteries (4-pack),1,3.84,2022-02-27,"198 Lincoln St, Dallas, TX 75001",Pilas
Lightning Charging Cable,1,14.95,2022-02-19,"803 13th St, New York City, NY 10001",Cargadores
Bose SoundSport Headphones,1,99.99,2022-02-23,"577 Johnson St, Boston, MA 02215",Auriculares
Bose SoundSport Headphones,1,99.99,2022-02-18,"949 9th St, Seattle, WA 98101",Auriculares
ThinkPad Laptop,1,999.99,2022-02-18,"949 9th St, Seattle, WA 98101",Portátiles
USB-C Charging Cable,2,11.95,2022-02-20,"969 Walnut St, Dallas, TX 75001",Cargadores
27in FHD Monitor,1,149.99,2022-02-28,"970 Jackson St, Los Angeles, CA 90001",Monitores
Apple Airpods Headphones,1,150,2022-02-15,"322 5th St, New York City, NY 10001",Auriculares
Apple Airpods Headphones,1,150,2022-02-27,"697 North St, San Francisco, CA 94016",Auriculares
AAA Batteries (4-pack),2,2.99,2022-02-25,"422 Sunset St, San Francisco, CA 94016",Pilas
AAA Batteries (4-pack),1,2.99,2022-02-26,"912 14th St, Dallas, TX 75001",Pilas
27in FHD Monitor,1,149.99,2022-02-28,"435 Meadow St, Dallas, TX 75001",Monitores
Lightning Charging Cable,1,14.95,2022-02-19,"930 Cedar St, San Francisco, CA 94016",Cargadores
Wired Headphones,1,11.99,2022-02-23,"334 Church St, San Francisco, CA 94016",Auriculares
Bose SoundSport Headphones,1,99.99,2022-02-18,"79 Walnut St, Los Angeles, CA 90001",Auriculares
27in FHD Monitor,1,149.99,2022-02-14,"951 Adams St, Dallas, TX 75001",Monitores
Wired Headphones,1,11.99,2022-02-23,"239 Lincoln St, New York City, NY 10001",Auriculares
20in Monitor,1,109.99,2022-02-26,"72 Hickory St, Los Angeles, CA 90001",Monitores
Lightning Charging Cable,1,14.95,2022-02-27,"518 Adams St, San Francisco, CA 94016",Cargadores
USB-C Charging Cable,1,11.95,2022-02-27,"576 Cedar St, Los Angeles, CA 90001",Cargadores
AA Batteries (4-pack),1,3.84,2022-02-23,"443 Maple St, Atlanta, GA 30301",Pilas
Flatscreen TV,1,300,2022-02-25,"579 14th St, San Francisco, CA 94016",Televisores
Flatscreen TV,1,300,2022-02-22,"474 Church St, New York City, NY 10001",Televisores
27in FHD Monitor,1,149.99,2022-02-22,"345 8th St, Seattle, WA 98101",Monitores
27in 4K Gaming Monitor,1,389.99,2022-02-22,"194 Forest St, Seattle, WA 98101",Monitores
Apple Airpods Headphones,1,150,2022-02-14,"419 Spruce St, Los Angeles, CA 90001",Auriculares
Lightning Charging Cable,1,14.95,2022-02-16,"375 Hickory St, Portland, OR 97035",Cargadores
20in Monitor,1,109.99,2022-02-25,"97 Madison St, Atlanta, GA 30301",Monitores
iPhone,1,700,2022-02-24,"644 Willow St, Dallas, TX 75001",Teléfonos
Lightning Charging Cable,1,14.95,2022-02-28,"740 12th St, Boston, MA 02215",Cargadores
AAA Batteries (4-pack),1,2.99,2022-02-28,"395 Spruce St, Dallas, TX 75001",Pilas
Wired Headphones,1,11.99,2022-02-26,"313 Forest St, Boston, MA 02215",Auriculares
Lightning Charging Cable,1,14.95,2022-02-24,"352 West St, Los Angeles, CA 90001",Cargadores
ThinkPad Laptop,1,999.99,2022-02-20,"102 Cherry St, Austin, TX 73301",Portátiles
Apple Airpods Headphones,1,150,2022-02-22,"587 West St, San Francisco, CA 94016",Auriculares
Lightning Charging Cable,1,14.95,2022-02-17,"315 14th St, Seattle, WA 98101",Cargadores
iPhone,1,700,2022-02-19,"498 Washington St, San Francisco, CA 94016",Teléfonos
Flatscreen TV,1,300,2022-02-15,"905 Forest St, New York City, NY 10001",Televisores
AAA Batteries (4-pack),1,2.99,2022-02-25,"985 9th St, Seattle, WA 98101",Pilas
Flatscreen TV,1,300,2022-02-28,"736 Park St, San Francisco, CA 94016",Televisores
AAA Batteries (4-pack),4,2.99,2022-02-25,"144 Sunset St, New York City, NY 10001",Pilas
AA Batteries (4-pack),1,3.84,2022-02-27,"873 Main St, Los Angeles, CA 90001",Pilas
34in Ultrawide Monitor,1,379.99,2022-02-28,"591 7th St, Austin, TX 73301",Monitores
34in Ultrawide Monitor,1,379.99,2022-02-27,"75 Maple St, Boston, MA 02215",Monitores
Google Phone,1,600,2022-02-15,"531 Sunset St, Los Angeles, CA 90001",Teléfonos
USB-C Charging Cable,1,11.95,2022-02-15,"531 Sunset St, Los Angeles, CA 90001",Cargadores
Bose SoundSport Headphones,1,99.99,2022-02-23,"862 Madison St, San Francisco, CA 94016",Auriculares
AAA Batteries (4-pack),2,2.99,2022-02-24,"394 14th St, Portland, ME 04101",Pilas
AAA Batteries (4-pack),1,2.99,2022-02-25,"972 Johnson St, Dallas, TX 75001",Pilas
AA Batteries (4-pack),1,3.84,2022-02-15,"469 Jackson St, New York City, NY 10001",Pilas
USB-C Charging Cable,1,11.95,2022-02-16,"521 5th St, Seattle, WA 98101",Cargadores
Lightning Charging Cable,1,14.95,2022-02-22,"225 Church St, Los Angeles, CA 90001",Cargadores
Wired Headphones,1,11.99,2022-02-13,"412 Main St, New York City, NY 10001",Auriculares
LG Washing Machine,1,600.0,2022-02-20,"937 Wilson St, Los Angeles, CA 90001",Electrodomésticos
Bose SoundSport Headphones,1,99.99,2022-02-16,"861 6th St, Boston, MA 02215",Auriculares
Wired Headphones,1,11.99,2022-02-26,"494 Dogwood St, San Francisco, CA 94016",Auriculares
Apple Airpods Headphones,1,150,2022-02-26,"375 Center St, Austin, TX 73301",Auriculares
Bose SoundSport Headphones,1,99.99,2022-02-24,"361 Lake St, New York City, NY 10001",Auriculares
Wired Headphones,1,11.99,2022-02-26,"971 12th St, Boston, MA 02215",Auriculares
AA Batteries (4-pack),1,3.84,2022-02-22,"21 Chestnut St, San Francisco, CA 94016",Pilas
Google Phone,1,600,2022-02-18,"116 River St, Seattle, WA 98101",Teléfonos
AAA Batteries (4-pack),2,2.99,2022-02-13,"239 Spruce St, Austin, TX 73301",Pilas
Flatscreen TV,1,300,2022-02-25,"468 Sunset St, Dallas, TX 75001",Televisores
USB-C Charging Cable,2,11.95,2022-02-27,"524 Lakeview St, Los Angeles, CA 90001",Cargadores
USB-C Charging Cable,1,11.95,2022-02-21,"847 Maple St, New York City, NY 10001",Cargadores
AAA Batteries (4-pack),1,2.99,2022-02-23,"104 6th St, San Francisco, CA 94016",Pilas
27in FHD Monitor,1,149.99,2022-02-19,"116 Dogwood St, Dallas, TX 75001",Monitores
AA Batteries (4-pack),1,3.84,2022-02-24,"500 North St, New York City, NY 10001",Pilas
AAA Batteries (4-pack),2,2.99,2022-02-28,"291 Elm St, New York City, NY 10001",Pilas
Apple Airpods Headphones,1,150,2022-02-15,"764 Cedar St, Los Angeles, CA 90001",Auriculares
Lightning Charging Cable,1,14.95,2022-02-22,"630 Cedar St, New York City, NY 10001",Cargadores
USB-C Charging Cable,1,11.95,2022-02-17,"571 Lakeview St, Austin, TX 73301",Cargadores
27in FHD Monitor,1,149.99,2022-02-14,"746 13th St, San Francisco, CA 94016",Monitores
USB-C Charging Cable,1,11.95,2022-02-26,"187 Cherry St, San Francisco, CA 94016",Cargadores
34in Ultrawide Monitor,1,379.99,2022-02-26,"130 Jefferson St, Dallas, TX 75001",Monitores
Apple Airpods Headphones,1,150,2022-02-26,"130 Jefferson St, Dallas, TX 75001",Auriculares
34in Ultrawide Monitor,1,379.99,2022-02-13,"256 Forest St, Seattle, WA 98101",Monitores
Bose SoundSport Headphones,1,99.99,2022-02-24,"369 2nd St, New York City, NY 10001",Auriculares
Apple Airpods Headphones,1,150,2022-02-27,"29 7th St, Boston, MA 02215",Auriculares
Apple Airpods Headphones,1,150,2022-02-25,"963 Spruce St, Los Angeles, CA 90001",Auriculares
USB-C Charging Cable,1,11.95,2022-02-23,"254 North St, San Francisco, CA 94016",Cargadores
Bose SoundSport Headphones,1,99.99,2022-02-22,"880 5th St, Atlanta, GA 30301",Auriculares
Wired Headphones,1,11.99,2022-02-15,"542 11th St, San Francisco, CA 94016",Auriculares
AA Batteries (4-pack),1,3.84,2022-02-22,"325 Hickory St, San Francisco, CA 94016",Pilas
AAA Batteries (4-pack),1,2.99,2022-02-13,"202 1st St, Los Angeles, CA 90001",Pilas
Flatscreen TV,1,300,2022-02-17,"968 10th St, Austin, TX 73301",Televisores
AAA Batteries (4-pack),2,2.99,2022-02-14,"831 Hill St, Los Angeles, CA 90001",Pilas
Lightning Charging Cable,1,14.95,2022-02-24,"708 Park St, Atlanta, GA 30301",Cargadores
Apple Airpods Headphones,1,150,2022-02-26,"767 Main St, San Francisco, CA 94016",Auriculares
AA Batteries (4-pack),3,3.84,2022-02-24,"442 Dogwood St, Boston, MA 02215",Pilas
AA Batteries (4-pack),1,3.84,2022-02-15,"514 Madison St, Atlanta, GA 30301",Pilas
AA Batteries (4-pack),1,3.84,2022-02-25,"270 Lake St, Dallas, TX 75001",Pilas
Flatscreen TV,1,300,2022-02-16,"673 Church St, Boston, MA 02215",Televisores
Lightning Charging Cable,1,14.95,2022-02-25,"153 10th St, Dallas, TX 75001",Cargadores
USB-C Charging Cable,1,11.95,2022-02-20,"117 Maple St, Atlanta, GA 30301",Cargadores
AA Batteries (4-pack),2,3.84,2022-02-16,"894 Forest St, Los Angeles, CA 90001",Pilas
27in FHD Monitor,1,149.99,2022-02-23,"272 Dogwood St, Boston, MA 02215",Monitores
USB-C Charging Cable,1,11.95,2022-02-20,"578 Chestnut St, Los Angeles, CA 90001",Cargadores
Macbook Pro Laptop,1,1700,2022-02-16,"724 9th St, Los Angeles, CA 90001",Portátiles
iPhone,1,700,2022-02-20,"495 14th St, Seattle, WA 98101",Teléfonos
Bose SoundSport Headphones,1,99.99,2022-02-27,"422 Dogwood St, New York City, NY 10001",Auriculares
Apple Airpods Headphones,1,150,2022-02-15,"435 8th St, Los Angeles, CA 90001",Auriculares
Apple Airpods Headphones,1,150,2022-02-13,"83 Lincoln St, Boston, MA 02215",Auriculares
AA Batteries (4-pack),1,3.84,2022-02-13,"878 4th St, Seattle, WA 98101",Pilas
AA Batteries (4-pack),2,3.84,2022-02-26,"736 Hill St, San Francisco, CA 94016",Pilas
Apple Airpods Headphones,1,150,2022-02-23,"112 Center St, Boston, MA 02215",Auriculares
Lightning Charging Cable,1,14.95,2022-02-25,"3 1st St, San Francisco, CA 94016",Cargadores
AAA Batteries (4-pack),1,2.99,2022-02-25,"959 12th St, Boston, MA 02215",Pilas
iPhone,1,700,2022-02-17,"389 Chestnut St, San Francisco, CA 94016",Teléfonos
LG Dryer,1,600.0,2022-02-24,"132 Adams St, Dallas, TX 75001",Electrodomésticos
Apple Airpods Headphones,1,150,2022-02-18,"173 Willow St, Los Angeles, CA 90001",Auriculares
AA Batteries (4-pack),1,3.84,2022-02-27,"651 Meadow St, San Francisco, CA 94016",Pilas
Bose SoundSport Headphones,1,99.99,2022-02-19,"51 Forest St, Dallas, TX 75001",Auriculares
AAA Batteries (4-pack),1,2.99,2022-02-17,"112 Cedar St, San Francisco, CA 94016",Pilas
iPhone,1,700,2022-02-19,"753 2nd St, Portland, OR 97035",Teléfonos
AA Batteries (4-pack),1,3.84,2022-02-26,"120 Pine St, Los Angeles, CA 90001",Pilas
Vareebadd Phone,1,400,2022-02-26,"120 Pine St, Los Angeles, CA 90001",Teléfonos
Apple Airpods Headphones,1,150,2022-02-22,"768 Chestnut St, Boston, MA 02215",Auriculares
AAA Batteries (4-pack),1,2.99,2022-02-20,"149 Jefferson St, Los Angeles, CA 90001",Pilas
20in Monitor,1,109.99,2022-02-13,"80 2nd St, Los Angeles, CA 90001",Monitores
Wired Headphones,1,11.99,2022-02-18,"411 Church St, Boston, MA 02215",Auriculares
USB-C Charging Cable,2,11.95,2022-02-14,"500 12th St, San Francisco, CA 94016",Cargadores
iPhone,1,700,2022-02-14,"56 Jefferson St, San Francisco, CA 94016",Teléfonos
Apple Airpods Headphones,1,150,2022-02-23,"971 Ridge St, Atlanta, GA 30301",Auriculares
27in FHD Monitor,1,149.99,2022-02-19,"738 Main St, Seattle, WA 98101",Monitores
27in FHD Monitor,1,149.99,2022-02-21,"173 Elm St, Boston, MA 02215",Monitores
Lightning Charging Cable,1,14.95,2022-02-19,"959 Hickory St, Portland, OR 97035",Cargadores
USB-C Charging Cable,1,11.95,2022-02-22,"900 Cherry St, Los Angeles, CA 90001",Cargadores
Lightning Charging Cable,1,14.95,2022-02-23,"401 Madison St, Boston, MA 02215",Cargadores
AA Batteries (4-pack),2,3.84,2022-02-27,"484 Main St, Dallas, TX 75001",Pilas
Wired Headphones,1,11.99,2022-02-28,"937 4th St, New York City, NY 10001",Auriculares
USB-C Charging Cable,1,11.95,2022-02-25,"750 South St, San Francisco, CA 94016",Cargadores
Lightning Charging Cable,1,14.95,2022-02-18,"406 11th St, New York City, NY 10001",Cargadores
Apple Airpods Headphones,1,150,2022-02-17,"145 Jackson St, San Francisco, CA 94016",Auriculares
Bose SoundSport Headphones,1,99.99,2022-02-17,"486 Adams St, Boston, MA 02215",Auriculares
USB-C Charging Cable,1,11.95,2022-02-23,"889 Park St, Los Angeles, CA 90001",Cargadores
AA Batteries (4-pack),2,3.84,2022-02-23,"714 Lincoln St, San Francisco, CA 94016",Pilas
AA Batteries (4-pack),1,3.84,2022-02-28,"305 Lakeview St, New York City, NY 10001",Pilas
Lightning Charging Cable,1,14.95,2022-02-26,"236 Walnut St, Boston, MA 02215",Cargadores
Apple Airpods Headphones,1,150,2022-02-22,"63 11th St, San Francisco, CA 94016",Auriculares
20in Monitor,1,109.99,2022-02-27,"746 5th St, Dallas, TX 75001",Monitores
iPhone,1,700,2022-02-19,"271 Park St, Los Angeles, CA 90001",Teléfonos
Lightning Charging Cable,1,14.95,2022-02-19,"271 Park St, Los Angeles, CA 90001",Cargadores
Apple Airpods Headphones,1,150,2022-02-19,"271 Park St, Los Angeles, CA 90001",Auriculares
Lightning Charging Cable,1,14.95,2022-02-15,"917 Park St, Los Angeles, CA 90001",Cargadores
USB-C Charging Cable,1,11.95,2022-02-20,"580 North St, Los Angeles, CA 90001",Cargadores
AA Batteries (4-pack),1,3.84,2022-02-15,"236 Lincoln St, New York City, NY 10001",Pilas
Apple Airpods Headphones,1,150,2022-02-19,"467 Lakeview St, San Francisco, CA 94016",Auriculares
AA Batteries (4-pack),2,3.84,2022-02-25,"94 4th St, San Francisco, CA 94016",Pilas
USB-C Charging Cable,1,11.95,2022-02-19,"166 Lake St, Los Angeles, CA 90001",Cargadores
USB-C Charging Cable,1,11.95,2022-02-27,"146 Lincoln St, New York City, NY 10001",Cargadores
AA Batteries (4-pack),2,3.84,2022-02-24,"610 Ridge St, Los Angeles, CA 90001",Pilas
USB-C Charging Cable,1,11.95,2022-02-20,"594 12th St, Los Angeles, CA 90001",Cargadores
Bose SoundSport Headphones,1,99.99,2022-02-25,"461 14th St, Atlanta, GA 30301",Auriculares
27in 4K Gaming Monitor,1,389.99,2022-02-20,"968 River St, Los Angeles, CA 90001",Monitores
AAA Batteries (4-pack),1,2.99,2022-02-14,"919 Walnut St, Dallas, TX 75001",Pilas
Lightning Charging Cable,1,14.95,2022-02-27,"221 Lincoln St, San Francisco, CA 94016",Cargadores
USB-C Charging Cable,1,11.95,2022-02-21,"2 10th St, San Francisco, CA 94016",Cargadores
AAA Batteries (4-pack),2,2.99,2022-02-21,"173 2nd St, Portland, OR 97035",Pilas
Lightning Charging Cable,1,14.95,2022-02-19,"213 Highland St, Boston, MA 02215",Cargadores
AA Batteries (4-pack),2,3.84,2022-02-22,"204 Maple St, Seattle, WA 98101",Pilas
Lightning Charging Cable,1,14.95,2022-02-20,"648 10th St, Portland, OR 97035",Cargadores
Google Phone,1,600,2022-02-18,"895 4th St, San Francisco, CA 94016",Teléfonos
Wired Headphones,1,11.99,2022-02-24,"74 Meadow St, Austin, TX 73301",Auriculares
Wired Headphones,1,11.99,2022-02-24,"74 Meadow St, Austin, TX 73301",Auriculares
Lightning Charging Cable,1,14.95,2022-02-17,"858 8th St, Los Angeles, CA 90001",Cargadores
AAA Batteries (4-pack),1,2.99,2022-02-21,"763 6th St, Dallas, TX 75001",Pilas
Apple Airpods Headphones,1,150,2022-02-24,"632 Hickory St, Atlanta, GA 30301",Auriculares
USB-C Charging Cable,1,11.95,2022-02-13,"44 7th St, Atlanta, GA 30301",Cargadores
USB-C Charging Cable,1,11.95,2022-02-21,"86 14th St, New York City, NY 10001",Cargadores
USB-C Charging Cable,1,11.95,2022-02-21,"926 Chestnut St, Portland, OR 97035",Cargadores
Wired Headphones,1,11.99,2022-02-25,"953 Jefferson St, Atlanta, GA 30301",Auriculares
Wired Headphones,1,11.99,2022-02-25,"953 Jefferson St, Atlanta, GA 30301",Auriculares
ThinkPad Laptop,1,999.99,2022-02-18,"553 Lakeview St, Dallas, TX 75001",Portátiles
Apple Airpods Headphones,1,150,2022-02-22,"924 13th St, Los Angeles, CA 90001",Auriculares
27in 4K Gaming Monitor,1,389.99,2022-02-21,"491 6th St, Los Angeles, CA 90001",Monitores
Bose SoundSport Headphones,1,99.99,2022-02-13,"438 Church St, Austin, TX 73301",Auriculares
Lightning Charging Cable,2,14.95,2022-02-22,"804 Dogwood St, Los Angeles, CA 90001",Cargadores
27in FHD Monitor,1,149.99,2022-02-24,"210 Lincoln St, Seattle, WA 98101",Monitores
Bose SoundSport Headphones,1,99.99,2022-02-18,"113 Pine St, Los Angeles, CA 90001",Auriculares
Apple Airpods Headphones,1,150,2022-02-20,"25 Highland St, Los Angeles, CA 90001",Auriculares
Wired Headphones,1,11.99,2022-02-17,"174 Chestnut St, Los Angeles, CA 90001",Auriculares
Bose SoundSport Headphones,1,99.99,2022-02-27,"803 Pine St, Los Angeles, CA 90001",Auriculares
ThinkPad Laptop,1,999.99,2022-02-27,"439 Hill St, Dallas, TX 75001",Portátiles
AAA Batteries (4-pack),1,2.99,2022-02-19,"140 Lincoln St, New York City, NY 10001",Pilas
Flatscreen TV,1,300,2022-02-27,"116 Willow St, Austin, TX 73301",Televisores
Apple Airpods Headphones,1,150,2022-02-27,"116 Willow St, Austin, TX 73301",Auriculares
Apple Airpods Headphones,1,150,2022-02-15,"563 West St, New York City, NY 10001",Auriculares
Wired Headphones,1,11.99,2022-02-27,"906 Johnson St, San Francisco, CA 94016",Auriculares
Bose SoundSport Headphones,1,99.99,2022-02-13,"445 4th St, Austin, TX 73301",Auriculares
27in 4K Gaming Monitor,1,389.99,2022-02-25,"221 Chestnut St, Seattle, WA 98101",Monitores
USB-C Charging Cable,1,11.95,2022-02-15,"868 Maple St, Los Angeles, CA 90001",Cargadores
Apple Airpods Headphones,1,150,2022-02-16,"827 Main St, Boston, MA 02215",Auriculares
Wired Headphones,1,11.99,2022-02-17,"252 Willow St, New York City, NY 10001",Auriculares
Lightning Charging Cable,1,14.95,2022-02-28,"69 Hickory St, New York City, NY 10001",Cargadores
AAA Batteries (4-pack),1,2.99,2022-02-17,"584 Meadow St, Los Angeles, CA 90001",Pilas
USB-C Charging Cable,2,11.95,2022-02-28,"829 Lakeview St, Seattle, WA 98101",Cargadores
Wired Headphones,1,11.99,2022-02-23,"461 Walnut St, Dallas, TX 75001",Auriculares
Bose SoundSport Headphones,1,99.99,2022-02-15,"418 7th St, Seattle, WA 98101",Auriculares
USB-C Charging Cable,3,11.95,2022-02-20,"248 Hill St, Seattle, WA 98101",Cargadores
AAA Batteries (4-pack),1,2.99,2022-02-22,"960 River St, New York City, NY 10001",Pilas
USB-C Charging Cable,1,11.95,2022-02-24,"185 Maple St, San Francisco, CA 94016",Cargadores
Bose SoundSport Headphones,1,99.99,2022-02-23,"209 Forest St, Dallas, TX 75001",Auriculares
USB-C Charging Cable,1,11.95,2022-02-27,"813 West St, Los Angeles, CA 90001",Cargadores
Wired Headphones,1,11.99,2022-02-23,"146 Cedar St, Seattle, WA 98101",Auriculares
AAA Batteries (4-pack),1,2.99,2022-02-18,"866 Jackson St, Seattle, WA 98101",Pilas
Wired Headphones,1,11.99,2022-02-18,"866 Jackson St, Seattle, WA 98101",Auriculares
Wired Headphones,1,11.99,2022-02-18,"94 Lake St, Los Angeles, CA 90001",Auriculares
20in Monitor,1,109.99,2022-02-24,"724 Jackson St, San Francisco, CA 94016",Monitores
USB-C Charging Cable,3,11.95,2022-02-16,"194 Elm St, Dallas, TX 75001",Cargadores
AA Batteries (4-pack),2,3.84,2022-02-23,"158 Lakeview St, San Francisco, CA 94016",Pilas
Apple Airpods Headphones,1,150,2022-02-23,"601 12th St, New York City, NY 10001",Auriculares
Apple Airpods Headphones,1,150,2022-02-22,"563 Pine St, San Francisco, CA 94016",Auriculares
Lightning Charging Cable,1,14.95,2022-02-28,"155 Wilson St, San Francisco, CA 94016",Cargadores
USB-C Charging Cable,1,11.95,2022-02-21,"527 Sunset St, Los Angeles, CA 90001",Cargadores
USB-C Charging Cable,1,11.95,2022-02-27,"470 Madison St, New York City, NY 10001",Cargadores
AAA Batteries (4-pack),3,2.99,2022-02-23,"939 Adams St, New York City, NY 10001",Pilas
AAA Batteries (4-pack),1,2.99,2022-02-13,"762 Lake St, Portland, OR 97035",Pilas
Wired Headphones,1,11.99,2022-02-13,"718 Church St, Seattle, WA 98101",Auriculares
Lightning Charging Cable,1,14.95,2022-02-25,"195 South St, Los Angeles, CA 90001",Cargadores
Bose SoundSport Headphones,1,99.99,2022-02-22,"51 Washington St, Los Angeles, CA 90001",Auriculares
27in FHD Monitor,1,149.99,2022-02-25,"564 Maple St, Dallas, TX 75001",Monitores
27in 4K Gaming Monitor,1,389.99,2022-02-28,"835 Chestnut St, Dallas, TX 75001",Monitores
AA Batteries (4-pack),2,3.84,2022-02-24,"932 Main St, Portland, ME 04101",Pilas
iPhone,1,700,2022-02-28,"723 4th St, New York City, NY 10001",Teléfonos
Lightning Charging Cable,1,14.95,2022-02-28,"723 4th St, New York City, NY 10001",Cargadores
AAA Batteries (4-pack),2,2.99,2022-02-18,"848 Walnut St, Austin, TX 73301",Pilas
Lightning Charging Cable,1,14.95,2022-02-19,"78 Pine St, Portland, OR 97035",Cargadores
Bose SoundSport Headphones,1,99.99,2022-02-21,"844 Johnson St, Seattle, WA 98101",Auriculares
USB-C Charging Cable,1,11.95,2022-02-15,"527 Madison St, New York City, NY 10001",Cargadores
ThinkPad Laptop,1,999.99,2022-02-26,"432 14th St, San Francisco, CA 94016",Portátiles
Bose SoundSport Headphones,1,99.99,2022-02-13,"84 Lakeview St, San Francisco, CA 94016",Auriculares
Wired Headphones,1,11.99,2022-02-27,"779 Spruce St, San Francisco, CA 94016",Auriculares
AAA Batteries (4-pack),2,2.99,2022-02-18,"879 Highland St, San Francisco, CA 94016",Pilas
Wired Headphones,1,11.99,2022-02-16,"59 7th St, Los Angeles, CA 90001",Auriculares
34in Ultrawide Monitor,1,379.99,2022-02-23,"803 Maple St, New York City, NY 10001",Monitores
Wired Headphones,1,11.99,2022-02-13,"514 2nd St, Atlanta, GA 30301",Auriculares
USB-C Charging Cable,1,11.95,2022-02-22,"217 Cherry St, Atlanta, GA 30301",Cargadores
Bose SoundSport Headphones,1,99.99,2022-02-18,"27 Maple St, Los Angeles, CA 90001",Auriculares
AAA Batteries (4-pack),1,2.99,2022-02-26,"841 6th St, Portland, OR 97035",Pilas
AA Batteries (4-pack),2,3.84,2022-02-22,"246 Johnson St, Dallas, TX 75001",Pilas
Lightning Charging Cable,1,14.95,2022-02-14,"279 Highland St, San Francisco, CA 94016",Cargadores
iPhone,1,700,2022-02-22,"577 Lakeview St, Austin, TX 73301",Teléfonos
Lightning Charging Cable,1,14.95,2022-02-22,"577 Lakeview St, Austin, TX 73301",Cargadores
USB-C Charging Cable,1,11.95,2022-02-25,"39 9th St, New York City, NY 10001",Cargadores
iPhone,1,700,2022-02-23,"492 Maple St, Dallas, TX 75001",Teléfonos
27in 4K Gaming Monitor,1,389.99,2022-02-25,"35 7th St, Seattle, WA 98101",Monitores
iPhone,1,700,2022-02-27,"116 7th St, Portland, OR 97035",Teléfonos
Wired Headphones,2,11.99,2022-02-27,"116 7th St, Portland, OR 97035",Auriculares
Lightning Charging Cable,1,14.95,2022-02-18,"999 River St, Los Angeles, CA 90001",Cargadores
Lightning Charging Cable,1,14.95,2022-02-18,"320 10th St, New York City, NY 10001",Cargadores
34in Ultrawide Monitor,1,379.99,2022-02-22,"25 North St, Los Angeles, CA 90001",Monitores
USB-C Charging Cable,1,11.95,2022-02-20,"952 10th St, Portland, OR 97035",Cargadores
34in Ultrawide Monitor,1,379.99,2022-02-17,"724 Lakeview St, New York City, NY 10001",Monitores
Lightning Charging Cable,1,14.95,2022-02-18,"532 Park St, Austin, TX 73301",Cargadores
27in FHD Monitor,1,149.99,2022-02-17,"216 Spruce St, Boston, MA 02215",Monitores
AAA Batteries (4-pack),1,2.99,2022-02-24,"286 Forest St, Boston, MA 02215",Pilas
27in 4K Gaming Monitor,1,389.99,2022-02-23,"168 Johnson St, Los Angeles, CA 90001",Monitores
Bose SoundSport Headphones,1,99.99,2022-02-26,"84 North St, Boston, MA 02215",Auriculares
AAA Batteries (4-pack),2,2.99,2022-02-26,"271 Maple St, Atlanta, GA 30301",Pilas
27in FHD Monitor,1,149.99,2022-02-26,"824 6th St, San Francisco, CA 94016",Monitores
AAA Batteries (4-pack),1,2.99,2022-02-19,"719 8th St, Seattle, WA 98101",Pilas
USB-C Charging Cable,1,11.95,2022-02-28,"174 Willow St, Los Angeles, CA 90001",Cargadores
AA Batteries (4-pack),1,3.84,2022-02-20,"622 Washington St, Seattle, WA 98101",Pilas
USB-C Charging Cable,1,11.95,2022-02-13,"254 Dogwood St, Boston, MA 02215",Cargadores
34in Ultrawide Monitor,1,379.99,2022-02-25,"16 Center St, San Francisco, CA 94016",Monitores
AA Batteries (4-pack),1,3.84,2022-02-19,"729 2nd St, Seattle, WA 98101",Pilas
AAA Batteries (4-pack),3,2.99,2022-02-14,"230 Elm St, Seattle, WA 98101",Pilas
AAA Batteries (4-pack),2,2.99,2022-02-28,"613 Jackson St, New York City, NY 10001",Pilas
Macbook Pro Laptop,1,1700,2022-02-24,"812 9th St, San Francisco, CA 94016",Portátiles
USB-C Charging Cable,1,11.95,2022-02-14,"317 River St, Atlanta, GA 30301",Cargadores
Lightning Charging Cable,1,14.95,2022-02-17,"11 West St, Portland, OR 97035",Cargadores
Google Phone,1,600,2022-02-24,"322 Willow St, New York City, NY 10001",Teléfonos
USB-C Charging Cable,1,11.95,2022-02-24,"322 Willow St, New York City, NY 10001",Cargadores
Apple Airpods Headphones,1,150,2022-02-13,"547 Cedar St, Austin, TX 73301",Auriculares
USB-C Charging Cable,1,11.95,2022-02-13,"302 Elm St, Portland, ME 04101",Cargadores
Google Phone,1,600,2022-02-21,"472 Center St, Portland, OR 97035",Teléfonos
AA Batteries (4-pack),1,3.84,2022-02-25,"326 Cherry St, San Francisco, CA 94016",Pilas
USB-C Charging Cable,1,11.95,2022-02-25,"237 Sunset St, New York City, NY 10001",Cargadores
iPhone,1,700,2022-02-17,"721 Jackson St, San Francisco, CA 94016",Teléfonos
Lightning Charging Cable,1,14.95,2022-02-17,"721 Jackson St, San Francisco, CA 94016",Cargadores
Apple Airpods Headphones,1,150,2022-02-28,"699 1st St, Atlanta, GA 30301",Auriculares
Macbook Pro Laptop,1,1700,2022-02-28,"237 Madison St, New York City, NY 10001",Portátiles
Wired Headphones,1,11.99,2022-02-21,"631 Lincoln St, Los Angeles, CA 90001",Auriculares
27in FHD Monitor,1,149.99,2022-02-21,"353 River St, San Francisco, CA 94016",Monitores
USB-C Charging Cable,1,11.95,2022-02-13,"779 Lakeview St, Los Angeles, CA 90001",Cargadores
Vareebadd Phone,1,400,2022-02-25,"479 Sunset St, Dallas, TX 75001",Teléfonos
AA Batteries (4-pack),1,3.84,2022-02-19,"350 Willow St, San Francisco, CA 94016",Pilas
Apple Airpods Headphones,1,150,2022-02-14,"849 Park St, San Francisco, CA 94016",Auriculares
AAA Batteries (4-pack),1,2.99,2022-02-19,"657 Lincoln St, Los Angeles, CA 90001",Pilas
AA Batteries (4-pack),1,3.84,2022-02-25,"870 6th St, Dallas, TX 75001",Pilas
AA Batteries (4-pack),1,3.84,2022-02-14,"7 10th St, Atlanta, GA 30301",Pilas
27in FHD Monitor,1,149.99,2022-02-17,"397 4th St, Los Angeles, CA 90001",Monitores
AA Batteries (4-pack),6,3.84,2022-02-16,"710 Ridge St, Los Angeles, CA 90001",Pilas
AAA Batteries (4-pack),1,2.99,2022-02-15,"833 Spruce St, Atlanta, GA 30301",Pilas
AA Batteries (4-pack),1,3.84,2022-02-18,"139 Highland St, Los Angeles, CA 90001",Pilas
Lightning Charging Cable,1,14.95,2022-02-25,"928 Lakeview St, San Francisco, CA 94016",Cargadores
34in Ultrawide Monitor,1,379.99,2022-02-21,"250 Lake St, Boston, MA 02215",Monitores
27in FHD Monitor,1,149.99,2022-02-27,"431 Elm St, San Francisco, CA 94016",Monitores
Apple Airpods Headphones,1,150,2022-02-28,"85 Cherry St, San Francisco, CA 94016",Auriculares
AA Batteries (4-pack),1,3.84,2022-02-25,"930 North St, Boston, MA 02215",Pilas
USB-C Charging Cable,1,11.95,2022-02-21,"763 9th St, Boston, MA 02215",Cargadores
Apple Airpods Headphones,1,150,2022-02-27,"633 Sunset St, Atlanta, GA 30301",Auriculares
ThinkPad Laptop,1,999.99,2022-02-28,"932 Dogwood St, Boston, MA 02215",Portátiles
Bose SoundSport Headphones,1,99.99,2022-02-20,"533 12th St, Los Angeles, CA 90001",Auriculares
ThinkPad Laptop,1,999.99,2022-02-26,"751 Forest St, San Francisco, CA 94016",Portátiles
iPhone,1,700,2022-02-20,"13 Cedar St, Portland, OR 97035",Teléfonos
Bose SoundSport Headphones,1,99.99,2022-02-22,"90 Washington St, Dallas, TX 75001",Auriculares
Lightning Charging Cable,1,14.95,2022-02-15,"192 River St, New York City, NY 10001",Cargadores
34in Ultrawide Monitor,1,379.99,2022-02-27,"678 2nd St, Los Angeles, CA 90001",Monitores
USB-C Charging Cable,2,11.95,2022-02-18,"457 4th St, Seattle, WA 98101",Cargadores
Lightning Charging Cable,1,14.95,2022-02-18,"853 Lakeview St, San Francisco, CA 94016",Cargadores
Bose SoundSport Headphones,1,99.99,2022-02-26,"597 Cedar St, San Francisco, CA 94016",Auriculares
27in FHD Monitor,1,149.99,2022-02-13,"800 Sunset St, Boston, MA 02215",Monitores
Wired Headphones,1,11.99,2022-02-27,"839 4th St, New York City, NY 10001",Auriculares
20in Monitor,1,109.99,2022-02-17,"230 Meadow St, Los Angeles, CA 90001",Monitores
AAA Batteries (4-pack),1,2.99,2022-02-23,"612 13th St, Portland, OR 97035",Pilas
USB-C Charging Cable,1,11.95,2022-02-28,"923 10th St, Boston, MA 02215",Cargadores
AA Batteries (4-pack),2,3.84,2022-02-22,"767 Dogwood St, San Francisco, CA 94016",Pilas
Bose SoundSport Headphones,1,99.99,2022-02-19,"641 Wilson St, Austin, TX 73301",Auriculares
AAA Batteries (4-pack),1,2.99,2022-02-26,"907 Center St, Austin, TX 73301",Pilas
Apple Airpods Headphones,1,150,2022-02-17,"195 Lake St, New York City, NY 10001",Auriculares
Flatscreen TV,1,300,2022-02-24,"897 Madison St, Austin, TX 73301",Televisores
Apple Airpods Headphones,1,150,2022-02-13,"291 Hickory St, New York City, NY 10001",Auriculares
Wired Headphones,1,11.99,2022-02-28,"176 11th St, San Francisco, CA 94016",Auriculares
USB-C Charging Cable,1,11.95,2022-02-26,"376 13th St, New York City, NY 10001",Cargadores
AAA Batteries (4-pack),1,2.99,2022-02-28,"223 Main St, Boston, MA 02215",Pilas
27in 4K Gaming Monitor,1,389.99,2022-02-24,"542 Forest St, Austin, TX 73301",Monitores
Lightning Charging Cable,1,14.95,2022-02-24,"542 Forest St, Austin, TX 73301",Cargadores
AA Batteries (4-pack),1,3.84,2022-02-21,"157 Chestnut St, Seattle, WA 98101",Pilas
AAA Batteries (4-pack),1,2.99,2022-02-13,"524 Park St, Los Angeles, CA 90001",Pilas
USB-C Charging Cable,1,11.95,2022-02-16,"642 4th St, Portland, ME 04101",Cargadores
Apple Airpods Headphones,1,150,2022-02-23,"194 7th St, San Francisco, CA 94016",Auriculares
Wired Headphones,1,11.99,2022-02-15,"652 Ridge St, San Francisco, CA 94016",Auriculares
AAA Batteries (4-pack),2,2.99,2022-02-22,"446 Meadow St, Seattle, WA 98101",Pilas
Macbook Pro Laptop,1,1700,2022-02-25,"74 Willow St, Austin, TX 73301",Portátiles
Lightning Charging Cable,1,14.95,2022-02-18,"555 North St, Boston, MA 02215",Cargadores
AAA Batteries (4-pack),1,2.99,2022-02-24,"310 Willow St, Boston, MA 02215",Pilas
USB-C Charging Cable,1,11.95,2022-02-15,"149 Forest St, Atlanta, GA 30301",Cargadores
27in FHD Monitor,1,149.99,2022-02-19,"156 2nd St, Austin, TX 73301",Monitores
Wired Headphones,2,11.99,2022-02-19,"156 2nd St, Austin, TX 73301",Auriculares
Bose SoundSport Headphones,1,99.99,2022-02-21,"45 Sunset St, Portland, OR 97035",Auriculares
Lightning Charging Cable,1,14.95,2022-02-18,"970 River St, Los Angeles, CA 90001",Cargadores
AA Batteries (4-pack),1,3.84,2022-02-28,"305 Pine St, Los Angeles, CA 90001",Pilas
Bose SoundSport Headphones,1,99.99,2022-02-16,"341 Church St, Los Angeles, CA 90001",Auriculares
Apple Airpods Headphones,1,150,2022-02-21,"695 Jackson St, Seattle, WA 98101",Auriculares
AA Batteries (4-pack),2,3.84,2022-02-20,"805 Ridge St, Boston, MA 02215",Pilas
Bose SoundSport Headphones,1,99.99,2022-02-13,"714 Adams St, New York City, NY 10001",Auriculares
USB-C Charging Cable,1,11.95,2022-02-27,"655 Church St, New York City, NY 10001",Cargadores
AAA Batteries (4-pack),1,2.99,2022-02-18,"979 Hickory St, Atlanta, GA 30301",Pilas
Lightning Charging Cable,1,14.95,2022-02-14,"31 Hickory St, San Francisco, CA 94016",Cargadores
iPhone,1,700,2022-02-25,"318 Lakeview St, Atlanta, GA 30301",Teléfonos
Lightning Charging Cable,1,14.95,2022-02-14,"519 Johnson St, San Francisco, CA 94016",Cargadores
Apple Airpods Headphones,1,150,2022-02-19,"134 2nd St, Seattle, WA 98101",Auriculares
AA Batteries (4-pack),3,3.84,2022-02-14,"600 Dogwood St, New York City, NY 10001",Pilas
Macbook Pro Laptop,1,1700,2022-02-16,"25 West St, Portland, OR 97035",Portátiles
27in FHD Monitor,1,149.99,2022-02-14,"730 5th St, Boston, MA 02215",Monitores
Bose SoundSport Headphones,2,99.99,2022-02-16,"868 North St, New York City, NY 10001",Auriculares
Flatscreen TV,1,300,2022-02-25,"975 9th St, New York City, NY 10001",Televisores
USB-C Charging Cable,1,11.95,2022-02-22,"861 11th St, Los Angeles, CA 90001",Cargadores
iPhone,1,700,2022-02-21,"195 8th St, Boston, MA 02215",Teléfonos
iPhone,1,700,2022-02-24,"861 11th St, San Francisco, CA 94016",Teléfonos
ThinkPad Laptop,1,999.99,2022-02-19,"881 Adams St, San Francisco, CA 94016",Portátiles
AA Batteries (4-pack),1,3.84,2022-02-17,"845 14th St, San Francisco, CA 94016",Pilas
Lightning Charging Cable,1,14.95,2022-02-16,"389 Wilson St, San Francisco, CA 94016",Cargadores
AAA Batteries (4-pack),1,2.99,2022-02-24,"963 Lincoln St, Portland, OR 97035",Pilas
AAA Batteries (4-pack),1,2.99,2022-02-22,"315 9th St, New York City, NY 10001",Pilas
Lightning Charging Cable,1,14.95,2022-02-24,"251 Main St, San Francisco, CA 94016",Cargadores
20in Monitor,1,109.99,2022-02-21,"801 Madison St, Seattle, WA 98101",Monitores
USB-C Charging Cable,1,11.95,2022-02-17,"454 Spruce St, New York City, NY 10001",Cargadores
Flatscreen TV,1,300,2022-02-25,"346 Lincoln St, Dallas, TX 75001",Televisores
Wired Headphones,1,11.99,2022-02-13,"567 Pine St, Seattle, WA 98101",Auriculares
Bose SoundSport Headphones,1,99.99,2022-02-21,"955 Willow St, Los Angeles, CA 90001",Auriculares
USB-C Charging Cable,2,11.95,2022-02-25,"431 Wilson St, Seattle, WA 98101",Cargadores
Apple Airpods Headphones,1,150,2022-02-15,"856 Ridge St, Seattle, WA 98101",Auriculares
USB-C Charging Cable,2,11.95,2022-02-15,"434 Highland St, Boston, MA 02215",Cargadores
Google Phone,1,600,2022-02-28,"750 Center St, Boston, MA 02215",Teléfonos
34in Ultrawide Monitor,1,379.99,2022-02-25,"250 Jackson St, Seattle, WA 98101",Monitores
USB-C Charging Cable,1,11.95,2022-02-19,"330 Meadow St, New York City, NY 10001",Cargadores
27in 4K Gaming Monitor,1,389.99,2022-02-23,"263 Elm St, Seattle, WA 98101",Monitores
Lightning Charging Cable,1,14.95,2022-02-15,"393 Hill St, Los Angeles, CA 90001",Cargadores
AA Batteries (4-pack),1,3.84,2022-02-25,"882 2nd St, Atlanta, GA 30301",Pilas
Google Phone,1,600,2022-02-17,"282 Jefferson St, San Francisco, CA 94016",Teléfonos
Lightning Charging Cable,1,14.95,2022-02-19,"878 Pine St, Boston, MA 02215",Cargadores
Lightning Charging Cable,1,14.95,2022-02-15,"636 Walnut St, Atlanta, GA 30301",Cargadores
USB-C Charging Cable,1,11.95,2022-02-22,"921 Highland St, Boston, MA 02215",Cargadores
USB-C Charging Cable,1,11.95,2022-02-18,"432 Willow St, Dallas, TX 75001",Cargadores
USB-C Charging Cable,1,11.95,2022-02-21,"805 Jackson St, San Francisco, CA 94016",Cargadores
Apple Airpods Headphones,1,150,2022-02-13,"108 12th St, Los Angeles, CA 90001",Auriculares
Google Phone,1,600,2022-02-18,"969 Washington St, Seattle, WA 98101",Teléfonos
USB-C Charging Cable,1,11.95,2022-02-18,"969 Washington St, Seattle, WA 98101",Cargadores
LG Dryer,1,600.0,2022-02-27,"362 Elm St, New York City, NY 10001",Electrodomésticos
USB-C Charging Cable,1,11.95,2022-02-20,"788 9th St, Los Angeles, CA 90001",Cargadores
USB-C Charging Cable,1,11.95,2022-02-24,"68 Elm St, New York City, NY 10001",Cargadores
ThinkPad Laptop,1,999.99,2022-02-23,"451 Elm St, San Francisco, CA 94016",Portátiles
34in Ultrawide Monitor,1,379.99,2022-02-15,"610 Highland St, New York City, NY 10001",Monitores
Lightning Charging Cable,1,14.95,2022-02-17,"387 Church St, Boston, MA 02215",Cargadores
Bose SoundSport Headphones,1,99.99,2022-02-20,"560 14th St, New York City, NY 10001",Auriculares
AAA Batteries (4-pack),1,2.99,2022-02-28,"588 Church St, Portland, OR 97035",Pilas
Macbook Pro Laptop,1,1700,2022-02-23,"677 Spruce St, Austin, TX 73301",Portátiles
AA Batteries (4-pack),2,3.84,2022-02-24,"939 Lakeview St, San Francisco, CA 94016",Pilas
AAA Batteries (4-pack),1,2.99,2022-02-17,"437 Meadow St, San Francisco, CA 94016",Pilas
AA Batteries (4-pack),1,3.84,2022-02-21,"132 8th St, Los Angeles, CA 90001",Pilas
AAA Batteries (4-pack),1,2.99,2022-02-21,"874 7th St, Seattle, WA 98101",Pilas
USB-C Charging Cable,1,11.95,2022-02-20,"83 13th St, Atlanta, GA 30301",Cargadores
Apple Airpods Headphones,1,150,2022-02-15,"882 Maple St, Los Angeles, CA 90001",Auriculares
AA Batteries (4-pack),1,3.84,2022-02-14,"442 Washington St, San Francisco, CA 94016",Pilas
Wired Headphones,1,11.99,2022-02-25,"374 Cherry St, Boston, MA 02215",Auriculares
Apple Airpods Headphones,1,150,2022-02-24,"582 11th St, Portland, OR 97035",Auriculares
AA Batteries (4-pack),2,3.84,2022-02-19,"788 Willow St, Los Angeles, CA 90001",Pilas
AA Batteries (4-pack),1,3.84,2022-02-22,"148 7th St, Los Angeles, CA 90001",Pilas
AA Batteries (4-pack),1,3.84,2022-02-22,"78 Walnut St, Los Angeles, CA 90001",Pilas
Apple Airpods Headphones,1,150,2022-02-25,"356 Meadow St, Portland, OR 97035",Auriculares
Lightning Charging Cable,1,14.95,2022-02-17,"745 Maple St, San Francisco, CA 94016",Cargadores
Bose SoundSport Headphones,1,99.99,2022-02-18,"862 Park St, San Francisco, CA 94016",Auriculares
USB-C Charging Cable,1,11.95,2022-02-18,"211 11th St, San Francisco, CA 94016",Cargadores
AAA Batteries (4-pack),1,2.99,2022-02-23,"940 14th St, Los Angeles, CA 90001",Pilas
USB-C Charging Cable,1,11.95,2022-02-26,"231 10th St, Atlanta, GA 30301",Cargadores
20in Monitor,1,109.99,2022-02-21,"524 Forest St, Portland, OR 97035",Monitores
AAA Batteries (4-pack),1,2.99,2022-02-16,"622 Jackson St, Portland, OR 97035",Pilas
Flatscreen TV,1,300,2022-02-22,"69 Cedar St, Seattle, WA 98101",Televisores
34in Ultrawide Monitor,1,379.99,2022-02-16,"490 Hickory St, San Francisco, CA 94016",Monitores
USB-C Charging Cable,1,11.95,2022-02-25,"269 River St, New York City, NY 10001",Cargadores
Bose SoundSport Headphones,1,99.99,2022-02-22,"857 Johnson St, Austin, TX 73301",Auriculares
AA Batteries (4-pack),1,3.84,2022-02-27,"568 Madison St, Los Angeles, CA 90001",Pilas
Lightning Charging Cable,1,14.95,2022-02-17,"172 Madison St, Seattle, WA 98101",Cargadores
AA Batteries (4-pack),2,3.84,2022-02-25,"979 Johnson St, Dallas, TX 75001",Pilas
USB-C Charging Cable,1,11.95,2022-02-15,"910 10th St, Atlanta, GA 30301",Cargadores
Google Phone,1,600,2022-02-23,"195 12th St, Dallas, TX 75001",Teléfonos
34in Ultrawide Monitor,1,379.99,2022-02-19,"640 Pine St, San Francisco, CA 94016",Monitores
Bose SoundSport Headphones,1,99.99,2022-02-22,"675 10th St, Portland, OR 97035",Auriculares
AAA Batteries (4-pack),1,2.99,2022-02-19,"641 Willow St, San Francisco, CA 94016",Pilas
AAA Batteries (4-pack),1,2.99,2022-02-21,"242 North St, San Francisco, CA 94016",Pilas
Bose SoundSport Headphones,1,99.99,2022-02-15,"759 North St, Austin, TX 73301",Auriculares
Wired Headphones,1,11.99,2022-02-17,"110 Ridge St, Austin, TX 73301",Auriculares
USB-C Charging Cable,2,11.95,2022-02-28,"633 11th St, San Francisco, CA 94016",Cargadores
Wired Headphones,1,11.99,2022-02-26,"356 8th St, San Francisco, CA 94016",Auriculares
Apple Airpods Headphones,1,150,2022-02-23,"378 7th St, Portland, OR 97035",Auriculares
Macbook Pro Laptop,1,1700,2022-02-20,"755 6th St, Portland, OR 97035",Portátiles
USB-C Charging Cable,1,11.95,2022-02-23,"349 Dogwood St, Los Angeles, CA 90001",Cargadores
27in 4K Gaming Monitor,1,389.99,2022-02-19,"846 Church St, Los Angeles, CA 90001",Monitores
USB-C Charging Cable,1,11.95,2022-02-13,"891 Wilson St, Los Angeles, CA 90001",Cargadores
AA Batteries (4-pack),1,3.84,2022-02-15,"276 Hickory St, Seattle, WA 98101",Pilas
USB-C Charging Cable,1,11.95,2022-02-25,"782 9th St, Dallas, TX 75001",Cargadores
iPhone,1,700,2022-02-14,"964 Forest St, Atlanta, GA 30301",Teléfonos
Apple Airpods Headphones,1,150,2022-02-28,"495 Hill St, Austin, TX 73301",Auriculares
Wired Headphones,1,11.99,2022-02-28,"436 Jackson St, Austin, TX 73301",Auriculares
AA Batteries (4-pack),2,3.84,2022-02-24,"936 9th St, San Francisco, CA 94016",Pilas
AAA Batteries (4-pack),1,2.99,2022-02-18,"8 11th St, Atlanta, GA 30301",Pilas
Bose SoundSport Headphones,1,99.99,2022-02-27,"684 Pine St, Austin, TX 73301",Auriculares
USB-C Charging Cable,1,11.95,2022-02-27,"684 Pine St, Austin, TX 73301",Cargadores
AA Batteries (4-pack),4,3.84,2022-02-15,"222 Hill St, San Francisco, CA 94016",Pilas
AA Batteries (4-pack),1,3.84,2022-02-20,"20 1st St, Los Angeles, CA 90001",Pilas
27in 4K Gaming Monitor,1,389.99,2022-02-18,"433 1st St, San Francisco, CA 94016",Monitores
AA Batteries (4-pack),1,3.84,2022-02-20,"792 Johnson St, San Francisco, CA 94016",Pilas
Flatscreen TV,1,300,2022-02-20,"893 11th St, New York City, NY 10001",Televisores
34in Ultrawide Monitor,1,379.99,2022-02-21,"492 West St, Atlanta, GA 30301",Monitores
Lightning Charging Cable,1,14.95,2022-02-21,"215 9th St, San Francisco, CA 94016",Cargadores
27in FHD Monitor,1,149.99,2022-02-25,"78 1st St, Los Angeles, CA 90001",Monitores
Google Phone,1,600,2022-02-25,"681 13th St, San Francisco, CA 94016",Teléfonos
USB-C Charging Cable,1,11.95,2022-02-21,"157 9th St, San Francisco, CA 94016",Cargadores
27in 4K Gaming Monitor,1,389.99,2022-02-27,"748 8th St, New York City, NY 10001",Monitores
Macbook Pro Laptop,1,1700,2022-02-18,"104 Meadow St, San Francisco, CA 94016",Portátiles
Lightning Charging Cable,1,14.95,2022-02-21,"976 1st St, Los Angeles, CA 90001",Cargadores
AA Batteries (4-pack),1,3.84,2022-02-25,"30 Adams St, San Francisco, CA 94016",Pilas
Vareebadd Phone,1,400,2022-02-20,"102 South St, Los Angeles, CA 90001",Teléfonos
Apple Airpods Headphones,1,150,2022-02-15,"752 Elm St, San Francisco, CA 94016",Auriculares
Apple Airpods Headphones,1,150,2022-02-18,"4 Church St, Los Angeles, CA 90001",Auriculares
ThinkPad Laptop,1,999.99,2022-02-25,"600 Highland St, San Francisco, CA 94016",Portátiles
Wired Headphones,2,11.99,2022-02-24,"576 Adams St, San Francisco, CA 94016",Auriculares
Vareebadd Phone,1,400,2022-02-13,"929 Wilson St, San Francisco, CA 94016",Teléfonos
USB-C Charging Cable,1,11.95,2022-02-13,"367 Jackson St, New York City, NY 10001",Cargadores
20in Monitor,1,109.99,2022-02-25,"271 Lake St, Portland, ME 04101",Monitores
AA Batteries (4-pack),1,3.84,2022-02-14,"658 North St, San Francisco, CA 94016",Pilas
Lightning Charging Cable,1,14.95,2022-02-20,"558 2nd St, Portland, OR 97035",Cargadores
AAA Batteries (4-pack),1,2.99,2022-02-24,"163 Ridge St, San Francisco, CA 94016",Pilas
Bose SoundSport Headphones,1,99.99,2022-02-23,"493 9th St, San Francisco, CA 94016",Auriculares
USB-C Charging Cable,1,11.95,2022-02-18,"417 Lake St, New York City, NY 10001",Cargadores
ThinkPad Laptop,1,999.99,2022-02-24,"140 Meadow St, Portland, OR 97035",Portátiles
USB-C Charging Cable,1,11.95,2022-02-24,"589 Park St, Austin, TX 73301",Cargadores
Lightning Charging Cable,1,14.95,2022-02-20,"748 Lakeview St, New York City, NY 10001",Cargadores
Lightning Charging Cable,1,14.95,2022-02-26,"678 13th St, Boston, MA 02215",Cargadores
Apple Airpods Headphones,1,150,2022-02-18,"475 Walnut St, Boston, MA 02215",Auriculares
ThinkPad Laptop,1,999.99,2022-02-20,"653 Johnson St, San Francisco, CA 94016",Portátiles
USB-C Charging Cable,1,11.95,2022-02-23,"534 Walnut St, San Francisco, CA 94016",Cargadores
Apple Airpods Headphones,1,150,2022-02-16,"242 Cedar St, New York City, NY 10001",Auriculares
AAA Batteries (4-pack),1,2.99,2022-02-16,"242 Cedar St, New York City, NY 10001",Pilas
Apple Airpods Headphones,1,150,2022-02-26,"662 14th St, Boston, MA 02215",Auriculares
AA Batteries (4-pack),1,3.84,2022-02-24,"961 Dogwood St, New York City, NY 10001",Pilas
AA Batteries (4-pack),1,3.84,2022-02-24,"872 Chestnut St, San Francisco, CA 94016",Pilas
Wired Headphones,1,11.99,2022-02-23,"38 South St, San Francisco, CA 94016",Auriculares
AAA Batteries (4-pack),1,2.99,2022-02-27,"601 West St, San Francisco, CA 94016",Pilas
AA Batteries (4-pack),2,3.84,2022-02-20,"759 Lincoln St, Dallas, TX 75001",Pilas
AA Batteries (4-pack),1,3.84,2022-02-22,"348 Forest St, San Francisco, CA 94016",Pilas
AA Batteries (4-pack),2,3.84,2022-02-28,"289 4th St, New York City, NY 10001",Pilas
20in Monitor,1,109.99,2022-02-24,"405 Adams St, New York City, NY 10001",Monitores
Apple Airpods Headphones,1,150,2022-02-21,"917 Dogwood St, Los Angeles, CA 90001",Auriculares
USB-C Charging Cable,1,11.95,2022-02-14,"23 10th St, New York City, NY 10001",Cargadores
iPhone,1,700,2022-02-20,"713 6th St, San Francisco, CA 94016",Teléfonos
iPhone,1,700,2022-02-15,"229 Pine St, Boston, MA 02215",Teléfonos
Lightning Charging Cable,1,14.95,2022-02-20,"366 Forest St, San Francisco, CA 94016",Cargadores
AA Batteries (4-pack),1,3.84,2022-02-27,"59 Dogwood St, Los Angeles, CA 90001",Pilas
AAA Batteries (4-pack),1,2.99,2022-02-17,"339 Hill St, New York City, NY 10001",Pilas
Lightning Charging Cable,1,14.95,2022-02-27,"805 Center St, Atlanta, GA 30301",Cargadores
Wired Headphones,1,11.99,2022-02-14,"444 Johnson St, Los Angeles, CA 90001",Auriculares
Lightning Charging Cable,1,14.95,2022-02-14,"444 Johnson St, Los Angeles, CA 90001",Cargadores
AA Batteries (4-pack),1,3.84,2022-02-28,"693 Park St, Atlanta, GA 30301",Pilas
Apple Airpods Headphones,1,150,2022-02-22,"403 11th St, Los Angeles, CA 90001",Auriculares
Lightning Charging Cable,1,14.95,2022-02-22,"403 11th St, Los Angeles, CA 90001",Cargadores
Lightning Charging Cable,1,14.95,2022-02-15,"680 Lincoln St, San Francisco, CA 94016",Cargadores
27in FHD Monitor,1,149.99,2022-02-19,"177 Jackson St, New York City, NY 10001",Monitores
27in 4K Gaming Monitor,1,389.99,2022-02-15,"840 Main St, Atlanta, GA 30301",Monitores
34in Ultrawide Monitor,1,379.99,2022-02-24,"852 Dogwood St, Boston, MA 02215",Monitores
Lightning Charging Cable,1,14.95,2022-02-16,"417 9th St, Dallas, TX 75001",Cargadores
27in FHD Monitor,1,149.99,2022-02-25,"785 5th St, Portland, OR 97035",Monitores
iPhone,1,700,2022-02-25,"342 Elm St, Boston, MA 02215",Teléfonos
AAA Batteries (4-pack),2,2.99,2022-02-28,"416 Lakeview St, Austin, TX 73301",Pilas
AA Batteries (4-pack),1,3.84,2022-02-23,"685 Park St, Seattle, WA 98101",Pilas
Lightning Charging Cable,1,14.95,2022-02-18,"321 Willow St, Atlanta, GA 30301",Cargadores
Flatscreen TV,1,300,2022-02-19,"73 Highland St, Boston, MA 02215",Televisores
iPhone,1,700,2022-02-13,"713 Sunset St, San Francisco, CA 94016",Teléfonos
USB-C Charging Cable,1,11.95,2022-02-22,"922 1st St, Atlanta, GA 30301",Cargadores
Apple Airpods Headphones,1,150,2022-02-23,"610 6th St, Los Angeles, CA 90001",Auriculares
Apple Airpods Headphones,1,150,2022-02-20,"301 Hill St, San Francisco, CA 94016",Auriculares
Bose SoundSport Headphones,1,99.99,2022-02-20,"581 Lakeview St, Portland, ME 04101",Auriculares
AA Batteries (4-pack),1,3.84,2022-02-28,"422 5th St, Boston, MA 02215",Pilas
Wired Headphones,1,11.99,2022-02-20,"953 Hill St, San Francisco, CA 94016",Auriculares
Apple Airpods Headphones,1,150,2022-02-25,"571 Hill St, Atlanta, GA 30301",Auriculares
27in 4K Gaming Monitor,1,389.99,2022-02-23,"973 1st St, Atlanta, GA 30301",Monitores
AAA Batteries (4-pack),1,2.99,2022-02-15,"170 Adams St, San Francisco, CA 94016",Pilas
AA Batteries (4-pack),1,3.84,2022-02-13,"267 Madison St, Boston, MA 02215",Pilas
ThinkPad Laptop,1,999.99,2022-02-21,"216 Park St, San Francisco, CA 94016",Portátiles
20in Monitor,1,109.99,2022-02-17,"152 Jackson St, New York City, NY 10001",Monitores
AAA Batteries (4-pack),2,2.99,2022-02-21,"863 Lakeview St, Seattle, WA 98101",Pilas
iPhone,1,700,2022-02-14,"934 6th St, San Francisco, CA 94016",Teléfonos
Wired Headphones,1,11.99,2022-02-28,"359 Willow St, Los Angeles, CA 90001",Auriculares
USB-C Charging Cable,1,11.95,2022-02-19,"107 Center St, San Francisco, CA 94016",Cargadores
AAA Batteries (4-pack),1,2.99,2022-02-27,"307 Cherry St, Los Angeles, CA 90001",Pilas
Lightning Charging Cable,1,14.95,2022-02-17,"267 Forest St, Seattle, WA 98101",Cargadores
Bose SoundSport Headphones,1,99.99,2022-02-28,"869 Sunset St, Boston, MA 02215",Auriculares
Flatscreen TV,1,300,2022-02-24,"609 Hickory St, San Francisco, CA 94016",Televisores
AA Batteries (4-pack),1,3.84,2022-02-13,"768 South St, Boston, MA 02215",Pilas
AA Batteries (4-pack),1,3.84,2022-02-26,"179 Park St, Portland, OR 97035",Pilas
USB-C Charging Cable,2,11.95,2022-02-26,"288 Meadow St, San Francisco, CA 94016",Cargadores
AA Batteries (4-pack),2,3.84,2022-02-22,"649 Highland St, New York City, NY 10001",Pilas
AAA Batteries (4-pack),1,2.99,2022-02-15,"877 Wilson St, Boston, MA 02215",Pilas
Lightning Charging Cable,1,14.95,2022-02-27,"529 Jefferson St, San Francisco, CA 94016",Cargadores
34in Ultrawide Monitor,1,379.99,2022-02-21,"531 2nd St, Dallas, TX 75001",Monitores
AA Batteries (4-pack),1,3.84,2022-02-19,"359 Elm St, Portland, OR 97035",Pilas
27in FHD Monitor,1,149.99,2022-02-13,"124 Jefferson St, New York City, NY 10001",Monitores
AA Batteries (4-pack),1,3.84,2022-02-15,"191 12th St, San Francisco, CA 94016",Pilas
AAA Batteries (4-pack),1,2.99,2022-02-19,"259 Lakeview St, San Francisco, CA 94016",Pilas
USB-C Charging Cable,1,11.95,2022-02-20,"194 Adams St, Austin, TX 73301",Cargadores
Apple Airpods Headphones,1,150,2022-02-20,"670 North St, Los Angeles, CA 90001",Auriculares
Bose SoundSport Headphones,1,99.99,2022-02-22,"862 Adams St, San Francisco, CA 94016",Auriculares
USB-C Charging Cable,1,11.95,2022-02-21,"879 Walnut St, San Francisco, CA 94016",Cargadores
AAA Batteries (4-pack),1,2.99,2022-02-21,"848 4th St, Atlanta, GA 30301",Pilas
34in Ultrawide Monitor,1,379.99,2022-02-18,"587 13th St, Dallas, TX 75001",Monitores
Google Phone,1,600,2022-02-22,"309 Jefferson St, Portland, ME 04101",Teléfonos
Vareebadd Phone,1,400,2022-02-13,"839 13th St, Boston, MA 02215",Teléfonos
27in 4K Gaming Monitor,1,389.99,2022-02-21,"388 Forest St, Portland, OR 97035",Monitores
Wired Headphones,1,11.99,2022-02-23,"497 7th St, San Francisco, CA 94016",Auriculares
AAA Batteries (4-pack),4,2.99,2022-02-21,"152 Lincoln St, Los Angeles, CA 90001",Pilas
Google Phone,1,600,2022-02-26,"765 Cherry St, San Francisco, CA 94016",Teléfonos
USB-C Charging Cable,1,11.95,2022-02-26,"765 Cherry St, San Francisco, CA 94016",Cargadores
Vareebadd Phone,1,400,2022-02-23,"12 Sunset St, San Francisco, CA 94016",Teléfonos
Wired Headphones,1,11.99,2022-02-28,"371 Cedar St, Los Angeles, CA 90001",Auriculares
Wired Headphones,1,11.99,2022-02-17,"881 West St, New York City, NY 10001",Auriculares
USB-C Charging Cable,1,11.95,2022-02-16,"423 South St, New York City, NY 10001",Cargadores
AA Batteries (4-pack),2,3.84,2022-02-13,"951 Lakeview St, Dallas, TX 75001",Pilas
Macbook Pro Laptop,1,1700,2022-02-19,"84 Wilson St, Los Angeles, CA 90001",Portátiles
Flatscreen TV,1,300,2022-02-25,"621 Main St, Los Angeles, CA 90001",Televisores
AA Batteries (4-pack),1,3.84,2022-02-17,"691 6th St, Los Angeles, CA 90001",Pilas
Apple Airpods Headphones,1,150,2022-02-14,"803 Lakeview St, Los Angeles, CA 90001",Auriculares
Macbook Pro Laptop,1,1700,2022-02-26,"588 8th St, New York City, NY 10001",Portátiles
Bose SoundSport Headphones,2,99.99,2022-02-14,"419 Wilson St, Los Angeles, CA 90001",Auriculares
AAA Batteries (4-pack),3,2.99,2022-02-25,"534 Willow St, New York City, NY 10001",Pilas
27in FHD Monitor,1,149.99,2022-02-25,"738 Chestnut St, Dallas, TX 75001",Monitores
Wired Headphones,1,11.99,2022-02-28,"641 Willow St, Boston, MA 02215",Auriculares
AAA Batteries (4-pack),1,2.99,2022-02-28,"609 Madison St, San Francisco, CA 94016",Pilas
Lightning Charging Cable,1,14.95,2022-02-19,"128 River St, Dallas, TX 75001",Cargadores
USB-C Charging Cable,2,11.95,2022-02-26,"524 Johnson St, Atlanta, GA 30301",Cargadores
Bose SoundSport Headphones,1,99.99,2022-02-27,"713 Adams St, Boston, MA 02215",Auriculares
Apple Airpods Headphones,1,150,2022-02-22,"963 Highland St, Austin, TX 73301",Auriculares
iPhone,1,700,2022-02-26,"826 9th St, San Francisco, CA 94016",Teléfonos
Wired Headphones,1,11.99,2022-02-26,"826 9th St, San Francisco, CA 94016",Auriculares
iPhone,1,700,2022-02-17,"148 11th St, Boston, MA 02215",Teléfonos
AAA Batteries (4-pack),1,2.99,2022-02-23,"926 5th St, Seattle, WA 98101",Pilas
AAA Batteries (4-pack),1,2.99,2022-02-28,"443 Pine St, San Francisco, CA 94016",Pilas
USB-C Charging Cable,1,11.95,2022-02-26,"386 Maple St, New York City, NY 10001",Cargadores
Wired Headphones,1,11.99,2022-02-24,"21 Willow St, San Francisco, CA 94016",Auriculares
Macbook Pro Laptop,1,1700,2022-02-27,"592 Hill St, Los Angeles, CA 90001",Portátiles
AAA Batteries (4-pack),1,2.99,2022-02-23,"615 Wilson St, New York City, NY 10001",Pilas
AA Batteries (4-pack),2,3.84,2022-02-23,"634 Washington St, Dallas, TX 75001",Pilas
Bose SoundSport Headphones,1,99.99,2022-02-21,"991 Lincoln St, Austin, TX 73301",Auriculares
USB-C Charging Cable,1,11.95,2022-02-23,"432 Lincoln St, Portland, ME 04101",Cargadores
Apple Airpods Headphones,1,150,2022-02-16,"178 Adams St, Seattle, WA 98101",Auriculares
Lightning Charging Cable,1,14.95,2022-02-20,"434 Willow St, Portland, OR 97035",Cargadores
Macbook Pro Laptop,1,1700,2022-02-21,"127 Adams St, San Francisco, CA 94016",Portátiles
Bose SoundSport Headphones,1,99.99,2022-02-24,"854 Wilson St, Boston, MA 02215",Auriculares
20in Monitor,1,109.99,2022-02-13,"649 2nd St, San Francisco, CA 94016",Monitores
Lightning Charging Cable,1,14.95,2022-02-15,"536 Meadow St, New York City, NY 10001",Cargadores
USB-C Charging Cable,1,11.95,2022-02-24,"453 Hickory St, Boston, MA 02215",Cargadores
Apple Airpods Headphones,1,150,2022-02-25,"737 13th St, Los Angeles, CA 90001",Auriculares
USB-C Charging Cable,1,11.95,2022-02-18,"418 South St, San Francisco, CA 94016",Cargadores
34in Ultrawide Monitor,1,379.99,2022-02-17,"182 Adams St, Boston, MA 02215",Monitores
Apple Airpods Headphones,1,150,2022-02-24,"793 Jefferson St, New York City, NY 10001",Auriculares
LG Dryer,1,600.0,2022-02-16,"635 Madison St, San Francisco, CA 94016",Electrodomésticos
Wired Headphones,1,11.99,2022-02-27,"666 South St, San Francisco, CA 94016",Auriculares
Apple Airpods Headphones,1,150,2022-02-26,"642 Sunset St, Seattle, WA 98101",Auriculares
AA Batteries (4-pack),2,3.84,2022-02-19,"721 14th St, Los Angeles, CA 90001",Pilas
27in 4K Gaming Monitor,1,389.99,2022-02-17,"213 7th St, San Francisco, CA 94016",Monitores
Google Phone,1,600,2022-02-14,"675 1st St, Austin, TX 73301",Teléfonos
USB-C Charging Cable,1,11.95,2022-02-14,"675 1st St, Austin, TX 73301",Cargadores
Wired Headphones,1,11.99,2022-02-14,"675 1st St, Austin, TX 73301",Auriculares
AA Batteries (4-pack),1,3.84,2022-02-20,"448 9th St, Dallas, TX 75001",Pilas
27in 4K Gaming Monitor,1,389.99,2022-02-27,"330 6th St, Los Angeles, CA 90001",Monitores
Apple Airpods Headphones,1,150,2022-02-28,"674 Jackson St, Portland, ME 04101",Auriculares
27in 4K Gaming Monitor,1,389.99,2022-02-14,"204 4th St, San Francisco, CA 94016",Monitores
USB-C Charging Cable,1,11.95,2022-02-27,"788 Lincoln St, San Francisco, CA 94016",Cargadores
27in 4K Gaming Monitor,1,389.99,2022-02-23,"227 1st St, San Francisco, CA 94016",Monitores
Macbook Pro Laptop,1,1700,2022-02-23,"227 1st St, San Francisco, CA 94016",Portátiles
AA Batteries (4-pack),1,3.84,2022-02-13,"44 Hickory St, San Francisco, CA 94016",Pilas
USB-C Charging Cable,1,11.95,2022-02-25,"220 Lakeview St, Boston, MA 02215",Cargadores
27in 4K Gaming Monitor,1,389.99,2022-02-16,"692 Ridge St, Portland, OR 97035",Monitores
27in FHD Monitor,1,149.99,2022-02-17,"945 12th St, San Francisco, CA 94016",Monitores
USB-C Charging Cable,1,11.95,2022-02-19,"267 8th St, San Francisco, CA 94016",Cargadores
AAA Batteries (4-pack),1,2.99,2022-02-24,"967 Walnut St, San Francisco, CA 94016",Pilas
AA Batteries (4-pack),1,3.84,2022-02-25,"567 Washington St, San Francisco, CA 94016",Pilas
Lightning Charging Cable,2,14.95,2022-02-16,"29 Sunset St, Atlanta, GA 30301",Cargadores
27in 4K Gaming Monitor,1,389.99,2022-02-27,"138 Hill St, Dallas, TX 75001",Monitores
Apple Airpods Headphones,1,150,2022-02-26,"756 12th St, San Francisco, CA 94016",Auriculares
AAA Batteries (4-pack),3,2.99,2022-02-17,"160 Walnut St, Austin, TX 73301",Pilas
AA Batteries (4-pack),1,3.84,2022-02-16,"127 Center St, Dallas, TX 75001",Pilas
USB-C Charging Cable,1,11.95,2022-02-15,"401 7th St, Boston, MA 02215",Cargadores
ThinkPad Laptop,1,999.99,2022-02-28,"384 North St, Los Angeles, CA 90001",Portátiles
Apple Airpods Headphones,1,150,2022-02-14,"823 14th St, Dallas, TX 75001",Auriculares
Lightning Charging Cable,1,14.95,2022-02-25,"609 5th St, Dallas, TX 75001",Cargadores
USB-C Charging Cable,1,11.95,2022-02-17,"732 7th St, Portland, OR 97035",Cargadores
Lightning Charging Cable,1,14.95,2022-02-28,"546 6th St, Portland, OR 97035",Cargadores
Lightning Charging Cable,1,14.95,2022-02-24,"750 Meadow St, Boston, MA 02215",Cargadores
AA Batteries (4-pack),1,3.84,2022-02-19,"758 Meadow St, Portland, OR 97035",Pilas
Google Phone,1,600,2022-02-18,"793 7th St, Dallas, TX 75001",Teléfonos
USB-C Charging Cable,1,11.95,2022-02-18,"793 7th St, Dallas, TX 75001",Cargadores
27in FHD Monitor,1,149.99,2022-02-23,"360 1st St, Boston, MA 02215",Monitores
Lightning Charging Cable,1,14.95,2022-02-23,"360 1st St, Boston, MA 02215",Cargadores
Apple Airpods Headphones,1,150,2022-02-22,"282 Jefferson St, Dallas, TX 75001",Auriculares
USB-C Charging Cable,1,11.95,2022-02-27,"632 5th St, Los Angeles, CA 90001",Cargadores
AA Batteries (4-pack),1,3.84,2022-02-20,"189 West St, Boston, MA 02215",Pilas
USB-C Charging Cable,1,11.95,2022-02-20,"137 Dogwood St, San Francisco, CA 94016",Cargadores
27in FHD Monitor,1,149.99,2022-02-27,"892 Ridge St, Portland, OR 97035",Monitores
Bose SoundSport Headphones,1,99.99,2022-02-27,"934 Cherry St, Portland, OR 97035",Auriculares
20in Monitor,1,109.99,2022-02-21,"521 Chestnut St, Atlanta, GA 30301",Monitores
AA Batteries (4-pack),1,3.84,2022-02-15,"193 North St, Dallas, TX 75001",Pilas
Google Phone,1,600,2022-02-23,"378 Lake St, San Francisco, CA 94016",Teléfonos
USB-C Charging Cable,1,11.95,2022-02-23,"378 Lake St, San Francisco, CA 94016",Cargadores
AAA Batteries (4-pack),2,2.99,2022-02-15,"534 7th St, San Francisco, CA 94016",Pilas
Flatscreen TV,1,300,2022-02-28,"194 Dogwood St, Seattle, WA 98101",Televisores
Apple Airpods Headphones,1,150,2022-02-13,"389 Adams St, Dallas, TX 75001",Auriculares
AAA Batteries (4-pack),1,2.99,2022-02-17,"426 Pine St, San Francisco, CA 94016",Pilas
LG Dryer,1,600.0,2022-02-16,"855 Chestnut St, Seattle, WA 98101",Electrodomésticos
Apple Airpods Headphones,1,150,2022-02-19,"682 10th St, Austin, TX 73301",Auriculares
iPhone,1,700,2022-02-14,"863 Jefferson St, New York City, NY 10001",Teléfonos
Lightning Charging Cable,1,14.95,2022-02-14,"863 Jefferson St, New York City, NY 10001",Cargadores
27in FHD Monitor,1,149.99,2022-02-22,"145 Washington St, Atlanta, GA 30301",Monitores
27in 4K Gaming Monitor,1,389.99,2022-02-23,"175 Lincoln St, Seattle, WA 98101",Monitores
Lightning Charging Cable,1,14.95,2022-02-17,"398 Lakeview St, Seattle, WA 98101",Cargadores
USB-C Charging Cable,1,11.95,2022-02-16,"907 Park St, San Francisco, CA 94016",Cargadores
iPhone,1,700,2022-02-23,"250 Madison St, San Francisco, CA 94016",Teléfonos
Lightning Charging Cable,1,14.95,2022-02-23,"250 Madison St, San Francisco, CA 94016",Cargadores
AA Batteries (4-pack),2,3.84,2022-02-22,"37 Lincoln St, Atlanta, GA 30301",Pilas
Wired Headphones,2,11.99,2022-02-21,"551 Jefferson St, San Francisco, CA 94016",Auriculares
USB-C Charging Cable,1,11.95,2022-02-23,"793 Willow St, San Francisco, CA 94016",Cargadores
Lightning Charging Cable,1,14.95,2022-02-28,"496 Walnut St, San Francisco, CA 94016",Cargadores
Flatscreen TV,1,300,2022-02-13,"4 Madison St, Dallas, TX 75001",Televisores
Wired Headphones,2,11.99,2022-02-27,"937 Meadow St, New York City, NY 10001",Auriculares
USB-C Charging Cable,1,11.95,2022-02-20,"348 South St, Austin, TX 73301",Cargadores
iPhone,1,700,2022-02-18,"551 West St, San Francisco, CA 94016",Teléfonos
Google Phone,1,600,2022-02-15,"64 Wilson St, Dallas, TX 75001",Teléfonos
USB-C Charging Cable,1,11.95,2022-02-22,"142 Sunset St, San Francisco, CA 94016",Cargadores
USB-C Charging Cable,1,11.95,2022-02-28,"710 Park St, San Francisco, CA 94016",Cargadores
AAA Batteries (4-pack),2,2.99,2022-02-14,"288 Meadow St, Portland, OR 97035",Pilas
AAA Batteries (4-pack),2,2.99,2022-02-17,"283 Wilson St, Dallas, TX 75001",Pilas
Lightning Charging Cable,1,14.95,2022-02-22,"381 Highland St, San Francisco, CA 94016",Cargadores
ThinkPad Laptop,1,999.99,2022-02-27,"228 Sunset St, Seattle, WA 98101",Portátiles
Wired Headphones,1,11.99,2022-02-13,"233 4th St, New York City, NY 10001",Auriculares
AAA Batteries (4-pack),3,2.99,2022-02-23,"632 12th St, San Francisco, CA 94016",Pilas
AAA Batteries (4-pack),1,2.99,2022-02-19,"340 Sunset St, Los Angeles, CA 90001",Pilas
Google Phone,1,600,2022-02-26,"244 8th St, New York City, NY 10001",Teléfonos
Wired Headphones,1,11.99,2022-02-26,"244 8th St, New York City, NY 10001",Auriculares
AAA Batteries (4-pack),1,2.99,2022-02-28,"571 Johnson St, Portland, OR 97035",Pilas
iPhone,1,700,2022-02-18,"52 North St, Seattle, WA 98101",Teléfonos
Lightning Charging Cable,1,14.95,2022-02-21,"185 Pine St, New York City, NY 10001",Cargadores
iPhone,1,700,2022-02-19,"21 River St, Seattle, WA 98101",Teléfonos
AA Batteries (4-pack),1,3.84,2022-02-24,"942 9th St, San Francisco, CA 94016",Pilas
Apple Airpods Headphones,1,150,2022-02-23,"985 Lake St, Seattle, WA 98101",Auriculares
Lightning Charging Cable,1,14.95,2022-02-20,"39 Dogwood St, San Francisco, CA 94016",Cargadores
Bose SoundSport Headphones,1,99.99,2022-02-19,"110 2nd St, New York City, NY 10001",Auriculares
USB-C Charging Cable,1,11.95,2022-02-19,"782 5th St, San Francisco, CA 94016",Cargadores
27in FHD Monitor,1,149.99,2022-02-28,"595 Lincoln St, San Francisco, CA 94016",Monitores
Lightning Charging Cable,1,14.95,2022-02-21,"185 14th St, Los Angeles, CA 90001",Cargadores
Bose SoundSport Headphones,1,99.99,2022-02-28,"105 Cherry St, Los Angeles, CA 90001",Auriculares
Lightning Charging Cable,1,14.95,2022-02-13,"274 Cedar St, Dallas, TX 75001",Cargadores
AAA Batteries (4-pack),1,2.99,2022-02-18,"410 13th St, Dallas, TX 75001",Pilas
27in FHD Monitor,1,149.99,2022-02-26,"937 Ridge St, Los Angeles, CA 90001",Monitores
USB-C Charging Cable,1,11.95,2022-02-16,"373 Johnson St, Dallas, TX 75001",Cargadores
Lightning Charging Cable,1,14.95,2022-02-23,"714 Maple St, Atlanta, GA 30301",Cargadores
ThinkPad Laptop,1,999.99,2022-02-15,"294 1st St, New York City, NY 10001",Portátiles
20in Monitor,1,109.99,2022-02-24,"427 Meadow St, San Francisco, CA 94016",Monitores
USB-C Charging Cable,1,11.95,2022-02-13,"992 Church St, Los Angeles, CA 90001",Cargadores
Wired Headphones,1,11.99,2022-02-19,"972 River St, Los Angeles, CA 90001",Auriculares
Lightning Charging Cable,1,14.95,2022-02-22,"430 Willow St, Los Angeles, CA 90001",Cargadores
Wired Headphones,1,11.99,2022-02-18,"647 Madison St, Boston, MA 02215",Auriculares
AA Batteries (4-pack),1,3.84,2022-02-21,"26 Center St, Seattle, WA 98101",Pilas
Lightning Charging Cable,1,14.95,2022-02-22,"390 Church St, Los Angeles, CA 90001",Cargadores
Flatscreen TV,1,300,2022-02-25,"953 Meadow St, San Francisco, CA 94016",Televisores
iPhone,1,700,2022-02-21,"647 South St, New York City, NY 10001",Teléfonos
Google Phone,1,600,2022-02-13,"679 Sunset St, San Francisco, CA 94016",Teléfonos
Vareebadd Phone,1,400,2022-02-24,"232 Jackson St, Seattle, WA 98101",Teléfonos
Wired Headphones,1,11.99,2022-02-18,"747 North St, Los Angeles, CA 90001",Auriculares
Apple Airpods Headphones,1,150,2022-02-15,"410 5th St, Portland, OR 97035",Auriculares
Bose SoundSport Headphones,1,99.99,2022-02-25,"331 Walnut St, San Francisco, CA 94016",Auriculares
AAA Batteries (4-pack),1,2.99,2022-02-22,"905 South St, New York City, NY 10001",Pilas
34in Ultrawide Monitor,1,379.99,2022-02-19,"375 Willow St, San Francisco, CA 94016",Monitores
AA Batteries (4-pack),2,3.84,2022-02-14,"826 Willow St, San Francisco, CA 94016",Pilas
AA Batteries (4-pack),3,3.84,2022-02-13,"319 8th St, Dallas, TX 75001",Pilas
Apple Airpods Headphones,1,150,2022-02-13,"736 Meadow St, Boston, MA 02215",Auriculares
Apple Airpods Headphones,1,150,2022-02-19,"996 South St, New York City, NY 10001",Auriculares
Bose SoundSport Headphones,1,99.99,2022-02-16,"704 South St, San Francisco, CA 94016",Auriculares
LG Dryer,1,600.0,2022-02-23,"642 Lake St, San Francisco, CA 94016",Electrodomésticos
AAA Batteries (4-pack),1,2.99,2022-02-18,"78 Elm St, New York City, NY 10001",Pilas
AAA Batteries (4-pack),3,2.99,2022-02-27,"600 South St, San Francisco, CA 94016",Pilas
AAA Batteries (4-pack),1,2.99,2022-02-27,"600 South St, San Francisco, CA 94016",Pilas
AA Batteries (4-pack),3,3.84,2022-02-23,"902 North St, Boston, MA 02215",Pilas
Wired Headphones,1,11.99,2022-02-18,"997 Cedar St, Atlanta, GA 30301",Auriculares
Wired Headphones,1,11.99,2022-02-28,"338 14th St, Boston, MA 02215",Auriculares
ThinkPad Laptop,1,999.99,2022-02-17,"574 Washington St, San Francisco, CA 94016",Portátiles
34in Ultrawide Monitor,1,379.99,2022-02-20,"910 Highland St, Atlanta, GA 30301",Monitores
AA Batteries (4-pack),1,3.84,2022-02-19,"761 12th St, Los Angeles, CA 90001",Pilas
Google Phone,1,600,2022-02-25,"726 11th St, San Francisco, CA 94016",Teléfonos
27in FHD Monitor,1,149.99,2022-02-25,"753 Madison St, Dallas, TX 75001",Monitores
AA Batteries (4-pack),1,3.84,2022-02-15,"893 Jefferson St, Los Angeles, CA 90001",Pilas
Apple Airpods Headphones,1,150,2022-02-15,"567 Park St, Atlanta, GA 30301",Auriculares
Wired Headphones,1,11.99,2022-02-16,"672 South St, San Francisco, CA 94016",Auriculares
USB-C Charging Cable,1,11.95,2022-02-27,"541 6th St, San Francisco, CA 94016",Cargadores
AA Batteries (4-pack),1,3.84,2022-02-19,"761 Elm St, Boston, MA 02215",Pilas
20in Monitor,1,109.99,2022-02-27,"772 South St, San Francisco, CA 94016",Monitores
AAA Batteries (4-pack),1,2.99,2022-02-27,"516 14th St, San Francisco, CA 94016",Pilas
34in Ultrawide Monitor,1,379.99,2022-02-25,"441 Hickory St, Los Angeles, CA 90001",Monitores
Wired Headphones,1,11.99,2022-02-25,"596 14th St, Seattle, WA 98101",Auriculares
USB-C Charging Cable,2,11.95,2022-02-25,"330 Highland St, Los Angeles, CA 90001",Cargadores
USB-C Charging Cable,1,11.95,2022-02-16,"635 Lincoln St, New York City, NY 10001",Cargadores
Bose SoundSport Headphones,1,99.99,2022-02-22,"471 Highland St, Los Angeles, CA 90001",Auriculares
ThinkPad Laptop,1,999.99,2022-02-17,"788 Church St, Atlanta, GA 30301",Portátiles
Lightning Charging Cable,1,14.95,2022-02-14,"671 11th St, Portland, ME 04101",Cargadores
USB-C Charging Cable,1,11.95,2022-02-20,"335 Elm St, Los Angeles, CA 90001",Cargadores
AA Batteries (4-pack),2,3.84,2022-02-16,"572 Johnson St, Los Angeles, CA 90001",Pilas
USB-C Charging Cable,1,11.95,2022-02-15,"755 5th St, Los Angeles, CA 90001",Cargadores
Lightning Charging Cable,1,14.95,2022-02-13,"777 Hill St, San Francisco, CA 94016",Cargadores
USB-C Charging Cable,1,11.95,2022-02-16,"433 13th St, Seattle, WA 98101",Cargadores
Wired Headphones,1,11.99,2022-02-19,"49 Highland St, Seattle, WA 98101",Auriculares
Apple Airpods Headphones,1,150,2022-02-15,"153 Park St, Los Angeles, CA 90001",Auriculares
AA Batteries (4-pack),1,3.84,2022-02-27,"790 Madison St, Portland, OR 97035",Pilas
ThinkPad Laptop,1,999.99,2022-02-23,"279 8th St, Atlanta, GA 30301",Portátiles
Bose SoundSport Headphones,1,99.99,2022-02-17,"244 Main St, New York City, NY 10001",Auriculares
27in FHD Monitor,1,149.99,2022-02-18,"867 6th St, New York City, NY 10001",Monitores
Apple Airpods Headphones,1,150,2022-02-27,"915 Lakeview St, Portland, OR 97035",Auriculares
USB-C Charging Cable,1,11.95,2022-02-24,"632 River St, San Francisco, CA 94016",Cargadores
USB-C Charging Cable,1,11.95,2022-02-14,"278 Walnut St, Los Angeles, CA 90001",Cargadores
USB-C Charging Cable,1,11.95,2022-02-19,"406 9th St, Boston, MA 02215",Cargadores
27in 4K Gaming Monitor,1,389.99,2022-02-20,"411 Lincoln St, Los Angeles, CA 90001",Monitores
27in FHD Monitor,1,149.99,2022-02-21,"314 Center St, San Francisco, CA 94016",Monitores
Wired Headphones,1,11.99,2022-02-14,"668 13th St, Los Angeles, CA 90001",Auriculares
Bose SoundSport Headphones,1,99.99,2022-02-14,"142 Washington St, San Francisco, CA 94016",Auriculares
Apple Airpods Headphones,1,150,2022-02-14,"142 Washington St, San Francisco, CA 94016",Auriculares
Flatscreen TV,1,300,2022-02-28,"773 Washington St, San Francisco, CA 94016",Televisores
Vareebadd Phone,1,400,2022-02-16,"671 Park St, New York City, NY 10001",Teléfonos
Bose SoundSport Headphones,1,99.99,2022-02-26,"804 Adams St, Los Angeles, CA 90001",Auriculares
USB-C Charging Cable,1,11.95,2022-02-25,"524 5th St, New York City, NY 10001",Cargadores
AAA Batteries (4-pack),1,2.99,2022-02-24,"869 Lake St, Los Angeles, CA 90001",Pilas
27in FHD Monitor,1,149.99,2022-02-26,"521 Spruce St, Boston, MA 02215",Monitores
Lightning Charging Cable,1,14.95,2022-02-24,"674 10th St, San Francisco, CA 94016",Cargadores
AAA Batteries (4-pack),3,2.99,2022-02-16,"691 Madison St, San Francisco, CA 94016",Pilas
27in 4K Gaming Monitor,1,389.99,2022-02-17,"495 Hickory St, Austin, TX 73301",Monitores
Bose SoundSport Headphones,1,99.99,2022-02-25,"776 Hickory St, Atlanta, GA 30301",Auriculares
AA Batteries (4-pack),1,3.84,2022-02-25,"751 Highland St, Portland, OR 97035",Pilas
34in Ultrawide Monitor,1,379.99,2022-02-22,"421 Dogwood St, Los Angeles, CA 90001",Monitores
Google Phone,1,600,2022-02-14,"141 5th St, Boston, MA 02215",Teléfonos
ThinkPad Laptop,1,999.99,2022-02-23,"255 1st St, Atlanta, GA 30301",Portátiles
Lightning Charging Cable,1,14.95,2022-02-24,"610 Pine St, Los Angeles, CA 90001",Cargadores
AAA Batteries (4-pack),1,2.99,2022-02-25,"370 11th St, Seattle, WA 98101",Pilas
Lightning Charging Cable,1,14.95,2022-02-14,"375 2nd St, San Francisco, CA 94016",Cargadores
Google Phone,1,600,2022-02-20,"536 Hickory St, San Francisco, CA 94016",Teléfonos
Apple Airpods Headphones,1,150,2022-02-28,"581 Cherry St, New York City, NY 10001",Auriculares
27in 4K Gaming Monitor,1,389.99,2022-02-17,"939 Hill St, Atlanta, GA 30301",Monitores
AA Batteries (4-pack),3,3.84,2022-02-26,"974 Johnson St, San Francisco, CA 94016",Pilas
USB-C Charging Cable,1,11.95,2022-02-21,"350 11th St, San Francisco, CA 94016",Cargadores
USB-C Charging Cable,1,11.95,2022-02-28,"93 Johnson St, Los Angeles, CA 90001",Cargadores
Apple Airpods Headphones,1,150,2022-02-28,"401 9th St, Atlanta, GA 30301",Auriculares
Lightning Charging Cable,1,14.95,2022-02-19,"502 11th St, Boston, MA 02215",Cargadores
Wired Headphones,2,11.99,2022-02-25,"573 4th St, San Francisco, CA 94016",Auriculares
Macbook Pro Laptop,1,1700,2022-02-20,"555 Wilson St, New York City, NY 10001",Portátiles
USB-C Charging Cable,1,11.95,2022-02-20,"338 West St, Atlanta, GA 30301",Cargadores
AAA Batteries (4-pack),2,2.99,2022-02-24,"369 West St, Atlanta, GA 30301",Pilas
iPhone,1,700,2022-02-15,"238 West St, Atlanta, GA 30301",Teléfonos
Lightning Charging Cable,1,14.95,2022-02-15,"238 West St, Atlanta, GA 30301",Cargadores
USB-C Charging Cable,1,11.95,2022-02-15,"5 Cedar St, Portland, ME 04101",Cargadores
iPhone,1,700,2022-02-24,"604 Johnson St, Portland, OR 97035",Teléfonos
AA Batteries (4-pack),1,3.84,2022-02-17,"162 Sunset St, New York City, NY 10001",Pilas
USB-C Charging Cable,1,11.95,2022-02-15,"282 8th St, San Francisco, CA 94016",Cargadores
USB-C Charging Cable,1,11.95,2022-02-22,"946 Sunset St, Dallas, TX 75001",Cargadores
34in Ultrawide Monitor,1,379.99,2022-02-25,"968 Lakeview St, San Francisco, CA 94016",Monitores
Apple Airpods Headphones,1,150,2022-02-13,"573 Hill St, Austin, TX 73301",Auriculares
Bose SoundSport Headphones,1,99.99,2022-02-27,"961 Spruce St, Dallas, TX 75001",Auriculares
34in Ultrawide Monitor,1,379.99,2022-02-16,"627 13th St, Los Angeles, CA 90001",Monitores
Lightning Charging Cable,1,14.95,2022-02-15,"255 North St, New York City, NY 10001",Cargadores
Wired Headphones,1,11.99,2022-02-22,"326 Wilson St, Austin, TX 73301",Auriculares
Bose SoundSport Headphones,1,99.99,2022-02-14,"541 Madison St, San Francisco, CA 94016",Auriculares
USB-C Charging Cable,1,11.95,2022-02-18,"243 Church St, San Francisco, CA 94016",Cargadores
27in FHD Monitor,1,149.99,2022-02-19,"322 Pine St, San Francisco, CA 94016",Monitores
iPhone,1,700,2022-02-18,"617 Center St, Los Angeles, CA 90001",Teléfonos
27in 4K Gaming Monitor,1,389.99,2022-02-21,"354 Hickory St, New York City, NY 10001",Monitores
AAA Batteries (4-pack),1,2.99,2022-02-19,"914 Johnson St, Dallas, TX 75001",Pilas
USB-C Charging Cable,1,11.95,2022-02-20,"180 14th St, Portland, OR 97035",Cargadores
Macbook Pro Laptop,1,1700,2022-02-24,"74 Highland St, San Francisco, CA 94016",Portátiles
ThinkPad Laptop,1,999.99,2022-02-19,"447 8th St, Boston, MA 02215",Portátiles
AA Batteries (4-pack),1,3.84,2022-02-26,"357 South St, Los Angeles, CA 90001",Pilas
Lightning Charging Cable,1,14.95,2022-02-24,"749 Maple St, San Francisco, CA 94016",Cargadores
Google Phone,1,600,2022-02-28,"809 Sunset St, Atlanta, GA 30301",Teléfonos
iPhone,1,700,2022-02-23,"816 North St, Portland, OR 97035",Teléfonos
Wired Headphones,1,11.99,2022-02-23,"816 North St, Portland, OR 97035",Auriculares
Wired Headphones,1,11.99,2022-02-23,"139 Lake St, Boston, MA 02215",Auriculares
Google Phone,1,600,2022-02-17,"433 North St, New York City, NY 10001",Teléfonos
AA Batteries (4-pack),2,3.84,2022-02-15,"270 Hickory St, Atlanta, GA 30301",Pilas
27in FHD Monitor,1,149.99,2022-02-18,"392 Elm St, Austin, TX 73301",Monitores
Bose SoundSport Headphones,1,99.99,2022-02-18,"570 5th St, Boston, MA 02215",Auriculares
USB-C Charging Cable,1,11.95,2022-02-28,"802 Jefferson St, San Francisco, CA 94016",Cargadores
Lightning Charging Cable,1,14.95,2022-02-20,"868 Washington St, Boston, MA 02215",Cargadores
AA Batteries (4-pack),1,3.84,2022-02-26,"180 Wilson St, San Francisco, CA 94016",Pilas
USB-C Charging Cable,1,11.95,2022-02-21,"541 West St, San Francisco, CA 94016",Cargadores
Flatscreen TV,1,300,2022-02-24,"718 Johnson St, New York City, NY 10001",Televisores
Wired Headphones,1,11.99,2022-02-23,"756 Dogwood St, Los Angeles, CA 90001",Auriculares
USB-C Charging Cable,1,11.95,2022-02-21,"175 13th St, Portland, OR 97035",Cargadores
Apple Airpods Headphones,1,150,2022-02-21,"353 North St, San Francisco, CA 94016",Auriculares
Apple Airpods Headphones,1,150,2022-02-15,"50 Lake St, Dallas, TX 75001",Auriculares
Wired Headphones,1,11.99,2022-02-28,"541 Cedar St, New York City, NY 10001",Auriculares
USB-C Charging Cable,1,11.95,2022-02-24,"964 Willow St, Austin, TX 73301",Cargadores
Lightning Charging Cable,1,14.95,2022-02-26,"4 Wilson St, Boston, MA 02215",Cargadores
USB-C Charging Cable,1,11.95,2022-02-15,"287 9th St, Portland, ME 04101",Cargadores
Flatscreen TV,1,300,2022-02-28,"905 Lincoln St, Los Angeles, CA 90001",Televisores
AAA Batteries (4-pack),2,2.99,2022-02-22,"670 5th St, Los Angeles, CA 90001",Pilas
20in Monitor,1,109.99,2022-02-17,"323 North St, San Francisco, CA 94016",Monitores
Google Phone,1,600,2022-02-18,"111 Jackson St, New York City, NY 10001",Teléfonos
iPhone,1,700,2022-02-20,"640 Main St, New York City, NY 10001",Teléfonos
Lightning Charging Cable,1,14.95,2022-02-20,"640 Main St, New York City, NY 10001",Cargadores
Google Phone,1,600,2022-02-14,"237 Cherry St, San Francisco, CA 94016",Teléfonos
ThinkPad Laptop,1,999.99,2022-02-23,"922 11th St, New York City, NY 10001",Portátiles
Apple Airpods Headphones,1,150,2022-02-17,"726 West St, Los Angeles, CA 90001",Auriculares
USB-C Charging Cable,1,11.95,2022-02-25,"691 Jefferson St, Los Angeles, CA 90001",Cargadores
AA Batteries (4-pack),2,3.84,2022-02-13,"398 Park St, Seattle, WA 98101",Pilas
Apple Airpods Headphones,1,150,2022-02-22,"575 West St, San Francisco, CA 94016",Auriculares
AAA Batteries (4-pack),2,2.99,2022-02-20,"603 13th St, Boston, MA 02215",Pilas
Lightning Charging Cable,1,14.95,2022-02-19,"836 Willow St, New York City, NY 10001",Cargadores
Bose SoundSport Headphones,1,99.99,2022-02-27,"304 Lincoln St, Seattle, WA 98101",Auriculares
AAA Batteries (4-pack),3,2.99,2022-02-27,"562 8th St, Los Angeles, CA 90001",Pilas
AA Batteries (4-pack),1,3.84,2022-02-17,"660 River St, Dallas, TX 75001",Pilas
27in FHD Monitor,1,149.99,2022-02-22,"653 Johnson St, San Francisco, CA 94016",Monitores
20in Monitor,1,109.99,2022-02-23,"769 Meadow St, New York City, NY 10001",Monitores
Bose SoundSport Headphones,1,99.99,2022-02-28,"567 North St, San Francisco, CA 94016",Auriculares
Lightning Charging Cable,1,14.95,2022-02-27,"493 Dogwood St, Dallas, TX 75001",Cargadores
USB-C Charging Cable,1,11.95,2022-02-26,"159 Chestnut St, Seattle, WA 98101",Cargadores
Wired Headphones,1,11.99,2022-02-22,"112 Jackson St, Boston, MA 02215",Auriculares
USB-C Charging Cable,1,11.95,2022-02-16,"89 Church St, San Francisco, CA 94016",Cargadores
Bose SoundSport Headphones,1,99.99,2022-02-24,"364 Johnson St, Seattle, WA 98101",Auriculares
Wired Headphones,1,11.99,2022-02-21,"95 Lakeview St, San Francisco, CA 94016",Auriculares
27in 4K Gaming Monitor,1,389.99,2022-02-28,"688 Madison St, Los Angeles, CA 90001",Monitores
Apple Airpods Headphones,1,150,2022-02-21,"725 Hickory St, Atlanta, GA 30301",Auriculares
AAA Batteries (4-pack),1,2.99,2022-02-24,"902 Spruce St, Atlanta, GA 30301",Pilas
Lightning Charging Cable,1,14.95,2022-02-13,"2 Maple St, Los Angeles, CA 90001",Cargadores
AAA Batteries (4-pack),1,2.99,2022-02-19,"69 Cherry St, Boston, MA 02215",Pilas
Bose SoundSport Headphones,1,99.99,2022-02-15,"337 Lakeview St, New York City, NY 10001",Auriculares
Google Phone,1,600,2022-02-23,"624 4th St, New York City, NY 10001",Teléfonos
Lightning Charging Cable,1,14.95,2022-02-24,"214 2nd St, Seattle, WA 98101",Cargadores
AAA Batteries (4-pack),1,2.99,2022-02-17,"127 5th St, San Francisco, CA 94016",Pilas
Wired Headphones,1,11.99,2022-02-20,"34 10th St, New York City, NY 10001",Auriculares
Flatscreen TV,1,300,2022-02-28,"872 8th St, Seattle, WA 98101",Televisores
AAA Batteries (4-pack),1,2.99,2022-02-26,"102 Lincoln St, Boston, MA 02215",Pilas
USB-C Charging Cable,1,11.95,2022-02-18,"114 Ridge St, New York City, NY 10001",Cargadores
AA Batteries (4-pack),1,3.84,2022-02-18,"775 River St, Atlanta, GA 30301",Pilas
AA Batteries (4-pack),1,3.84,2022-02-16,"438 Elm St, Los Angeles, CA 90001",Pilas
AAA Batteries (4-pack),1,2.99,2022-02-15,"316 Johnson St, New York City, NY 10001",Pilas
Google Phone,1,600,2022-02-22,"906 6th St, Los Angeles, CA 90001",Teléfonos
Wired Headphones,1,11.99,2022-02-22,"906 6th St, Los Angeles, CA 90001",Auriculares
34in Ultrawide Monitor,1,379.99,2022-02-13,"598 North St, Los Angeles, CA 90001",Monitores
Apple Airpods Headphones,1,150,2022-02-20,"486 Willow St, Portland, ME 04101",Auriculares
27in 4K Gaming Monitor,1,389.99,2022-02-28,"443 Highland St, Boston, MA 02215",Monitores
Lightning Charging Cable,1,14.95,2022-02-26,"901 Center St, Atlanta, GA 30301",Cargadores
Bose SoundSport Headphones,1,99.99,2022-02-19,"506 Lakeview St, Atlanta, GA 30301",Auriculares
Lightning Charging Cable,1,14.95,2022-02-27,"482 Lincoln St, Boston, MA 02215",Cargadores
Macbook Pro Laptop,1,1700,2022-02-13,"334 Adams St, New York City, NY 10001",Portátiles
27in 4K Gaming Monitor,1,389.99,2022-02-19,"375 Church St, New York City, NY 10001",Monitores
LG Washing Machine,1,600.0,2022-02-14,"781 4th St, Los Angeles, CA 90001",Electrodomésticos
Wired Headphones,1,11.99,2022-02-19,"606 Jefferson St, Boston, MA 02215",Auriculares
USB-C Charging Cable,1,11.95,2022-02-27,"608 Chestnut St, San Francisco, CA 94016",Cargadores
ThinkPad Laptop,1,999.99,2022-02-21,"469 8th St, Los Angeles, CA 90001",Portátiles
USB-C Charging Cable,1,11.95,2022-02-19,"163 Washington St, San Francisco, CA 94016",Cargadores
AAA Batteries (4-pack),3,2.99,2022-02-15,"81 Church St, Seattle, WA 98101",Pilas
Wired Headphones,1,11.99,2022-02-21,"434 6th St, Austin, TX 73301",Auriculares
Lightning Charging Cable,1,14.95,2022-02-22,"303 Pine St, Los Angeles, CA 90001",Cargadores
AAA Batteries (4-pack),1,2.99,2022-02-15,"53 Lakeview St, San Francisco, CA 94016",Pilas
AAA Batteries (4-pack),1,2.99,2022-02-21,"778 14th St, Portland, OR 97035",Pilas
iPhone,1,700,2022-02-14,"885 14th St, Los Angeles, CA 90001",Teléfonos
Lightning Charging Cable,1,14.95,2022-02-28,"296 Cherry St, Portland, OR 97035",Cargadores
Macbook Pro Laptop,1,1700,2022-02-14,"90 Park St, San Francisco, CA 94016",Portátiles
Google Phone,1,600,2022-02-14,"636 1st St, Dallas, TX 75001",Teléfonos
20in Monitor,1,109.99,2022-02-17,"524 Lakeview St, Atlanta, GA 30301",Monitores
AA Batteries (4-pack),1,3.84,2022-02-27,"129 Ridge St, New York City, NY 10001",Pilas
AA Batteries (4-pack),1,3.84,2022-02-26,"879 Jackson St, Austin, TX 73301",Pilas
AA Batteries (4-pack),2,3.84,2022-02-28,"476 Elm St, Seattle, WA 98101",Pilas
USB-C Charging Cable,1,11.95,2022-02-14,"132 Dogwood St, Boston, MA 02215",Cargadores
iPhone,1,700,2022-02-26,"796 Lake St, Seattle, WA 98101",Teléfonos
Apple Airpods Headphones,1,150,2022-02-26,"796 Lake St, Seattle, WA 98101",Auriculares
AA Batteries (4-pack),3,3.84,2022-02-15,"8 9th St, Boston, MA 02215",Pilas
Bose SoundSport Headphones,1,99.99,2022-02-27,"969 Chestnut St, Portland, OR 97035",Auriculares
Apple Airpods Headphones,1,150,2022-02-20,"543 2nd St, Boston, MA 02215",Auriculares
Wired Headphones,1,11.99,2022-02-23,"955 Highland St, Portland, ME 04101",Auriculares
Apple Airpods Headphones,1,150,2022-02-15,"253 Wilson St, New York City, NY 10001",Auriculares
Bose SoundSport Headphones,1,99.99,2022-02-15,"777 Spruce St, San Francisco, CA 94016",Auriculares
ThinkPad Laptop,1,999.99,2022-02-28,"525 Adams St, Los Angeles, CA 90001",Portátiles
Wired Headphones,1,11.99,2022-02-18,"972 5th St, New York City, NY 10001",Auriculares
AAA Batteries (4-pack),1,2.99,2022-02-26,"548 Park St, San Francisco, CA 94016",Pilas
USB-C Charging Cable,1,11.95,2022-02-17,"601 14th St, Boston, MA 02215",Cargadores
Wired Headphones,2,11.99,2022-02-19,"70 2nd St, Dallas, TX 75001",Auriculares
Bose SoundSport Headphones,1,99.99,2022-02-20,"729 South St, Boston, MA 02215",Auriculares
Flatscreen TV,1,300,2022-02-24,"635 Jackson St, New York City, NY 10001",Televisores
USB-C Charging Cable,1,11.95,2022-02-17,"956 River St, Seattle, WA 98101",Cargadores
USB-C Charging Cable,1,11.95,2022-02-23,"324 7th St, New York City, NY 10001",Cargadores
iPhone,1,700,2022-02-17,"185 11th St, Los Angeles, CA 90001",Teléfonos
USB-C Charging Cable,1,11.95,2022-02-17,"363 Forest St, Seattle, WA 98101",Cargadores
Flatscreen TV,1,300,2022-02-26,"391 North St, Atlanta, GA 30301",Televisores
AAA Batteries (4-pack),1,2.99,2022-02-13,"929 8th St, Seattle, WA 98101",Pilas
Apple Airpods Headphones,1,150,2022-02-19,"88 Chestnut St, New York City, NY 10001",Auriculares
Wired Headphones,2,11.99,2022-02-17,"884 Wilson St, San Francisco, CA 94016",Auriculares
Apple Airpods Headphones,1,150,2022-02-27,"600 Forest St, San Francisco, CA 94016",Auriculares
USB-C Charging Cable,1,11.95,2022-02-14,"674 Hill St, Seattle, WA 98101",Cargadores
Lightning Charging Cable,2,14.95,2022-02-22,"127 5th St, Austin, TX 73301",Cargadores
Apple Airpods Headphones,1,150,2022-02-28,"104 Lincoln St, Boston, MA 02215",Auriculares
AAA Batteries (4-pack),2,2.99,2022-02-20,"257 Hill St, San Francisco, CA 94016",Pilas
AAA Batteries (4-pack),2,2.99,2022-02-16,"155 Forest St, Dallas, TX 75001",Pilas
AA Batteries (4-pack),1,3.84,2022-02-25,"771 Center St, Seattle, WA 98101",Pilas
Google Phone,1,600,2022-02-21,"849 Church St, Boston, MA 02215",Teléfonos
USB-C Charging Cable,1,11.95,2022-02-21,"849 Church St, Boston, MA 02215",Cargadores
27in 4K Gaming Monitor,1,389.99,2022-02-25,"294 11th St, Atlanta, GA 30301",Monitores
Bose SoundSport Headphones,1,99.99,2022-02-19,"503 Elm St, New York City, NY 10001",Auriculares
Wired Headphones,1,11.99,2022-02-15,"772 4th St, Atlanta, GA 30301",Auriculares
27in 4K Gaming Monitor,1,389.99,2022-02-23,"743 1st St, San Francisco, CA 94016",Monitores
34in Ultrawide Monitor,1,379.99,2022-02-24,"315 Washington St, San Francisco, CA 94016",Monitores
Apple Airpods Headphones,1,150,2022-02-20,"265 Park St, Los Angeles, CA 90001",Auriculares
AAA Batteries (4-pack),1,2.99,2022-02-13,"109 Meadow St, Portland, ME 04101",Pilas
Apple Airpods Headphones,1,150,2022-02-20,"198 1st St, Atlanta, GA 30301",Auriculares
AAA Batteries (4-pack),1,2.99,2022-02-17,"60 Lakeview St, Los Angeles, CA 90001",Pilas
USB-C Charging Cable,1,11.95,2022-02-20,"84 Lake St, San Francisco, CA 94016",Cargadores
Apple Airpods Headphones,1,150,2022-02-27,"344 Elm St, San Francisco, CA 94016",Auriculares
Bose SoundSport Headphones,1,99.99,2022-02-24,"551 2nd St, Portland, ME 04101",Auriculares
AA Batteries (4-pack),2,3.84,2022-02-24,"566 9th St, Austin, TX 73301",Pilas
Apple Airpods Headphones,1,150,2022-02-24,"109 Center St, Boston, MA 02215",Auriculares
AAA Batteries (4-pack),1,2.99,2022-02-15,"217 Ridge St, Austin, TX 73301",Pilas
Apple Airpods Headphones,1,150,2022-02-22,"386 West St, Portland, OR 97035",Auriculares
iPhone,1,700,2022-02-14,"844 Wilson St, Austin, TX 73301",Teléfonos
27in 4K Gaming Monitor,1,389.99,2022-02-18,"450 Pine St, Dallas, TX 75001",Monitores
Lightning Charging Cable,1,14.95,2022-02-27,"876 Adams St, Boston, MA 02215",Cargadores
Vareebadd Phone,1,400,2022-02-23,"285 Washington St, San Francisco, CA 94016",Teléfonos
AAA Batteries (4-pack),1,2.99,2022-02-16,"999 12th St, Dallas, TX 75001",Pilas
Wired Headphones,1,11.99,2022-02-23,"30 4th St, San Francisco, CA 94016",Auriculares
Wired Headphones,1,11.99,2022-02-16,"975 Wilson St, Los Angeles, CA 90001",Auriculares
27in 4K Gaming Monitor,1,389.99,2022-02-16,"975 Wilson St, Los Angeles, CA 90001",Monitores
USB-C Charging Cable,1,11.95,2022-02-25,"817 12th St, New York City, NY 10001",Cargadores
Bose SoundSport Headphones,1,99.99,2022-02-22,"18 Ridge St, San Francisco, CA 94016",Auriculares
27in FHD Monitor,1,149.99,2022-02-21,"990 5th St, Seattle, WA 98101",Monitores
ThinkPad Laptop,1,999.99,2022-02-25,"313 4th St, New York City, NY 10001",Portátiles
ThinkPad Laptop,1,999.99,2022-02-16,"950 7th St, Seattle, WA 98101",Portátiles
USB-C Charging Cable,1,11.95,2022-02-26,"58 Sunset St, Austin, TX 73301",Cargadores
27in 4K Gaming Monitor,1,389.99,2022-02-20,"355 Chestnut St, Los Angeles, CA 90001",Monitores
Apple Airpods Headphones,1,150,2022-02-14,"851 Park St, Atlanta, GA 30301",Auriculares
Google Phone,1,600,2022-02-18,"330 Maple St, Atlanta, GA 30301",Teléfonos
USB-C Charging Cable,1,11.95,2022-02-18,"330 Maple St, Atlanta, GA 30301",Cargadores
Lightning Charging Cable,1,14.95,2022-02-13,"904 Pine St, Dallas, TX 75001",Cargadores
USB-C Charging Cable,1,11.95,2022-02-14,"542 Cherry St, Atlanta, GA 30301",Cargadores
Apple Airpods Headphones,1,150,2022-02-28,"898 Lake St, San Francisco, CA 94016",Auriculares
Flatscreen TV,1,300,2022-02-20,"405 Jefferson St, Atlanta, GA 30301",Televisores
Wired Headphones,1,11.99,2022-02-25,"826 5th St, Austin, TX 73301",Auriculares
Apple Airpods Headphones,1,150,2022-02-20,"169 Main St, Dallas, TX 75001",Auriculares
27in FHD Monitor,1,149.99,2022-02-13,"311 Forest St, New York City, NY 10001",Monitores
AAA Batteries (4-pack),1,2.99,2022-02-26,"399 Johnson St, New York City, NY 10001",Pilas
AAA Batteries (4-pack),1,2.99,2022-02-27,"666 14th St, New York City, NY 10001",Pilas
Apple Airpods Headphones,1,150,2022-02-24,"807 12th St, New York City, NY 10001",Auriculares
Lightning Charging Cable,1,14.95,2022-02-24,"807 12th St, New York City, NY 10001",Cargadores
Wired Headphones,1,11.99,2022-02-14,"477 Forest St, Los Angeles, CA 90001",Auriculares
Flatscreen TV,1,300,2022-02-18,"470 Elm St, Austin, TX 73301",Televisores
USB-C Charging Cable,1,11.95,2022-02-15,"701 Sunset St, Atlanta, GA 30301",Cargadores
USB-C Charging Cable,1,11.95,2022-02-21,"868 Adams St, San Francisco, CA 94016",Cargadores
iPhone,1,700,2022-02-25,"753 11th St, Boston, MA 02215",Teléfonos
Wired Headphones,2,11.99,2022-02-17,"77 Cherry St, Atlanta, GA 30301",Auriculares
AAA Batteries (4-pack),2,2.99,2022-02-20,"105 Church St, San Francisco, CA 94016",Pilas
AAA Batteries (4-pack),1,2.99,2022-02-22,"237 Willow St, Dallas, TX 75001",Pilas
Google Phone,1,600,2022-02-20,"644 10th St, Atlanta, GA 30301",Teléfonos
USB-C Charging Cable,1,11.95,2022-02-20,"644 10th St, Atlanta, GA 30301",Cargadores
ThinkPad Laptop,1,999.99,2022-02-25,"896 13th St, Dallas, TX 75001",Portátiles
Google Phone,1,600,2022-02-19,"280 Wilson St, Dallas, TX 75001",Teléfonos
USB-C Charging Cable,1,11.95,2022-02-19,"280 Wilson St, Dallas, TX 75001",Cargadores
Lightning Charging Cable,1,14.95,2022-02-21,"735 Cedar St, New York City, NY 10001",Cargadores
Bose SoundSport Headphones,1,99.99,2022-02-15,"179 Park St, Portland, ME 04101",Auriculares
34in Ultrawide Monitor,1,379.99,2022-02-25,"155 Church St, New York City, NY 10001",Monitores
AA Batteries (4-pack),1,3.84,2022-02-26,"586 Cedar St, San Francisco, CA 94016",Pilas
AAA Batteries (4-pack),2,2.99,2022-02-23,"636 Adams St, Portland, ME 04101",Pilas
AAA Batteries (4-pack),1,2.99,2022-02-21,"971 River St, Boston, MA 02215",Pilas
Apple Airpods Headphones,1,150,2022-02-15,"501 8th St, Dallas, TX 75001",Auriculares
AA Batteries (4-pack),4,3.84,2022-02-25,"305 14th St, San Francisco, CA 94016",Pilas
Wired Headphones,1,11.99,2022-02-20,"986 Madison St, San Francisco, CA 94016",Auriculares
AAA Batteries (4-pack),2,2.99,2022-02-21,"940 Dogwood St, Los Angeles, CA 90001",Pilas
AA Batteries (4-pack),1,3.84,2022-02-26,"997 Chestnut St, Dallas, TX 75001",Pilas
Wired Headphones,1,11.99,2022-02-23,"880 Church St, New York City, NY 10001",Auriculares
Flatscreen TV,1,300,2022-02-22,"498 Dogwood St, San Francisco, CA 94016",Televisores
Google Phone,1,600,2022-02-21,"147 Chestnut St, Boston, MA 02215",Teléfonos
AAA Batteries (4-pack),1,2.99,2022-02-25,"351 Madison St, San Francisco, CA 94016",Pilas
34in Ultrawide Monitor,1,379.99,2022-02-25,"351 Madison St, San Francisco, CA 94016",Monitores
Wired Headphones,1,11.99,2022-02-19,"84 Meadow St, Atlanta, GA 30301",Auriculares
AA Batteries (4-pack),1,3.84,2022-02-17,"616 Maple St, San Francisco, CA 94016",Pilas
34in Ultrawide Monitor,1,379.99,2022-02-20,"281 1st St, San Francisco, CA 94016",Monitores
Macbook Pro Laptop,1,1700,2022-02-20,"362 Walnut St, Portland, ME 04101",Portátiles
Apple Airpods Headphones,1,150,2022-02-20,"707 Lake St, Austin, TX 73301",Auriculares
27in FHD Monitor,1,149.99,2022-02-28,"517 12th St, New York City, NY 10001",Monitores
Bose SoundSport Headphones,1,99.99,2022-02-27,"84 Wilson St, Boston, MA 02215",Auriculares
Bose SoundSport Headphones,1,99.99,2022-02-14,"305 1st St, Atlanta, GA 30301",Auriculares
Lightning Charging Cable,1,14.95,2022-02-14,"305 1st St, Atlanta, GA 30301",Cargadores
Lightning Charging Cable,1,14.95,2022-02-15,"499 West St, Boston, MA 02215",Cargadores
Lightning Charging Cable,1,14.95,2022-02-13,"269 Spruce St, San Francisco, CA 94016",Cargadores
Macbook Pro Laptop,1,1700,2022-02-25,"412 Forest St, San Francisco, CA 94016",Portátiles
USB-C Charging Cable,1,11.95,2022-02-16,"988 Madison St, Portland, ME 04101",Cargadores
AA Batteries (4-pack),3,3.84,2022-02-23,"251 Madison St, New York City, NY 10001",Pilas
AA Batteries (4-pack),1,3.84,2022-02-21,"262 River St, Portland, OR 97035",Pilas
Apple Airpods Headphones,1,150,2022-02-19,"601 5th St, Boston, MA 02215",Auriculares
AA Batteries (4-pack),1,3.84,2022-02-16,"826 Meadow St, San Francisco, CA 94016",Pilas
Lightning Charging Cable,2,14.95,2022-02-26,"867 Lincoln St, Dallas, TX 75001",Cargadores
Google Phone,1,600,2022-02-16,"325 12th St, Seattle, WA 98101",Teléfonos
USB-C Charging Cable,1,11.95,2022-02-24,"66 Willow St, Los Angeles, CA 90001",Cargadores
AA Batteries (4-pack),1,3.84,2022-02-13,"739 Willow St, Seattle, WA 98101",Pilas
34in Ultrawide Monitor,1,379.99,2022-02-19,"579 Walnut St, Los Angeles, CA 90001",Monitores
USB-C Charging Cable,1,11.95,2022-02-19,"536 Highland St, San Francisco, CA 94016",Cargadores
Wired Headphones,1,11.99,2022-02-21,"355 Highland St, San Francisco, CA 94016",Auriculares
USB-C Charging Cable,1,11.95,2022-02-16,"461 Spruce St, Austin, TX 73301",Cargadores
Apple Airpods Headphones,1,150,2022-02-23,"922 11th St, San Francisco, CA 94016",Auriculares
27in FHD Monitor,1,149.99,2022-02-19,"787 Lake St, Dallas, TX 75001",Monitores
Lightning Charging Cable,1,14.95,2022-02-13,"513 10th St, San Francisco, CA 94016",Cargadores
Lightning Charging Cable,1,14.95,2022-02-13,"513 10th St, San Francisco, CA 94016",Cargadores
34in Ultrawide Monitor,1,379.99,2022-02-21,"460 Dogwood St, San Francisco, CA 94016",Monitores
USB-C Charging Cable,1,11.95,2022-02-20,"667 Main St, Seattle, WA 98101",Cargadores
27in 4K Gaming Monitor,1,389.99,2022-02-25,"831 Willow St, San Francisco, CA 94016",Monitores
Lightning Charging Cable,1,14.95,2022-02-17,"986 4th St, Atlanta, GA 30301",Cargadores
AAA Batteries (4-pack),1,2.99,2022-02-14,"558 Sunset St, Dallas, TX 75001",Pilas
27in 4K Gaming Monitor,1,389.99,2022-02-13,"367 Cedar St, Austin, TX 73301",Monitores
27in 4K Gaming Monitor,1,389.99,2022-02-13,"367 Cedar St, Austin, TX 73301",Monitores
Wired Headphones,1,11.99,2022-02-28,"76 Dogwood St, New York City, NY 10001",Auriculares
AA Batteries (4-pack),1,3.84,2022-02-21,"422 West St, New York City, NY 10001",Pilas
Lightning Charging Cable,1,14.95,2022-02-27,"897 Hill St, San Francisco, CA 94016",Cargadores
Lightning Charging Cable,1,14.95,2022-02-20,"219 10th St, Atlanta, GA 30301",Cargadores
USB-C Charging Cable,1,11.95,2022-02-15,"348 River St, Portland, OR 97035",Cargadores
Lightning Charging Cable,1,14.95,2022-02-24,"857 10th St, San Francisco, CA 94016",Cargadores
Wired Headphones,1,11.99,2022-02-19,"561 Center St, Los Angeles, CA 90001",Auriculares
AA Batteries (4-pack),1,3.84,2022-02-15,"799 4th St, Atlanta, GA 30301",Pilas
Flatscreen TV,1,300,2022-02-28,"778 14th St, San Francisco, CA 94016",Televisores
27in FHD Monitor,1,149.99,2022-02-25,"813 Pine St, Seattle, WA 98101",Monitores
AA Batteries (4-pack),1,3.84,2022-02-23,"733 River St, Los Angeles, CA 90001",Pilas
Apple Airpods Headphones,1,150,2022-02-20,"66 Lincoln St, Los Angeles, CA 90001",Auriculares
USB-C Charging Cable,1,11.95,2022-02-18,"815 9th St, New York City, NY 10001",Cargadores
Wired Headphones,1,11.99,2022-02-17,"394 Lincoln St, Austin, TX 73301",Auriculares
USB-C Charging Cable,1,11.95,2022-02-21,"891 Spruce St, San Francisco, CA 94016",Cargadores
AA Batteries (4-pack),1,3.84,2022-02-23,"908 Hill St, Boston, MA 02215",Pilas
Wired Headphones,2,11.99,2022-02-14,"839 Main St, New York City, NY 10001",Auriculares
USB-C Charging Cable,1,11.95,2022-02-14,"875 Sunset St, San Francisco, CA 94016",Cargadores
iPhone,1,700,2022-02-24,"575 Cherry St, San Francisco, CA 94016",Teléfonos
USB-C Charging Cable,1,11.95,2022-02-15,"839 Lincoln St, Boston, MA 02215",Cargadores
Bose SoundSport Headphones,1,99.99,2022-02-28,"183 13th St, Portland, OR 97035",Auriculares
Bose SoundSport Headphones,1,99.99,2022-02-25,"156 West St, Atlanta, GA 30301",Auriculares
27in FHD Monitor,1,149.99,2022-02-16,"950 West St, New York City, NY 10001",Monitores
27in 4K Gaming Monitor,1,389.99,2022-02-24,"69 Ridge St, New York City, NY 10001",Monitores
USB-C Charging Cable,1,11.95,2022-02-21,"997 11th St, Dallas, TX 75001",Cargadores
Wired Headphones,1,11.99,2022-02-23,"107 Walnut St, San Francisco, CA 94016",Auriculares
AA Batteries (4-pack),1,3.84,2022-02-15,"484 Park St, Seattle, WA 98101",Pilas
AAA Batteries (4-pack),1,2.99,2022-02-26,"710 5th St, New York City, NY 10001",Pilas
20in Monitor,1,109.99,2022-02-19,"93 4th St, New York City, NY 10001",Monitores
20in Monitor,1,109.99,2022-02-17,"839 Washington St, Los Angeles, CA 90001",Monitores
ThinkPad Laptop,1,999.99,2022-02-28,"429 West St, Portland, OR 97035",Portátiles
AA Batteries (4-pack),1,3.84,2022-02-16,"141 River St, New York City, NY 10001",Pilas
Apple Airpods Headphones,1,150,2022-02-16,"567 11th St, Austin, TX 73301",Auriculares
Bose SoundSport Headphones,1,99.99,2022-02-14,"475 Church St, Dallas, TX 75001",Auriculares
USB-C Charging Cable,2,11.95,2022-02-19,"749 Cedar St, San Francisco, CA 94016",Cargadores
Macbook Pro Laptop,1,1700,2022-02-26,"443 9th St, Los Angeles, CA 90001",Portátiles
Wired Headphones,1,11.99,2022-02-20,"297 Center St, San Francisco, CA 94016",Auriculares
AAA Batteries (4-pack),1,2.99,2022-02-14,"80 Hickory St, Los Angeles, CA 90001",Pilas
27in 4K Gaming Monitor,1,389.99,2022-02-14,"725 Spruce St, New York City, NY 10001",Monitores
USB-C Charging Cable,2,11.95,2022-02-24,"720 6th St, San Francisco, CA 94016",Cargadores
Lightning Charging Cable,1,14.95,2022-02-16,"521 Sunset St, Atlanta, GA 30301",Cargadores
USB-C Charging Cable,1,11.95,2022-02-14,"32 Sunset St, Seattle, WA 98101",Cargadores
Macbook Pro Laptop,1,1700,2022-02-17,"914 Dogwood St, Los Angeles, CA 90001",Portátiles
Apple Airpods Headphones,1,150,2022-02-26,"501 River St, Boston, MA 02215",Auriculares
Bose SoundSport Headphones,1,99.99,2022-02-18,"800 Adams St, Portland, OR 97035",Auriculares
iPhone,1,700,2022-02-23,"799 Madison St, Atlanta, GA 30301",Teléfonos
AA Batteries (4-pack),1,3.84,2022-02-26,"121 11th St, Dallas, TX 75001",Pilas
Apple Airpods Headphones,1,150,2022-02-26,"121 11th St, Dallas, TX 75001",Auriculares
AA Batteries (4-pack),2,3.84,2022-02-16,"841 Willow St, San Francisco, CA 94016",Pilas
AA Batteries (4-pack),1,3.84,2022-02-15,"101 14th St, San Francisco, CA 94016",Pilas
34in Ultrawide Monitor,1,379.99,2022-02-25,"981 Elm St, San Francisco, CA 94016",Monitores
Apple Airpods Headphones,1,150,2022-02-21,"729 Hill St, New York City, NY 10001",Auriculares
AA Batteries (4-pack),1,3.84,2022-02-18,"36 Spruce St, Boston, MA 02215",Pilas
ThinkPad Laptop,1,999.99,2022-02-27,"607 Hickory St, San Francisco, CA 94016",Portátiles
Lightning Charging Cable,1,14.95,2022-02-13,"191 11th St, Los Angeles, CA 90001",Cargadores
27in 4K Gaming Monitor,1,389.99,2022-02-24,"777 Chestnut St, New York City, NY 10001",Monitores
AA Batteries (4-pack),1,3.84,2022-02-23,"835 Ridge St, Portland, OR 97035",Pilas
AAA Batteries (4-pack),1,2.99,2022-02-22,"543 8th St, Seattle, WA 98101",Pilas
USB-C Charging Cable,1,11.95,2022-02-22,"245 11th St, San Francisco, CA 94016",Cargadores
Bose SoundSport Headphones,1,99.99,2022-02-22,"22 8th St, New York City, NY 10001",Auriculares
Wired Headphones,1,11.99,2022-02-28,"518 Park St, Atlanta, GA 30301",Auriculares
Lightning Charging Cable,1,14.95,2022-02-21,"486 Highland St, Boston, MA 02215",Cargadores
AA Batteries (4-pack),1,3.84,2022-02-15,"200 Main St, Dallas, TX 75001",Pilas
Wired Headphones,2,11.99,2022-02-28,"576 Hickory St, New York City, NY 10001",Auriculares
Wired Headphones,1,11.99,2022-02-22,"743 Maple St, San Francisco, CA 94016",Auriculares
AAA Batteries (4-pack),1,2.99,2022-02-25,"370 4th St, Dallas, TX 75001",Pilas
Lightning Charging Cable,1,14.95,2022-02-28,"86 Highland St, Los Angeles, CA 90001",Cargadores
Wired Headphones,1,11.99,2022-02-17,"473 Pine St, Dallas, TX 75001",Auriculares
Lightning Charging Cable,1,14.95,2022-02-25,"193 Maple St, San Francisco, CA 94016",Cargadores
Google Phone,1,600,2022-02-18,"16 9th St, New York City, NY 10001",Teléfonos
USB-C Charging Cable,1,11.95,2022-02-18,"16 9th St, New York City, NY 10001",Cargadores
ThinkPad Laptop,1,999.99,2022-02-27,"594 Cherry St, San Francisco, CA 94016",Portátiles
Wired Headphones,1,11.99,2022-02-13,"158 West St, Boston, MA 02215",Auriculares
Wired Headphones,1,11.99,2022-02-15,"13 South St, Atlanta, GA 30301",Auriculares
AAA Batteries (4-pack),1,2.99,2022-02-27,"162 Pine St, Boston, MA 02215",Pilas
AA Batteries (4-pack),1,3.84,2022-02-16,"193 4th St, Boston, MA 02215",Pilas
Lightning Charging Cable,1,14.95,2022-02-16,"723 Church St, New York City, NY 10001",Cargadores
AA Batteries (4-pack),1,3.84,2022-02-13,"927 14th St, Austin, TX 73301",Pilas
Wired Headphones,1,11.99,2022-02-16,"231 2nd St, Los Angeles, CA 90001",Auriculares
Lightning Charging Cable,1,14.95,2022-02-20,"938 Cedar St, San Francisco, CA 94016",Cargadores
Flatscreen TV,1,300,2022-02-14,"571 Adams St, Atlanta, GA 30301",Televisores
Lightning Charging Cable,1,14.95,2022-02-24,"439 Washington St, Dallas, TX 75001",Cargadores
AA Batteries (4-pack),1,3.84,2022-02-20,"954 Spruce St, San Francisco, CA 94016",Pilas
27in 4K Gaming Monitor,1,389.99,2022-02-28,"156 Main St, Boston, MA 02215",Monitores
Vareebadd Phone,1,400,2022-02-25,"238 River St, Dallas, TX 75001",Teléfonos
27in FHD Monitor,1,149.99,2022-02-25,"259 Adams St, New York City, NY 10001",Monitores
Apple Airpods Headphones,1,150,2022-02-28,"931 2nd St, San Francisco, CA 94016",Auriculares
Flatscreen TV,1,300,2022-02-26,"520 Lincoln St, Boston, MA 02215",Televisores
34in Ultrawide Monitor,1,379.99,2022-02-19,"904 Pine St, Austin, TX 73301",Monitores
Bose SoundSport Headphones,1,99.99,2022-02-26,"855 Jackson St, Atlanta, GA 30301",Auriculares
AA Batteries (4-pack),2,3.84,2022-02-18,"277 12th St, Dallas, TX 75001",Pilas
Bose SoundSport Headphones,1,99.99,2022-02-26,"380 Lincoln St, Atlanta, GA 30301",Auriculares
Apple Airpods Headphones,1,150,2022-02-17,"939 Dogwood St, Portland, OR 97035",Auriculares
iPhone,1,700,2022-02-26,"220 Hickory St, New York City, NY 10001",Teléfonos
Wired Headphones,1,11.99,2022-02-25,"373 Maple St, New York City, NY 10001",Auriculares
Wired Headphones,1,11.99,2022-02-14,"843 Cedar St, San Francisco, CA 94016",Auriculares
AA Batteries (4-pack),1,3.84,2022-02-13,"582 Maple St, San Francisco, CA 94016",Pilas
20in Monitor,1,109.99,2022-02-20,"902 Center St, Los Angeles, CA 90001",Monitores
AAA Batteries (4-pack),2,2.99,2022-02-19,"948 West St, San Francisco, CA 94016",Pilas
Lightning Charging Cable,1,14.95,2022-02-28,"484 Dogwood St, Los Angeles, CA 90001",Cargadores
LG Washing Machine,1,600.0,2022-02-13,"588 Lincoln St, New York City, NY 10001",Electrodomésticos
USB-C Charging Cable,1,11.95,2022-02-16,"648 North St, New York City, NY 10001",Cargadores
USB-C Charging Cable,1,11.95,2022-02-20,"694 Spruce St, New York City, NY 10001",Cargadores
USB-C Charging Cable,1,11.95,2022-02-28,"33 Jackson St, Portland, OR 97035",Cargadores
iPhone,1,700,2022-02-19,"695 Jackson St, Los Angeles, CA 90001",Teléfonos
Wired Headphones,1,11.99,2022-02-19,"695 Jackson St, Los Angeles, CA 90001",Auriculares
Apple Airpods Headphones,1,150,2022-02-22,"737 Sunset St, Los Angeles, CA 90001",Auriculares
Apple Airpods Headphones,1,150,2022-02-28,"549 North St, San Francisco, CA 94016",Auriculares
Lightning Charging Cable,2,14.95,2022-02-17,"405 Johnson St, Seattle, WA 98101",Cargadores
Flatscreen TV,1,300,2022-02-22,"722 South St, San Francisco, CA 94016",Televisores
27in FHD Monitor,1,149.99,2022-02-22,"708 13th St, Seattle, WA 98101",Monitores
AAA Batteries (4-pack),1,2.99,2022-02-19,"301 Center St, Portland, OR 97035",Pilas
Bose SoundSport Headphones,1,99.99,2022-02-18,"850 Park St, San Francisco, CA 94016",Auriculares
Wired Headphones,1,11.99,2022-02-13,"166 14th St, San Francisco, CA 94016",Auriculares
Bose SoundSport Headphones,1,99.99,2022-02-23,"731 Johnson St, Portland, OR 97035",Auriculares
USB-C Charging Cable,1,11.95,2022-02-23,"603 6th St, Boston, MA 02215",Cargadores
20in Monitor,1,109.99,2022-02-27,"470 Adams St, Los Angeles, CA 90001",Monitores
Lightning Charging Cable,1,14.95,2022-02-22,"590 Walnut St, Dallas, TX 75001",Cargadores
Wired Headphones,1,11.99,2022-02-15,"284 11th St, San Francisco, CA 94016",Auriculares
AA Batteries (4-pack),1,3.84,2022-02-20,"306 Church St, Dallas, TX 75001",Pilas
34in Ultrawide Monitor,1,379.99,2022-02-20,"306 Church St, Dallas, TX 75001",Monitores
34in Ultrawide Monitor,1,379.99,2022-02-20,"930 Washington St, Austin, TX 73301",Monitores
34in Ultrawide Monitor,1,379.99,2022-02-17,"757 4th St, San Francisco, CA 94016",Monitores
Apple Airpods Headphones,1,150,2022-02-16,"229 Sunset St, Seattle, WA 98101",Auriculares
LG Dryer,1,600.0,2022-02-27,"508 9th St, New York City, NY 10001",Electrodomésticos
Lightning Charging Cable,1,14.95,2022-02-27,"818 Elm St, Los Angeles, CA 90001",Cargadores
Lightning Charging Cable,1,14.95,2022-02-16,"664 5th St, Los Angeles, CA 90001",Cargadores
Google Phone,1,600,2022-02-14,"412 1st St, Atlanta, GA 30301",Teléfonos
AAA Batteries (4-pack),1,2.99,2022-02-18,"850 South St, Atlanta, GA 30301",Pilas
Wired Headphones,1,11.99,2022-02-19,"594 1st St, Boston, MA 02215",Auriculares
27in 4K Gaming Monitor,1,389.99,2022-02-15,"520 8th St, San Francisco, CA 94016",Monitores
Wired Headphones,1,11.99,2022-02-22,"821 Spruce St, Atlanta, GA 30301",Auriculares
AA Batteries (4-pack),1,3.84,2022-02-13,"656 Sunset St, Atlanta, GA 30301",Pilas
34in Ultrawide Monitor,1,379.99,2022-02-17,"395 Sunset St, Dallas, TX 75001",Monitores
Bose SoundSport Headphones,1,99.99,2022-02-15,"644 Main St, Los Angeles, CA 90001",Auriculares
Wired Headphones,1,11.99,2022-02-15,"350 Ridge St, Austin, TX 73301",Auriculares
27in 4K Gaming Monitor,1,389.99,2022-02-23,"983 13th St, Boston, MA 02215",Monitores
USB-C Charging Cable,1,11.95,2022-02-21,"906 Johnson St, Portland, OR 97035",Cargadores
27in 4K Gaming Monitor,1,389.99,2022-02-20,"767 Walnut St, San Francisco, CA 94016",Monitores
Lightning Charging Cable,1,14.95,2022-02-25,"12 10th St, Atlanta, GA 30301",Cargadores
27in 4K Gaming Monitor,1,389.99,2022-02-28,"421 6th St, Seattle, WA 98101",Monitores
Wired Headphones,1,11.99,2022-02-16,"202 Church St, Boston, MA 02215",Auriculares
iPhone,1,700,2022-02-17,"573 Lake St, Seattle, WA 98101",Teléfonos
Apple Airpods Headphones,1,150,2022-02-22,"267 Pine St, Los Angeles, CA 90001",Auriculares
USB-C Charging Cable,1,11.95,2022-02-15,"300 Hill St, Seattle, WA 98101",Cargadores
Google Phone,1,600,2022-02-21,"961 Jefferson St, San Francisco, CA 94016",Teléfonos
USB-C Charging Cable,1,11.95,2022-02-21,"961 Jefferson St, San Francisco, CA 94016",Cargadores
Bose SoundSport Headphones,1,99.99,2022-02-21,"961 Jefferson St, San Francisco, CA 94016",Auriculares
iPhone,1,700,2022-02-13,"160 Center St, Los Angeles, CA 90001",Teléfonos
AA Batteries (4-pack),2,3.84,2022-02-14,"238 Lincoln St, Portland, OR 97035",Pilas
AAA Batteries (4-pack),4,2.99,2022-02-18,"104 Pine St, Boston, MA 02215",Pilas
AA Batteries (4-pack),1,3.84,2022-02-18,"121 10th St, Los Angeles, CA 90001",Pilas
Lightning Charging Cable,1,14.95,2022-02-22,"574 Maple St, Atlanta, GA 30301",Cargadores
27in FHD Monitor,1,149.99,2022-02-15,"747 1st St, Boston, MA 02215",Monitores
AAA Batteries (4-pack),1,2.99,2022-02-16,"704 Park St, San Francisco, CA 94016",Pilas
AAA Batteries (4-pack),1,2.99,2022-02-26,"779 Pine St, Dallas, TX 75001",Pilas
Flatscreen TV,1,300,2022-02-18,"244 Madison St, Boston, MA 02215",Televisores
Wired Headphones,1,11.99,2022-02-14,"157 Lake St, Boston, MA 02215",Auriculares
34in Ultrawide Monitor,1,379.99,2022-02-16,"780 4th St, Seattle, WA 98101",Monitores
AAA Batteries (4-pack),1,2.99,2022-02-20,"561 10th St, San Francisco, CA 94016",Pilas
34in Ultrawide Monitor,1,379.99,2022-02-13,"697 Church St, Dallas, TX 75001",Monitores
AAA Batteries (4-pack),2,2.99,2022-02-14,"884 Hill St, New York City, NY 10001",Pilas
iPhone,1,700,2022-02-15,"755 9th St, Los Angeles, CA 90001",Teléfonos
Lightning Charging Cable,2,14.95,2022-02-25,"868 Maple St, San Francisco, CA 94016",Cargadores
Bose SoundSport Headphones,1,99.99,2022-02-14,"444 North St, New York City, NY 10001",Auriculares
Apple Airpods Headphones,1,150,2022-02-15,"530 Maple St, Los Angeles, CA 90001",Auriculares
Bose SoundSport Headphones,1,99.99,2022-02-20,"707 Willow St, Dallas, TX 75001",Auriculares
Bose SoundSport Headphones,1,99.99,2022-02-26,"614 14th St, New York City, NY 10001",Auriculares
Lightning Charging Cable,1,14.95,2022-02-15,"68 West St, Austin, TX 73301",Cargadores
Lightning Charging Cable,1,14.95,2022-02-28,"814 2nd St, Dallas, TX 75001",Cargadores
27in 4K Gaming Monitor,1,389.99,2022-02-23,"591 Madison St, New York City, NY 10001",Monitores
Lightning Charging Cable,1,14.95,2022-02-27,"805 Ridge St, Austin, TX 73301",Cargadores
Lightning Charging Cable,2,14.95,2022-02-27,"805 Ridge St, Austin, TX 73301",Cargadores
iPhone,1,700,2022-02-26,"180 North St, Los Angeles, CA 90001",Teléfonos
Wired Headphones,1,11.99,2022-02-14,"798 6th St, San Francisco, CA 94016",Auriculares
Macbook Pro Laptop,1,1700,2022-02-16,"701 Sunset St, Seattle, WA 98101",Portátiles
Flatscreen TV,1,300,2022-02-21,"84 Adams St, Dallas, TX 75001",Televisores
Wired Headphones,1,11.99,2022-02-14,"612 Chestnut St, Portland, OR 97035",Auriculares
USB-C Charging Cable,1,11.95,2022-02-21,"49 Cherry St, Dallas, TX 75001",Cargadores
USB-C Charging Cable,1,11.95,2022-02-18,"858 Ridge St, San Francisco, CA 94016",Cargadores
AA Batteries (4-pack),1,3.84,2022-02-18,"825 Adams St, Portland, OR 97035",Pilas
Macbook Pro Laptop,1,1700,2022-02-18,"417 14th St, Seattle, WA 98101",Portátiles
AAA Batteries (4-pack),1,2.99,2022-02-27,"291 1st St, Los Angeles, CA 90001",Pilas
34in Ultrawide Monitor,1,379.99,2022-02-21,"257 Sunset St, Boston, MA 02215",Monitores
27in 4K Gaming Monitor,1,389.99,2022-02-26,"400 10th St, New York City, NY 10001",Monitores
Google Phone,1,600,2022-02-28,"105 Spruce St, New York City, NY 10001",Teléfonos
Bose SoundSport Headphones,1,99.99,2022-02-28,"105 Spruce St, New York City, NY 10001",Auriculares
Wired Headphones,1,11.99,2022-02-28,"105 Spruce St, New York City, NY 10001",Auriculares
USB-C Charging Cable,1,11.95,2022-02-17,"485 7th St, Dallas, TX 75001",Cargadores
Lightning Charging Cable,1,14.95,2022-02-13,"522 Wilson St, Boston, MA 02215",Cargadores
Vareebadd Phone,1,400,2022-02-24,"88 Lake St, New York City, NY 10001",Teléfonos
USB-C Charging Cable,1,11.95,2022-02-24,"88 Lake St, New York City, NY 10001",Cargadores
Flatscreen TV,1,300,2022-02-26,"49 13th St, San Francisco, CA 94016",Televisores
Lightning Charging Cable,1,14.95,2022-02-25,"260 9th St, Portland, OR 97035",Cargadores
AAA Batteries (4-pack),3,2.99,2022-02-24,"681 Willow St, Boston, MA 02215",Pilas
Google Phone,1,600,2022-02-21,"875 11th St, Seattle, WA 98101",Teléfonos
Vareebadd Phone,1,400,2022-02-22,"842 Adams St, San Francisco, CA 94016",Teléfonos
USB-C Charging Cable,1,11.95,2022-02-22,"842 Adams St, San Francisco, CA 94016",Cargadores
34in Ultrawide Monitor,1,379.99,2022-02-16,"450 Cherry St, New York City, NY 10001",Monitores
Lightning Charging Cable,1,14.95,2022-02-19,"405 6th St, Austin, TX 73301",Cargadores
Apple Airpods Headphones,1,150,2022-02-28,"598 Jefferson St, Boston, MA 02215",Auriculares
27in 4K Gaming Monitor,1,389.99,2022-02-23,"78 Jefferson St, Boston, MA 02215",Monitores
Macbook Pro Laptop,1,1700,2022-02-28,"648 North St, Atlanta, GA 30301",Portátiles
Wired Headphones,1,11.99,2022-02-19,"19 7th St, Los Angeles, CA 90001",Auriculares
Lightning Charging Cable,1,14.95,2022-02-14,"141 Madison St, Austin, TX 73301",Cargadores
Lightning Charging Cable,1,14.95,2022-02-21,"853 6th St, New York City, NY 10001",Cargadores
34in Ultrawide Monitor,1,379.99,2022-02-19,"849 Sunset St, San Francisco, CA 94016",Monitores
ThinkPad Laptop,1,999.99,2022-02-25,"729 Ridge St, New York City, NY 10001",Portátiles
AAA Batteries (4-pack),1,2.99,2022-02-25,"671 Madison St, Austin, TX 73301",Pilas
34in Ultrawide Monitor,1,379.99,2022-02-16,"594 Cherry St, Boston, MA 02215",Monitores
AAA Batteries (4-pack),1,2.99,2022-02-23,"124 13th St, Los Angeles, CA 90001",Pilas
Wired Headphones,1,11.99,2022-02-21,"638 Cedar St, Dallas, TX 75001",Auriculares
AA Batteries (4-pack),2,3.84,2022-02-20,"213 5th St, Seattle, WA 98101",Pilas
AA Batteries (4-pack),1,3.84,2022-02-23,"686 Lake St, Los Angeles, CA 90001",Pilas
Wired Headphones,1,11.99,2022-02-16,"180 Cherry St, New York City, NY 10001",Auriculares
20in Monitor,1,109.99,2022-02-19,"943 Wilson St, Portland, OR 97035",Monitores
AAA Batteries (4-pack),1,2.99,2022-02-25,"747 Lincoln St, Los Angeles, CA 90001",Pilas
AA Batteries (4-pack),1,3.84,2022-02-20,"894 11th St, San Francisco, CA 94016",Pilas
USB-C Charging Cable,1,11.95,2022-02-28,"521 5th St, Austin, TX 73301",Cargadores
Macbook Pro Laptop,1,1700,2022-02-17,"880 Jackson St, San Francisco, CA 94016",Portátiles
27in FHD Monitor,1,149.99,2022-02-19,"824 Adams St, Los Angeles, CA 90001",Monitores
ThinkPad Laptop,1,999.99,2022-02-27,"520 Adams St, New York City, NY 10001",Portátiles
Apple Airpods Headphones,1,150,2022-02-19,"447 Hill St, San Francisco, CA 94016",Auriculares
AAA Batteries (4-pack),4,2.99,2022-02-20,"525 14th St, New York City, NY 10001",Pilas
Wired Headphones,1,11.99,2022-02-21,"478 6th St, San Francisco, CA 94016",Auriculares
Wired Headphones,1,11.99,2022-02-20,"606 2nd St, Boston, MA 02215",Auriculares
34in Ultrawide Monitor,1,379.99,2022-02-17,"625 Lake St, Los Angeles, CA 90001",Monitores
Flatscreen TV,1,300,2022-02-14,"816 Chestnut St, Los Angeles, CA 90001",Televisores
ThinkPad Laptop,1,999.99,2022-02-16,"833 Madison St, Los Angeles, CA 90001",Portátiles
USB-C Charging Cable,1,11.95,2022-02-24,"639 5th St, Portland, OR 97035",Cargadores
AA Batteries (4-pack),1,3.84,2022-02-23,"742 Lakeview St, San Francisco, CA 94016",Pilas
AA Batteries (4-pack),1,3.84,2022-02-22,"947 West St, Seattle, WA 98101",Pilas
27in FHD Monitor,1,149.99,2022-02-26,"239 South St, New York City, NY 10001",Monitores
Vareebadd Phone,1,400,2022-02-27,"522 Walnut St, Portland, OR 97035",Teléfonos
ThinkPad Laptop,1,999.99,2022-02-25,"505 1st St, Boston, MA 02215",Portátiles
iPhone,1,700,2022-02-16,"274 Chestnut St, Los Angeles, CA 90001",Teléfonos
AAA Batteries (4-pack),1,2.99,2022-02-16,"760 Willow St, Los Angeles, CA 90001",Pilas
Google Phone,1,600,2022-02-18,"213 Spruce St, Dallas, TX 75001",Teléfonos
Bose SoundSport Headphones,1,99.99,2022-02-24,"473 River St, Austin, TX 73301",Auriculares
Wired Headphones,1,11.99,2022-02-14,"619 Sunset St, Dallas, TX 75001",Auriculares
Apple Airpods Headphones,1,150,2022-02-19,"418 Cherry St, Boston, MA 02215",Auriculares
AA Batteries (4-pack),1,3.84,2022-02-18,"334 12th St, San Francisco, CA 94016",Pilas
Apple Airpods Headphones,1,150,2022-02-17,"471 Forest St, New York City, NY 10001",Auriculares
AAA Batteries (4-pack),3,2.99,2022-02-20,"413 1st St, Austin, TX 73301",Pilas
Apple Airpods Headphones,1,150,2022-02-18,"692 2nd St, Boston, MA 02215",Auriculares
Apple Airpods Headphones,1,150,2022-02-21,"471 11th St, San Francisco, CA 94016",Auriculares
Apple Airpods Headphones,1,150,2022-02-13,"738 Walnut St, San Francisco, CA 94016",Auriculares
34in Ultrawide Monitor,1,379.99,2022-02-24,"22 Lakeview St, Austin, TX 73301",Monitores
AA Batteries (4-pack),1,3.84,2022-02-16,"930 Walnut St, Boston, MA 02215",Pilas
USB-C Charging Cable,1,11.95,2022-02-18,"34 Hill St, San Francisco, CA 94016",Cargadores
34in Ultrawide Monitor,1,379.99,2022-02-23,"191 Walnut St, Dallas, TX 75001",Monitores
Vareebadd Phone,1,400,2022-02-18,"828 11th St, Los Angeles, CA 90001",Teléfonos
AAA Batteries (4-pack),1,2.99,2022-02-28,"668 Pine St, San Francisco, CA 94016",Pilas
Flatscreen TV,1,300,2022-02-26,"110 Church St, Atlanta, GA 30301",Televisores
27in 4K Gaming Monitor,1,389.99,2022-02-21,"861 1st St, Atlanta, GA 30301",Monitores
Apple Airpods Headphones,1,150,2022-02-22,"508 2nd St, Los Angeles, CA 90001",Auriculares
USB-C Charging Cable,1,11.95,2022-02-13,"317 Cedar St, San Francisco, CA 94016",Cargadores
AAA Batteries (4-pack),1,2.99,2022-02-24,"53 Spruce St, Portland, OR 97035",Pilas
AA Batteries (4-pack),2,3.84,2022-02-19,"283 Spruce St, New York City, NY 10001",Pilas
Apple Airpods Headphones,1,150,2022-02-25,"733 Hickory St, New York City, NY 10001",Auriculares
Flatscreen TV,1,300,2022-02-20,"541 South St, Los Angeles, CA 90001",Televisores
Apple Airpods Headphones,1,150,2022-02-14,"337 14th St, New York City, NY 10001",Auriculares
Lightning Charging Cable,1,14.95,2022-02-18,"80 Jackson St, Dallas, TX 75001",Cargadores
34in Ultrawide Monitor,1,379.99,2022-02-18,"701 Walnut St, Los Angeles, CA 90001",Monitores
Flatscreen TV,1,300,2022-02-19,"778 10th St, San Francisco, CA 94016",Televisores
Apple Airpods Headphones,1,150,2022-02-20,"337 Maple St, New York City, NY 10001",Auriculares
Lightning Charging Cable,1,14.95,2022-02-19,"500 13th St, San Francisco, CA 94016",Cargadores
Google Phone,1,600,2022-02-21,"462 River St, Dallas, TX 75001",Teléfonos
Macbook Pro Laptop,1,1700,2022-02-28,"473 Sunset St, Dallas, TX 75001",Portátiles
Wired Headphones,1,11.99,2022-02-24,"585 8th St, San Francisco, CA 94016",Auriculares
AA Batteries (4-pack),1,3.84,2022-02-23,"581 Adams St, San Francisco, CA 94016",Pilas
AAA Batteries (4-pack),1,2.99,2022-02-14,"194 Lincoln St, Austin, TX 73301",Pilas
Apple Airpods Headphones,1,150,2022-02-21,"469 Center St, Seattle, WA 98101",Auriculares
34in Ultrawide Monitor,1,379.99,2022-02-19,"375 Johnson St, Los Angeles, CA 90001",Monitores
AA Batteries (4-pack),1,3.84,2022-02-13,"405 Spruce St, New York City, NY 10001",Pilas
Lightning Charging Cable,1,14.95,2022-02-21,"351 Ridge St, Los Angeles, CA 90001",Cargadores
Lightning Charging Cable,1,14.95,2022-02-23,"495 Adams St, San Francisco, CA 94016",Cargadores
Apple Airpods Headphones,1,150,2022-02-20,"506 River St, Boston, MA 02215",Auriculares
AA Batteries (4-pack),1,3.84,2022-02-24,"890 14th St, San Francisco, CA 94016",Pilas
34in Ultrawide Monitor,1,379.99,2022-02-17,"966 Spruce St, Austin, TX 73301",Monitores
Wired Headphones,1,11.99,2022-02-13,"459 Johnson St, Seattle, WA 98101",Auriculares
Apple Airpods Headphones,1,150,2022-02-19,"377 2nd St, Atlanta, GA 30301",Auriculares
USB-C Charging Cable,1,11.95,2022-02-14,"634 Spruce St, Los Angeles, CA 90001",Cargadores
Lightning Charging Cable,1,14.95,2022-02-28,"199 Spruce St, San Francisco, CA 94016",Cargadores
AA Batteries (4-pack),2,3.84,2022-02-19,"772 Lake St, Atlanta, GA 30301",Pilas
27in FHD Monitor,1,149.99,2022-02-23,"620 Forest St, San Francisco, CA 94016",Monitores
AAA Batteries (4-pack),2,2.99,2022-02-26,"236 5th St, Boston, MA 02215",Pilas
Apple Airpods Headphones,1,150,2022-02-21,"475 Spruce St, Atlanta, GA 30301",Auriculares
AA Batteries (4-pack),1,3.84,2022-02-22,"13 5th St, Los Angeles, CA 90001",Pilas
USB-C Charging Cable,1,11.95,2022-02-21,"127 12th St, New York City, NY 10001",Cargadores
AA Batteries (4-pack),1,3.84,2022-02-24,"417 Lincoln St, New York City, NY 10001",Pilas
iPhone,1,700,2022-02-16,"337 10th St, San Francisco, CA 94016",Teléfonos
Wired Headphones,1,11.99,2022-02-16,"337 10th St, San Francisco, CA 94016",Auriculares
Google Phone,1,600,2022-02-20,"33 Center St, San Francisco, CA 94016",Teléfonos
USB-C Charging Cable,1,11.95,2022-02-20,"33 Center St, San Francisco, CA 94016",Cargadores
Macbook Pro Laptop,1,1700,2022-02-20,"405 Sunset St, San Francisco, CA 94016",Portátiles
Wired Headphones,1,11.99,2022-02-14,"46 Forest St, Dallas, TX 75001",Auriculares
AAA Batteries (4-pack),1,2.99,2022-02-22,"182 Park St, San Francisco, CA 94016",Pilas
Lightning Charging Cable,1,14.95,2022-02-17,"875 Dogwood St, New York City, NY 10001",Cargadores
AAA Batteries (4-pack),1,2.99,2022-02-25,"456 Chestnut St, Portland, OR 97035",Pilas
Apple Airpods Headphones,1,150,2022-02-14,"423 South St, San Francisco, CA 94016",Auriculares
USB-C Charging Cable,1,11.95,2022-02-21,"598 14th St, San Francisco, CA 94016",Cargadores
AAA Batteries (4-pack),2,2.99,2022-02-23,"45 1st St, Portland, OR 97035",Pilas
USB-C Charging Cable,1,11.95,2022-02-19,"74 5th St, San Francisco, CA 94016",Cargadores
Apple Airpods Headphones,1,150,2022-02-22,"365 5th St, Austin, TX 73301",Auriculares
USB-C Charging Cable,1,11.95,2022-02-23,"548 Main St, Portland, OR 97035",Cargadores
Apple Airpods Headphones,1,150,2022-02-13,"37 Hill St, San Francisco, CA 94016",Auriculares
Macbook Pro Laptop,1,1700,2022-02-23,"582 2nd St, Dallas, TX 75001",Portátiles
AAA Batteries (4-pack),1,2.99,2022-02-16,"61 Center St, Seattle, WA 98101",Pilas
AA Batteries (4-pack),1,3.84,2022-02-14,"537 South St, Portland, OR 97035",Pilas
Wired Headphones,1,11.99,2022-02-14,"537 South St, Portland, OR 97035",Auriculares
Wired Headphones,1,11.99,2022-02-26,"829 Lake St, San Francisco, CA 94016",Auriculares
Macbook Pro Laptop,1,1700,2022-02-20,"265 Dogwood St, San Francisco, CA 94016",Portátiles
Bose SoundSport Headphones,1,99.99,2022-02-15,"661 9th St, New York City, NY 10001",Auriculares
AA Batteries (4-pack),1,3.84,2022-02-23,"231 7th St, Boston, MA 02215",Pilas
27in FHD Monitor,1,149.99,2022-02-24,"234 Sunset St, Los Angeles, CA 90001",Monitores
Macbook Pro Laptop,1,1700,2022-02-18,"221 Jefferson St, New York City, NY 10001",Portátiles
Lightning Charging Cable,1,14.95,2022-02-26,"542 Dogwood St, Seattle, WA 98101",Cargadores
Apple Airpods Headphones,1,150,2022-02-26,"993 12th St, Portland, OR 97035",Auriculares
Google Phone,1,600,2022-02-25,"242 Madison St, New York City, NY 10001",Teléfonos
Apple Airpods Headphones,1,150,2022-02-25,"820 6th St, Los Angeles, CA 90001",Auriculares
AA Batteries (4-pack),1,3.84,2022-02-15,"855 Walnut St, San Francisco, CA 94016",Pilas
Flatscreen TV,1,300,2022-02-20,"6 Dogwood St, Dallas, TX 75001",Televisores
Google Phone,1,600,2022-02-16,"295 Cherry St, Portland, ME 04101",Teléfonos
Bose SoundSport Headphones,1,99.99,2022-02-16,"295 Cherry St, Portland, ME 04101",Auriculares
34in Ultrawide Monitor,1,379.99,2022-02-13,"826 14th St, San Francisco, CA 94016",Monitores
AA Batteries (4-pack),3,3.84,2022-02-27,"711 Jefferson St, Boston, MA 02215",Pilas
20in Monitor,1,109.99,2022-02-13,"774 6th St, Los Angeles, CA 90001",Monitores
USB-C Charging Cable,1,11.95,2022-02-15,"662 Highland St, Los Angeles, CA 90001",Cargadores
Wired Headphones,1,11.99,2022-02-25,"9 Madison St, San Francisco, CA 94016",Auriculares
34in Ultrawide Monitor,1,379.99,2022-02-25,"591 Hill St, Seattle, WA 98101",Monitores
AAA Batteries (4-pack),1,2.99,2022-02-18,"312 Cherry St, Los Angeles, CA 90001",Pilas
AAA Batteries (4-pack),1,2.99,2022-02-26,"810 Madison St, Portland, OR 97035",Pilas
Lightning Charging Cable,1,14.95,2022-02-14,"551 Hill St, San Francisco, CA 94016",Cargadores
27in 4K Gaming Monitor,1,389.99,2022-02-13,"444 Lincoln St, New York City, NY 10001",Monitores
20in Monitor,1,109.99,2022-02-13,"852 Jefferson St, San Francisco, CA 94016",Monitores
Wired Headphones,1,11.99,2022-02-24,"951 Madison St, San Francisco, CA 94016",Auriculares
Bose SoundSport Headphones,1,99.99,2022-02-21,"706 Hickory St, Boston, MA 02215",Auriculares
Lightning Charging Cable,1,14.95,2022-02-20,"644 4th St, New York City, NY 10001",Cargadores
iPhone,1,700,2022-02-26,"112 Dogwood St, San Francisco, CA 94016",Teléfonos
Wired Headphones,1,11.99,2022-02-16,"844 Ridge St, San Francisco, CA 94016",Auriculares
USB-C Charging Cable,1,11.95,2022-02-24,"692 Maple St, San Francisco, CA 94016",Cargadores
Lightning Charging Cable,1,14.95,2022-02-21,"955 Willow St, Atlanta, GA 30301",Cargadores
USB-C Charging Cable,1,11.95,2022-02-13,"716 Church St, Austin, TX 73301",Cargadores
27in 4K Gaming Monitor,1,389.99,2022-02-19,"65 Lake St, Dallas, TX 75001",Monitores
USB-C Charging Cable,2,11.95,2022-02-27,"526 Maple St, San Francisco, CA 94016",Cargadores
Lightning Charging Cable,1,14.95,2022-02-28,"8 2nd St, Dallas, TX 75001",Cargadores
Bose SoundSport Headphones,1,99.99,2022-02-27,"679 Hill St, New York City, NY 10001",Auriculares
AA Batteries (4-pack),2,3.84,2022-02-21,"16 1st St, San Francisco, CA 94016",Pilas
Apple Airpods Headphones,1,150,2022-02-13,"823 Cedar St, Boston, MA 02215",Auriculares
Lightning Charging Cable,2,14.95,2022-02-25,"586 13th St, San Francisco, CA 94016",Cargadores
Lightning Charging Cable,1,14.95,2022-02-19,"581 West St, New York City, NY 10001",Cargadores
Bose SoundSport Headphones,1,99.99,2022-02-26,"916 Cedar St, New York City, NY 10001",Auriculares
20in Monitor,1,109.99,2022-02-19,"66 Forest St, San Francisco, CA 94016",Monitores
USB-C Charging Cable,1,11.95,2022-02-16,"958 Jackson St, Boston, MA 02215",Cargadores
AA Batteries (4-pack),2,3.84,2022-02-14,"723 Chestnut St, Atlanta, GA 30301",Pilas
AAA Batteries (4-pack),1,2.99,2022-02-25,"215 Cherry St, San Francisco, CA 94016",Pilas
USB-C Charging Cable,1,11.95,2022-02-28,"749 Lakeview St, Boston, MA 02215",Cargadores
AA Batteries (4-pack),1,3.84,2022-02-19,"760 Willow St, Dallas, TX 75001",Pilas
ThinkPad Laptop,1,999.99,2022-02-19,"940 Adams St, Los Angeles, CA 90001",Portátiles
USB-C Charging Cable,1,11.95,2022-02-17,"46 Jackson St, Atlanta, GA 30301",Cargadores
Bose SoundSport Headphones,1,99.99,2022-02-23,"967 Willow St, Seattle, WA 98101",Auriculares
AA Batteries (4-pack),1,3.84,2022-02-15,"577 Wilson St, San Francisco, CA 94016",Pilas
AA Batteries (4-pack),1,3.84,2022-02-16,"968 Pine St, Los Angeles, CA 90001",Pilas
AAA Batteries (4-pack),1,2.99,2022-02-28,"569 Lincoln St, Los Angeles, CA 90001",Pilas
Apple Airpods Headphones,1,150,2022-02-18,"699 Madison St, Los Angeles, CA 90001",Auriculares
Lightning Charging Cable,1,14.95,2022-02-24,"541 Lincoln St, Los Angeles, CA 90001",Cargadores
AAA Batteries (4-pack),1,2.99,2022-02-23,"544 8th St, Boston, MA 02215",Pilas
27in 4K Gaming Monitor,1,389.99,2022-02-23,"544 8th St, Boston, MA 02215",Monitores
USB-C Charging Cable,1,11.95,2022-02-16,"949 Chestnut St, Seattle, WA 98101",Cargadores
Apple Airpods Headphones,1,150,2022-02-14,"269 6th St, Los Angeles, CA 90001",Auriculares
AAA Batteries (4-pack),2,2.99,2022-02-14,"806 Hickory St, Austin, TX 73301",Pilas
Wired Headphones,2,11.99,2022-02-23,"151 Highland St, San Francisco, CA 94016",Auriculares
Bose SoundSport Headphones,1,99.99,2022-02-27,"185 Forest St, Boston, MA 02215",Auriculares
USB-C Charging Cable,1,11.95,2022-02-26,"792 Lincoln St, New York City, NY 10001",Cargadores
Lightning Charging Cable,1,14.95,2022-02-18,"873 7th St, San Francisco, CA 94016",Cargadores
Wired Headphones,1,11.99,2022-02-28,"911 Cherry St, New York City, NY 10001",Auriculares
27in 4K Gaming Monitor,1,389.99,2022-02-20,"489 West St, San Francisco, CA 94016",Monitores
Apple Airpods Headphones,1,150,2022-02-22,"954 14th St, Austin, TX 73301",Auriculares
Bose SoundSport Headphones,1,99.99,2022-02-22,"982 Main St, Portland, ME 04101",Auriculares
Macbook Pro Laptop,1,1700,2022-02-27,"74 Park St, Los Angeles, CA 90001",Portátiles
20in Monitor,1,109.99,2022-02-26,"744 Walnut St, Boston, MA 02215",Monitores
Lightning Charging Cable,1,14.95,2022-02-26,"169 Cedar St, San Francisco, CA 94016",Cargadores
Bose SoundSport Headphones,1,99.99,2022-02-27,"694 Dogwood St, New York City, NY 10001",Auriculares
AAA Batteries (4-pack),2,2.99,2022-02-22,"623 2nd St, Austin, TX 73301",Pilas
Wired Headphones,1,11.99,2022-02-27,"721 12th St, Los Angeles, CA 90001",Auriculares
Wired Headphones,1,11.99,2022-02-27,"539 Maple St, San Francisco, CA 94016",Auriculares
Google Phone,1,600,2022-02-18,"940 13th St, San Francisco, CA 94016",Teléfonos
USB-C Charging Cable,1,11.95,2022-02-18,"940 13th St, San Francisco, CA 94016",Cargadores
Bose SoundSport Headphones,1,99.99,2022-02-18,"940 13th St, San Francisco, CA 94016",Auriculares
USB-C Charging Cable,1,11.95,2022-02-13,"155 Meadow St, San Francisco, CA 94016",Cargadores
AA Batteries (4-pack),1,3.84,2022-02-13,"474 Dogwood St, Seattle, WA 98101",Pilas
USB-C Charging Cable,1,11.95,2022-02-26,"125 Highland St, Boston, MA 02215",Cargadores
AAA Batteries (4-pack),2,2.99,2022-02-23,"292 Elm St, San Francisco, CA 94016",Pilas
AA Batteries (4-pack),1,3.84,2022-02-19,"995 Washington St, Dallas, TX 75001",Pilas
Wired Headphones,1,11.99,2022-02-22,"726 Madison St, Atlanta, GA 30301",Auriculares
AA Batteries (4-pack),2,3.84,2022-02-22,"261 Meadow St, Dallas, TX 75001",Pilas
AAA Batteries (4-pack),1,2.99,2022-02-20,"242 Madison St, New York City, NY 10001",Pilas
iPhone,1,700,2022-02-17,"498 Jackson St, Portland, OR 97035",Teléfonos
Lightning Charging Cable,1,14.95,2022-02-17,"498 Jackson St, Portland, OR 97035",Cargadores
AA Batteries (4-pack),1,3.84,2022-02-15,"491 Wilson St, San Francisco, CA 94016",Pilas
Apple Airpods Headphones,1,150,2022-02-20,"700 Forest St, New York City, NY 10001",Auriculares
Bose SoundSport Headphones,1,99.99,2022-02-22,"866 Spruce St, New York City, NY 10001",Auriculares
Wired Headphones,2,11.99,2022-02-14,"304 12th St, San Francisco, CA 94016",Auriculares
AA Batteries (4-pack),2,3.84,2022-02-25,"367 Pine St, Atlanta, GA 30301",Pilas
Wired Headphones,1,11.99,2022-02-17,"980 River St, San Francisco, CA 94016",Auriculares
Wired Headphones,1,11.99,2022-02-20,"438 6th St, New York City, NY 10001",Auriculares
Apple Airpods Headphones,1,150,2022-02-27,"839 North St, Portland, OR 97035",Auriculares
20in Monitor,1,109.99,2022-02-18,"545 6th St, Seattle, WA 98101",Monitores
USB-C Charging Cable,1,11.95,2022-02-28,"10 River St, New York City, NY 10001",Cargadores
Lightning Charging Cable,1,14.95,2022-02-21,"924 Maple St, Seattle, WA 98101",Cargadores
AA Batteries (4-pack),2,3.84,2022-02-19,"882 Ridge St, New York City, NY 10001",Pilas
USB-C Charging Cable,1,11.95,2022-02-22,"950 Chestnut St, Los Angeles, CA 90001",Cargadores
Bose SoundSport Headphones,1,99.99,2022-02-22,"615 Park St, Austin, TX 73301",Auriculares
Lightning Charging Cable,1,14.95,2022-02-18,"68 10th St, New York City, NY 10001",Cargadores
Lightning Charging Cable,1,14.95,2022-02-28,"41 9th St, Atlanta, GA 30301",Cargadores
AAA Batteries (4-pack),1,2.99,2022-02-24,"687 Lakeview St, New York City, NY 10001",Pilas
Wired Headphones,1,11.99,2022-02-26,"639 Hickory St, San Francisco, CA 94016",Auriculares
ThinkPad Laptop,1,999.99,2022-02-20,"53 14th St, Seattle, WA 98101",Portátiles
Wired Headphones,1,11.99,2022-02-27,"645 Ridge St, San Francisco, CA 94016",Auriculares
iPhone,1,700,2022-02-21,"221 Church St, San Francisco, CA 94016",Teléfonos
LG Dryer,1,600.0,2022-02-20,"766 Adams St, New York City, NY 10001",Electrodomésticos
AAA Batteries (4-pack),1,2.99,2022-02-25,"457 Madison St, San Francisco, CA 94016",Pilas
Flatscreen TV,1,300,2022-02-26,"37 8th St, Los Angeles, CA 90001",Televisores
ThinkPad Laptop,1,999.99,2022-02-25,"347 7th St, Los Angeles, CA 90001",Portátiles
Wired Headphones,1,11.99,2022-02-25,"347 7th St, Los Angeles, CA 90001",Auriculares
AA Batteries (4-pack),1,3.84,2022-02-13,"186 Hickory St, Atlanta, GA 30301",Pilas
USB-C Charging Cable,1,11.95,2022-02-18,"422 Elm St, San Francisco, CA 94016",Cargadores
AA Batteries (4-pack),1,3.84,2022-02-16,"37 4th St, Atlanta, GA 30301",Pilas
AA Batteries (4-pack),1,3.84,2022-02-19,"512 Cherry St, San Francisco, CA 94016",Pilas
AAA Batteries (4-pack),2,2.99,2022-02-18,"504 Madison St, New York City, NY 10001",Pilas
Bose SoundSport Headphones,1,99.99,2022-02-26,"213 Spruce St, San Francisco, CA 94016",Auriculares
AA Batteries (4-pack),1,3.84,2022-02-16,"821 Walnut St, Austin, TX 73301",Pilas
Bose SoundSport Headphones,1,99.99,2022-02-16,"716 Lakeview St, New York City, NY 10001",Auriculares
Wired Headphones,2,11.99,2022-02-24,"410 Meadow St, Dallas, TX 75001",Auriculares
iPhone,1,700,2022-02-15,"456 Willow St, San Francisco, CA 94016",Teléfonos
27in 4K Gaming Monitor,1,389.99,2022-02-23,"797 Forest St, Los Angeles, CA 90001",Monitores
USB-C Charging Cable,1,11.95,2022-02-13,"30 Chestnut St, New York City, NY 10001",Cargadores
Lightning Charging Cable,1,14.95,2022-02-14,"977 Dogwood St, Portland, ME 04101",Cargadores
USB-C Charging Cable,1,11.95,2022-02-15,"498 Dogwood St, Los Angeles, CA 90001",Cargadores
AA Batteries (4-pack),1,3.84,2022-02-23,"119 Jefferson St, San Francisco, CA 94016",Pilas
Wired Headphones,1,11.99,2022-02-15,"727 Center St, Seattle, WA 98101",Auriculares
27in FHD Monitor,1,149.99,2022-02-28,"189 North St, Boston, MA 02215",Monitores
Lightning Charging Cable,1,14.95,2022-02-20,"180 Park St, New York City, NY 10001",Cargadores
Wired Headphones,1,11.99,2022-02-26,"25 Willow St, Boston, MA 02215",Auriculares
Wired Headphones,1,11.99,2022-02-18,"694 Adams St, Los Angeles, CA 90001",Auriculares
Apple Airpods Headphones,1,150,2022-02-27,"73 Lakeview St, New York City, NY 10001",Auriculares
Wired Headphones,1,11.99,2022-02-13,"400 13th St, Dallas, TX 75001",Auriculares
27in 4K Gaming Monitor,1,389.99,2022-02-15,"495 Dogwood St, Los Angeles, CA 90001",Monitores
27in 4K Gaming Monitor,1,389.99,2022-02-19,"17 Cedar St, New York City, NY 10001",Monitores
Wired Headphones,1,11.99,2022-02-27,"852 Meadow St, Los Angeles, CA 90001",Auriculares
34in Ultrawide Monitor,1,379.99,2022-02-24,"305 Highland St, New York City, NY 10001",Monitores
USB-C Charging Cable,2,11.95,2022-02-18,"99 Willow St, Los Angeles, CA 90001",Cargadores
Apple Airpods Headphones,1,150,2022-02-25,"366 Wilson St, San Francisco, CA 94016",Auriculares
USB-C Charging Cable,1,11.95,2022-02-27,"457 Highland St, Los Angeles, CA 90001",Cargadores
Wired Headphones,2,11.99,2022-02-19,"121 Jefferson St, Dallas, TX 75001",Auriculares
AA Batteries (4-pack),1,3.84,2022-02-20,"336 1st St, Austin, TX 73301",Pilas
Lightning Charging Cable,1,14.95,2022-02-20,"138 Elm St, New York City, NY 10001",Cargadores
USB-C Charging Cable,2,11.95,2022-02-25,"135 Jackson St, Portland, OR 97035",Cargadores
USB-C Charging Cable,1,11.95,2022-02-20,"752 Lakeview St, Boston, MA 02215",Cargadores
USB-C Charging Cable,1,11.95,2022-02-19,"786 Ridge St, Atlanta, GA 30301",Cargadores
Lightning Charging Cable,1,14.95,2022-02-28,"815 12th St, Dallas, TX 75001",Cargadores
Lightning Charging Cable,1,14.95,2022-02-14,"875 Cedar St, Dallas, TX 75001",Cargadores
AAA Batteries (4-pack),3,2.99,2022-02-21,"676 Walnut St, New York City, NY 10001",Pilas
AA Batteries (4-pack),1,3.84,2022-02-26,"152 Church St, Boston, MA 02215",Pilas
USB-C Charging Cable,1,11.95,2022-02-16,"933 Spruce St, Boston, MA 02215",Cargadores
Apple Airpods Headphones,1,150,2022-02-14,"48 Meadow St, Los Angeles, CA 90001",Auriculares
Wired Headphones,1,11.99,2022-02-22,"450 West St, Los Angeles, CA 90001",Auriculares
Lightning Charging Cable,1,14.95,2022-02-17,"601 12th St, Atlanta, GA 30301",Cargadores
Lightning Charging Cable,1,14.95,2022-02-17,"322 6th St, New York City, NY 10001",Cargadores
AAA Batteries (4-pack),1,2.99,2022-02-27,"188 Jefferson St, Dallas, TX 75001",Pilas
USB-C Charging Cable,1,11.95,2022-02-13,"783 6th St, Portland, OR 97035",Cargadores
27in 4K Gaming Monitor,1,389.99,2022-02-17,"589 Johnson St, Atlanta, GA 30301",Monitores
AAA Batteries (4-pack),1,2.99,2022-02-21,"798 Washington St, San Francisco, CA 94016",Pilas
Lightning Charging Cable,1,14.95,2022-02-20,"181 Sunset St, Los Angeles, CA 90001",Cargadores
27in FHD Monitor,1,149.99,2022-02-27,"705 South St, New York City, NY 10001",Monitores
iPhone,1,700,2022-02-15,"989 8th St, Los Angeles, CA 90001",Teléfonos
Lightning Charging Cable,1,14.95,2022-02-24,"499 10th St, New York City, NY 10001",Cargadores
Wired Headphones,1,11.99,2022-02-16,"780 West St, San Francisco, CA 94016",Auriculares
ThinkPad Laptop,1,999.99,2022-02-22,"64 8th St, New York City, NY 10001",Portátiles
Lightning Charging Cable,1,14.95,2022-02-22,"64 8th St, New York City, NY 10001",Cargadores
Vareebadd Phone,1,400,2022-02-24,"180 2nd St, Dallas, TX 75001",Teléfonos
USB-C Charging Cable,2,11.95,2022-02-24,"180 2nd St, Dallas, TX 75001",Cargadores
Bose SoundSport Headphones,1,99.99,2022-02-17,"74 Dogwood St, Dallas, TX 75001",Auriculares
AA Batteries (4-pack),1,3.84,2022-02-26,"455 Pine St, Dallas, TX 75001",Pilas
Wired Headphones,3,11.99,2022-02-28,"227 Lincoln St, Atlanta, GA 30301",Auriculares
ThinkPad Laptop,1,999.99,2022-02-28,"968 4th St, Dallas, TX 75001",Portátiles
Wired Headphones,1,11.99,2022-02-24,"482 Main St, New York City, NY 10001",Auriculares
Bose SoundSport Headphones,1,99.99,2022-02-25,"15 Jefferson St, Los Angeles, CA 90001",Auriculares
AAA Batteries (4-pack),4,2.99,2022-02-24,"115 Lincoln St, San Francisco, CA 94016",Pilas
Apple Airpods Headphones,1,150,2022-02-17,"978 Wilson St, New York City, NY 10001",Auriculares
AA Batteries (4-pack),3,3.84,2022-02-27,"681 Elm St, Los Angeles, CA 90001",Pilas
Lightning Charging Cable,1,14.95,2022-02-23,"896 Lakeview St, New York City, NY 10001",Cargadores
USB-C Charging Cable,1,11.95,2022-02-27,"173 9th St, San Francisco, CA 94016",Cargadores
Bose SoundSport Headphones,1,99.99,2022-02-27,"695 Park St, Boston, MA 02215",Auriculares
USB-C Charging Cable,1,11.95,2022-02-14,"275 4th St, Seattle, WA 98101",Cargadores
Lightning Charging Cable,1,14.95,2022-02-14,"574 Center St, Dallas, TX 75001",Cargadores
27in FHD Monitor,1,149.99,2022-02-22,"22 Center St, New York City, NY 10001",Monitores
AAA Batteries (4-pack),1,2.99,2022-02-14,"437 Maple St, Los Angeles, CA 90001",Pilas
Wired Headphones,1,11.99,2022-02-21,"45 8th St, Los Angeles, CA 90001",Auriculares
AAA Batteries (4-pack),2,2.99,2022-02-25,"470 River St, New York City, NY 10001",Pilas
Apple Airpods Headphones,1,150,2022-02-28,"791 Ridge St, Atlanta, GA 30301",Auriculares
Wired Headphones,1,11.99,2022-02-24,"913 7th St, San Francisco, CA 94016",Auriculares
USB-C Charging Cable,2,11.95,2022-02-20,"207 Washington St, Boston, MA 02215",Cargadores
USB-C Charging Cable,1,11.95,2022-02-18,"329 Wilson St, Los Angeles, CA 90001",Cargadores
iPhone,1,700,2022-02-22,"802 Hickory St, San Francisco, CA 94016",Teléfonos
iPhone,1,700,2022-02-25,"363 Wilson St, Seattle, WA 98101",Teléfonos
Lightning Charging Cable,1,14.95,2022-02-25,"363 Wilson St, Seattle, WA 98101",Cargadores
Bose SoundSport Headphones,1,99.99,2022-02-23,"508 Main St, San Francisco, CA 94016",Auriculares
LG Dryer,1,600.0,2022-02-25,"929 Washington St, San Francisco, CA 94016",Electrodomésticos
Apple Airpods Headphones,1,150,2022-02-17,"854 West St, San Francisco, CA 94016",Auriculares
Flatscreen TV,1,300,2022-02-20,"608 1st St, Boston, MA 02215",Televisores
iPhone,1,700,2022-02-22,"160 River St, San Francisco, CA 94016",Teléfonos
Lightning Charging Cable,1,14.95,2022-02-22,"160 River St, San Francisco, CA 94016",Cargadores
LG Washing Machine,1,600.0,2022-02-17,"827 Center St, San Francisco, CA 94016",Electrodomésticos
Lightning Charging Cable,1,14.95,2022-02-15,"592 Elm St, New York City, NY 10001",Cargadores
Lightning Charging Cable,1,14.95,2022-02-23,"280 5th St, San Francisco, CA 94016",Cargadores
Apple Airpods Headphones,1,150,2022-02-19,"284 Forest St, Seattle, WA 98101",Auriculares
USB-C Charging Cable,2,11.95,2022-02-21,"608 Madison St, San Francisco, CA 94016",Cargadores
34in Ultrawide Monitor,1,379.99,2022-02-17,"995 Main St, Atlanta, GA 30301",Monitores
Apple Airpods Headphones,1,150,2022-02-24,"543 Meadow St, Atlanta, GA 30301",Auriculares
USB-C Charging Cable,1,11.95,2022-02-26,"371 13th St, Los Angeles, CA 90001",Cargadores
USB-C Charging Cable,1,11.95,2022-02-26,"687 12th St, Atlanta, GA 30301",Cargadores
20in Monitor,1,109.99,2022-02-14,"233 Lakeview St, Seattle, WA 98101",Monitores
Apple Airpods Headphones,1,150,2022-02-25,"11 Willow St, Boston, MA 02215",Auriculares
Apple Airpods Headphones,1,150,2022-02-22,"766 Hickory St, Atlanta, GA 30301",Auriculares
Lightning Charging Cable,1,14.95,2022-02-27,"260 6th St, San Francisco, CA 94016",Cargadores
USB-C Charging Cable,1,11.95,2022-02-27,"701 Sunset St, Atlanta, GA 30301",Cargadores
AAA Batteries (4-pack),1,2.99,2022-02-22,"403 7th St, San Francisco, CA 94016",Pilas
AAA Batteries (4-pack),1,2.99,2022-02-25,"708 Hill St, New York City, NY 10001",Pilas
AAA Batteries (4-pack),2,2.99,2022-02-20,"819 Pine St, Portland, OR 97035",Pilas
Macbook Pro Laptop,1,1700,2022-02-17,"368 Pine St, Portland, OR 97035",Portátiles
34in Ultrawide Monitor,1,379.99,2022-02-19,"90 Park St, New York City, NY 10001",Monitores
Bose SoundSport Headphones,1,99.99,2022-02-25,"267 1st St, San Francisco, CA 94016",Auriculares
27in 4K Gaming Monitor,1,389.99,2022-02-25,"267 1st St, San Francisco, CA 94016",Monitores
Lightning Charging Cable,1,14.95,2022-02-24,"166 Lakeview St, Dallas, TX 75001",Cargadores
34in Ultrawide Monitor,1,379.99,2022-02-28,"570 Sunset St, San Francisco, CA 94016",Monitores
27in FHD Monitor,1,149.99,2022-02-26,"975 Highland St, Dallas, TX 75001",Monitores
27in FHD Monitor,1,149.99,2022-02-21,"687 5th St, Seattle, WA 98101",Monitores
Wired Headphones,1,11.99,2022-02-18,"805 12th St, Austin, TX 73301",Auriculares
27in FHD Monitor,1,149.99,2022-02-19,"443 North St, Atlanta, GA 30301",Monitores
Apple Airpods Headphones,1,150,2022-02-14,"27 South St, San Francisco, CA 94016",Auriculares
USB-C Charging Cable,1,11.95,2022-02-20,"914 Highland St, New York City, NY 10001",Cargadores
AAA Batteries (4-pack),1,2.99,2022-02-17,"275 Cedar St, Atlanta, GA 30301",Pilas
Wired Headphones,1,11.99,2022-02-14,"838 Johnson St, Atlanta, GA 30301",Auriculares
Wired Headphones,1,11.99,2022-02-22,"152 South St, Los Angeles, CA 90001",Auriculares
Apple Airpods Headphones,1,150,2022-02-24,"802 River St, San Francisco, CA 94016",Auriculares
AA Batteries (4-pack),1,3.84,2022-02-22,"982 Church St, San Francisco, CA 94016",Pilas
Apple Airpods Headphones,1,150,2022-02-23,"163 Cedar St, San Francisco, CA 94016",Auriculares
27in FHD Monitor,1,149.99,2022-02-15,"449 Madison St, New York City, NY 10001",Monitores
ThinkPad Laptop,1,999.99,2022-02-22,"432 West St, Atlanta, GA 30301",Portátiles
AA Batteries (4-pack),1,3.84,2022-02-25,"961 Spruce St, Boston, MA 02215",Pilas
AA Batteries (4-pack),1,3.84,2022-02-25,"961 Spruce St, Boston, MA 02215",Pilas
iPhone,1,700,2022-02-27,"683 Adams St, Los Angeles, CA 90001",Teléfonos
USB-C Charging Cable,2,11.95,2022-02-13,"696 Sunset St, San Francisco, CA 94016",Cargadores
Wired Headphones,1,11.99,2022-02-25,"946 12th St, Dallas, TX 75001",Auriculares
iPhone,1,700,2022-02-25,"953 River St, New York City, NY 10001",Teléfonos
Wired Headphones,1,11.99,2022-02-25,"953 River St, New York City, NY 10001",Auriculares
AA Batteries (4-pack),1,3.84,2022-02-27,"717 Adams St, New York City, NY 10001",Pilas
iPhone,1,700,2022-02-23,"157 1st St, San Francisco, CA 94016",Teléfonos
Vareebadd Phone,1,400,2022-02-23,"372 Willow St, Los Angeles, CA 90001",Teléfonos
USB-C Charging Cable,1,11.95,2022-02-23,"372 Willow St, Los Angeles, CA 90001",Cargadores
27in 4K Gaming Monitor,1,389.99,2022-02-16,"467 Jackson St, Portland, OR 97035",Monitores
Lightning Charging Cable,1,14.95,2022-02-27,"163 Sunset St, New York City, NY 10001",Cargadores
AAA Batteries (4-pack),1,2.99,2022-02-16,"836 Hickory St, Seattle, WA 98101",Pilas
Google Phone,1,600,2022-02-25,"820 Adams St, San Francisco, CA 94016",Teléfonos
Lightning Charging Cable,1,14.95,2022-02-15,"585 6th St, Boston, MA 02215",Cargadores
AAA Batteries (4-pack),2,2.99,2022-02-26,"34 Lincoln St, Portland, OR 97035",Pilas
AA Batteries (4-pack),1,3.84,2022-02-23,"776 10th St, New York City, NY 10001",Pilas
iPhone,1,700,2022-02-25,"206 Adams St, New York City, NY 10001",Teléfonos
ThinkPad Laptop,1,999.99,2022-02-28,"629 Adams St, New York City, NY 10001",Portátiles
AAA Batteries (4-pack),2,2.99,2022-02-28,"992 13th St, New York City, NY 10001",Pilas
USB-C Charging Cable,1,11.95,2022-02-18,"145 7th St, Seattle, WA 98101",Cargadores
Macbook Pro Laptop,1,1700,2022-02-28,"400 Hill St, Dallas, TX 75001",Portátiles
Lightning Charging Cable,1,14.95,2022-02-22,"475 5th St, San Francisco, CA 94016",Cargadores
Apple Airpods Headphones,1,150,2022-02-15,"555 Park St, San Francisco, CA 94016",Auriculares
AAA Batteries (4-pack),1,2.99,2022-02-17,"320 14th St, Portland, OR 97035",Pilas
Wired Headphones,1,11.99,2022-02-21,"888 Madison St, Boston, MA 02215",Auriculares
27in 4K Gaming Monitor,1,389.99,2022-02-27,"189 Walnut St, Portland, OR 97035",Monitores
AA Batteries (4-pack),2,3.84,2022-02-17,"218 12th St, Los Angeles, CA 90001",Pilas
Lightning Charging Cable,1,14.95,2022-02-28,"40 Johnson St, Austin, TX 73301",Cargadores
AA Batteries (4-pack),1,3.84,2022-02-28,"832 Adams St, Los Angeles, CA 90001",Pilas
AA Batteries (4-pack),1,3.84,2022-02-17,"970 Washington St, Portland, OR 97035",Pilas
Wired Headphones,1,11.99,2022-02-18,"887 North St, San Francisco, CA 94016",Auriculares
Lightning Charging Cable,1,14.95,2022-02-14,"682 Ridge St, Portland, OR 97035",Cargadores
AAA Batteries (4-pack),3,2.99,2022-02-21,"908 9th St, Seattle, WA 98101",Pilas
Lightning Charging Cable,1,14.95,2022-02-27,"560 Lakeview St, San Francisco, CA 94016",Cargadores
AA Batteries (4-pack),1,3.84,2022-02-28,"939 1st St, Los Angeles, CA 90001",Pilas
Lightning Charging Cable,1,14.95,2022-02-18,"903 Main St, San Francisco, CA 94016",Cargadores
Wired Headphones,1,11.99,2022-02-25,"746 13th St, New York City, NY 10001",Auriculares
Vareebadd Phone,1,400,2022-02-16,"121 Ridge St, New York City, NY 10001",Teléfonos
USB-C Charging Cable,1,11.95,2022-02-16,"121 Ridge St, New York City, NY 10001",Cargadores
USB-C Charging Cable,1,11.95,2022-02-19,"587 Washington St, New York City, NY 10001",Cargadores
AA Batteries (4-pack),1,3.84,2022-02-25,"822 8th St, San Francisco, CA 94016",Pilas
iPhone,1,700,2022-02-26,"621 Pine St, San Francisco, CA 94016",Teléfonos
USB-C Charging Cable,1,11.95,2022-02-18,"698 Willow St, Los Angeles, CA 90001",Cargadores
Wired Headphones,1,11.99,2022-02-26,"974 South St, Seattle, WA 98101",Auriculares
USB-C Charging Cable,1,11.95,2022-02-16,"367 6th St, Austin, TX 73301",Cargadores
Wired Headphones,1,11.99,2022-02-27,"807 12th St, San Francisco, CA 94016",Auriculares
Vareebadd Phone,1,400,2022-02-16,"326 Cherry St, Los Angeles, CA 90001",Teléfonos
Apple Airpods Headphones,1,150,2022-02-15,"123 Cherry St, Dallas, TX 75001",Auriculares
Wired Headphones,1,11.99,2022-02-24,"205 Maple St, Dallas, TX 75001",Auriculares
Lightning Charging Cable,1,14.95,2022-02-17,"131 Jackson St, San Francisco, CA 94016",Cargadores
AA Batteries (4-pack),1,3.84,2022-02-26,"633 6th St, New York City, NY 10001",Pilas
Lightning Charging Cable,1,14.95,2022-02-14,"771 Cherry St, Portland, OR 97035",Cargadores
AA Batteries (4-pack),2,3.84,2022-02-26,"464 2nd St, Los Angeles, CA 90001",Pilas
Macbook Pro Laptop,1,1700,2022-02-27,"9 Jefferson St, Boston, MA 02215",Portátiles
27in 4K Gaming Monitor,1,389.99,2022-02-20,"630 Lakeview St, Dallas, TX 75001",Monitores
AA Batteries (4-pack),1,3.84,2022-02-17,"89 Madison St, Boston, MA 02215",Pilas
AAA Batteries (4-pack),1,2.99,2022-02-16,"545 Lakeview St, New York City, NY 10001",Pilas
20in Monitor,1,109.99,2022-02-21,"756 Spruce St, Atlanta, GA 30301",Monitores
AA Batteries (4-pack),1,3.84,2022-02-25,"101 Lincoln St, Los Angeles, CA 90001",Pilas
AAA Batteries (4-pack),1,2.99,2022-02-17,"608 Church St, San Francisco, CA 94016",Pilas
Lightning Charging Cable,1,14.95,2022-02-22,"444 Ridge St, Los Angeles, CA 90001",Cargadores
Google Phone,1,600,2022-02-13,"729 Johnson St, New York City, NY 10001",Teléfonos
USB-C Charging Cable,1,11.95,2022-02-13,"729 Johnson St, New York City, NY 10001",Cargadores
Lightning Charging Cable,1,14.95,2022-02-22,"994 6th St, Atlanta, GA 30301",Cargadores
USB-C Charging Cable,1,11.95,2022-02-17,"968 Jefferson St, San Francisco, CA 94016",Cargadores
Flatscreen TV,1,300,2022-02-27,"503 Pine St, New York City, NY 10001",Televisores
Flatscreen TV,1,300,2022-02-18,"824 Meadow St, San Francisco, CA 94016",Televisores
Wired Headphones,1,11.99,2022-02-26,"742 Washington St, San Francisco, CA 94016",Auriculares
Lightning Charging Cable,1,14.95,2022-02-15,"383 Madison St, San Francisco, CA 94016",Cargadores
27in FHD Monitor,1,149.99,2022-02-18,"747 Dogwood St, Austin, TX 73301",Monitores
USB-C Charging Cable,1,11.95,2022-02-20,"917 Elm St, San Francisco, CA 94016",Cargadores
AAA Batteries (4-pack),4,2.99,2022-02-25,"536 Sunset St, San Francisco, CA 94016",Pilas
Bose SoundSport Headphones,1,99.99,2022-02-15,"524 Hickory St, Boston, MA 02215",Auriculares
Lightning Charging Cable,1,14.95,2022-02-24,"286 Lincoln St, Los Angeles, CA 90001",Cargadores
USB-C Charging Cable,1,11.95,2022-02-25,"440 Park St, Los Angeles, CA 90001",Cargadores
27in 4K Gaming Monitor,1,389.99,2022-02-25,"933 Park St, San Francisco, CA 94016",Monitores
USB-C Charging Cable,1,11.95,2022-02-19,"506 9th St, New York City, NY 10001",Cargadores
Google Phone,1,600,2022-02-27,"662 Cherry St, New York City, NY 10001",Teléfonos
Wired Headphones,1,11.99,2022-02-27,"662 Cherry St, New York City, NY 10001",Auriculares
AAA Batteries (4-pack),1,2.99,2022-02-22,"622 Spruce St, Los Angeles, CA 90001",Pilas
Apple Airpods Headphones,1,150,2022-02-20,"700 Walnut St, Los Angeles, CA 90001",Auriculares
AAA Batteries (4-pack),2,2.99,2022-02-18,"211 5th St, San Francisco, CA 94016",Pilas
Apple Airpods Headphones,1,150,2022-02-21,"981 Ridge St, San Francisco, CA 94016",Auriculares
Lightning Charging Cable,1,14.95,2022-02-16,"780 14th St, New York City, NY 10001",Cargadores
AA Batteries (4-pack),1,3.84,2022-02-18,"655 Johnson St, Dallas, TX 75001",Pilas
USB-C Charging Cable,1,11.95,2022-02-27,"97 Park St, Portland, OR 97035",Cargadores
AAA Batteries (4-pack),1,2.99,2022-02-17,"629 1st St, New York City, NY 10001",Pilas
Apple Airpods Headphones,1,150,2022-02-17,"262 12th St, Atlanta, GA 30301",Auriculares
Wired Headphones,1,11.99,2022-02-17,"509 Jackson St, Seattle, WA 98101",Auriculares
AAA Batteries (4-pack),1,2.99,2022-02-26,"440 9th St, Austin, TX 73301",Pilas
Google Phone,1,600,2022-02-24,"466 1st St, New York City, NY 10001",Teléfonos
AAA Batteries (4-pack),1,2.99,2022-02-21,"67 5th St, Portland, OR 97035",Pilas
AA Batteries (4-pack),1,3.84,2022-02-19,"70 2nd St, Boston, MA 02215",Pilas
27in FHD Monitor,1,149.99,2022-02-14,"551 Maple St, New York City, NY 10001",Monitores
AAA Batteries (4-pack),2,2.99,2022-02-13,"554 Lincoln St, Los Angeles, CA 90001",Pilas
Apple Airpods Headphones,1,150,2022-02-24,"588 9th St, Boston, MA 02215",Auriculares
USB-C Charging Cable,1,11.95,2022-02-18,"512 4th St, Los Angeles, CA 90001",Cargadores
Flatscreen TV,1,300,2022-02-16,"266 Sunset St, Seattle, WA 98101",Televisores
Lightning Charging Cable,1,14.95,2022-02-21,"5 Highland St, New York City, NY 10001",Cargadores
27in FHD Monitor,1,149.99,2022-02-23,"860 Church St, Boston, MA 02215",Monitores
Bose SoundSport Headphones,1,99.99,2022-02-26,"905 Jefferson St, San Francisco, CA 94016",Auriculares
USB-C Charging Cable,1,11.95,2022-02-24,"48 Park St, Austin, TX 73301",Cargadores
ThinkPad Laptop,1,999.99,2022-02-23,"21 8th St, Portland, ME 04101",Portátiles
AA Batteries (4-pack),2,3.84,2022-02-21,"989 Maple St, Atlanta, GA 30301",Pilas
Lightning Charging Cable,1,14.95,2022-02-14,"31 7th St, San Francisco, CA 94016",Cargadores
27in FHD Monitor,1,149.99,2022-02-22,"268 Dogwood St, Portland, ME 04101",Monitores
20in Monitor,1,109.99,2022-02-21,"337 West St, Austin, TX 73301",Monitores
AA Batteries (4-pack),1,3.84,2022-02-23,"953 Dogwood St, Los Angeles, CA 90001",Pilas
Apple Airpods Headphones,1,150,2022-02-16,"204 7th St, San Francisco, CA 94016",Auriculares
AAA Batteries (4-pack),2,2.99,2022-02-16,"643 South St, Seattle, WA 98101",Pilas
Bose SoundSport Headphones,1,99.99,2022-02-14,"714 South St, New York City, NY 10001",Auriculares
AA Batteries (4-pack),2,3.84,2022-02-19,"152 13th St, Boston, MA 02215",Pilas
Lightning Charging Cable,1,14.95,2022-02-17,"759 Lincoln St, Seattle, WA 98101",Cargadores
AAA Batteries (4-pack),1,2.99,2022-02-17,"626 Elm St, New York City, NY 10001",Pilas
27in FHD Monitor,1,149.99,2022-02-23,"787 6th St, Austin, TX 73301",Monitores
AA Batteries (4-pack),1,3.84,2022-02-28,"512 Meadow St, San Francisco, CA 94016",Pilas
AAA Batteries (4-pack),1,2.99,2022-02-25,"372 Adams St, Boston, MA 02215",Pilas
Lightning Charging Cable,1,14.95,2022-02-24,"711 Lakeview St, Atlanta, GA 30301",Cargadores
iPhone,1,700,2022-02-13,"566 Cherry St, Portland, OR 97035",Teléfonos
Macbook Pro Laptop,1,1700,2022-02-23,"389 Maple St, Portland, OR 97035",Portátiles
Apple Airpods Headphones,1,150,2022-02-19,"957 9th St, Boston, MA 02215",Auriculares
AA Batteries (4-pack),1,3.84,2022-02-18,"565 8th St, New York City, NY 10001",Pilas
Wired Headphones,2,11.99,2022-02-20,"875 Ridge St, Dallas, TX 75001",Auriculares
Lightning Charging Cable,2,14.95,2022-02-22,"658 Lincoln St, Seattle, WA 98101",Cargadores
34in Ultrawide Monitor,1,379.99,2022-02-13,"233 Walnut St, New York City, NY 10001",Monitores
27in FHD Monitor,1,149.99,2022-02-27,"335 Church St, Seattle, WA 98101",Monitores
Apple Airpods Headphones,1,150,2022-02-17,"572 Dogwood St, Seattle, WA 98101",Auriculares
Bose SoundSport Headphones,1,99.99,2022-02-24,"273 1st St, San Francisco, CA 94016",Auriculares
USB-C Charging Cable,1,11.95,2022-02-28,"944 Spruce St, San Francisco, CA 94016",Cargadores
iPhone,1,700,2022-02-20,"663 Hickory St, San Francisco, CA 94016",Teléfonos
Apple Airpods Headphones,1,150,2022-02-20,"663 Hickory St, San Francisco, CA 94016",Auriculares
Flatscreen TV,1,300,2022-02-22,"81 Highland St, San Francisco, CA 94016",Televisores
Macbook Pro Laptop,1,1700,2022-02-21,"111 12th St, San Francisco, CA 94016",Portátiles
ThinkPad Laptop,1,999.99,2022-02-16,"600 Ridge St, Atlanta, GA 30301",Portátiles
iPhone,1,700,2022-02-24,"991 Center St, Atlanta, GA 30301",Teléfonos
Lightning Charging Cable,1,14.95,2022-02-24,"991 Center St, Atlanta, GA 30301",Cargadores
Bose SoundSport Headphones,1,99.99,2022-02-21,"161 Lakeview St, New York City, NY 10001",Auriculares
Bose SoundSport Headphones,1,99.99,2022-02-21,"968 Dogwood St, Portland, OR 97035",Auriculares
Lightning Charging Cable,1,14.95,2022-02-28,"4 Sunset St, San Francisco, CA 94016",Cargadores
Lightning Charging Cable,1,14.95,2022-02-24,"635 11th St, Atlanta, GA 30301",Cargadores
AAA Batteries (4-pack),1,2.99,2022-02-18,"733 14th St, San Francisco, CA 94016",Pilas
Lightning Charging Cable,1,14.95,2022-02-23,"916 Highland St, Seattle, WA 98101",Cargadores
AAA Batteries (4-pack),1,2.99,2022-02-25,"527 Elm St, Seattle, WA 98101",Pilas
USB-C Charging Cable,1,11.95,2022-02-23,"805 Jefferson St, Los Angeles, CA 90001",Cargadores
Wired Headphones,1,11.99,2022-02-14,"63 Lincoln St, Austin, TX 73301",Auriculares
Google Phone,1,600,2022-02-17,"37 Hill St, Portland, OR 97035",Teléfonos
USB-C Charging Cable,2,11.95,2022-02-17,"37 Hill St, Portland, OR 97035",Cargadores
iPhone,1,700,2022-02-20,"435 Meadow St, Portland, OR 97035",Teléfonos
AA Batteries (4-pack),1,3.84,2022-02-21,"223 14th St, San Francisco, CA 94016",Pilas
Lightning Charging Cable,1,14.95,2022-02-21,"633 1st St, San Francisco, CA 94016",Cargadores
34in Ultrawide Monitor,1,379.99,2022-02-23,"778 Hill St, Portland, ME 04101",Monitores
USB-C Charging Cable,2,11.95,2022-02-15,"190 River St, Boston, MA 02215",Cargadores
Lightning Charging Cable,1,14.95,2022-02-22,"272 Chestnut St, Seattle, WA 98101",Cargadores
20in Monitor,1,109.99,2022-02-16,"615 Lake St, San Francisco, CA 94016",Monitores
Lightning Charging Cable,1,14.95,2022-02-27,"327 Cherry St, Austin, TX 73301",Cargadores
ThinkPad Laptop,1,999.99,2022-02-15,"220 4th St, Los Angeles, CA 90001",Portátiles
Flatscreen TV,1,300,2022-02-23,"528 Washington St, Portland, OR 97035",Televisores
Lightning Charging Cable,1,14.95,2022-02-28,"701 Forest St, San Francisco, CA 94016",Cargadores
Wired Headphones,1,11.99,2022-02-14,"619 Church St, New York City, NY 10001",Auriculares
27in FHD Monitor,1,149.99,2022-02-23,"452 Cedar St, Los Angeles, CA 90001",Monitores
Apple Airpods Headphones,1,150,2022-02-14,"617 Spruce St, Boston, MA 02215",Auriculares
USB-C Charging Cable,1,11.95,2022-02-22,"311 River St, San Francisco, CA 94016",Cargadores
Apple Airpods Headphones,1,150,2022-02-18,"491 Park St, Boston, MA 02215",Auriculares
Wired Headphones,1,11.99,2022-02-25,"461 8th St, San Francisco, CA 94016",Auriculares
AAA Batteries (4-pack),1,2.99,2022-02-25,"598 9th St, New York City, NY 10001",Pilas
Vareebadd Phone,1,400,2022-02-28,"145 13th St, Boston, MA 02215",Teléfonos
Lightning Charging Cable,1,14.95,2022-02-23,"853 Sunset St, Los Angeles, CA 90001",Cargadores
Wired Headphones,1,11.99,2022-02-23,"659 Cherry St, San Francisco, CA 94016",Auriculares
Wired Headphones,1,11.99,2022-02-21,"849 Walnut St, Los Angeles, CA 90001",Auriculares
Bose SoundSport Headphones,1,99.99,2022-02-23,"748 9th St, San Francisco, CA 94016",Auriculares
Wired Headphones,1,11.99,2022-02-17,"580 Pine St, San Francisco, CA 94016",Auriculares
iPhone,1,700,2022-02-19,"706 2nd St, Boston, MA 02215",Teléfonos
AAA Batteries (4-pack),1,2.99,2022-02-27,"7 Highland St, Los Angeles, CA 90001",Pilas
Wired Headphones,1,11.99,2022-02-15,"188 1st St, San Francisco, CA 94016",Auriculares
Bose SoundSport Headphones,1,99.99,2022-02-25,"444 10th St, San Francisco, CA 94016",Auriculares
USB-C Charging Cable,1,11.95,2022-02-24,"744 Park St, San Francisco, CA 94016",Cargadores
Macbook Pro Laptop,1,1700,2022-02-24,"744 Park St, San Francisco, CA 94016",Portátiles
27in FHD Monitor,1,149.99,2022-02-26,"200 4th St, Boston, MA 02215",Monitores
Apple Airpods Headphones,1,150,2022-02-13,"528 Meadow St, Portland, ME 04101",Auriculares
Lightning Charging Cable,1,14.95,2022-02-17,"80 Ridge St, Dallas, TX 75001",Cargadores
AAA Batteries (4-pack),1,2.99,2022-02-22,"24 Meadow St, Austin, TX 73301",Pilas
iPhone,1,700,2022-02-28,"393 Lakeview St, Seattle, WA 98101",Teléfonos
USB-C Charging Cable,1,11.95,2022-02-25,"737 Spruce St, Boston, MA 02215",Cargadores
AAA Batteries (4-pack),1,2.99,2022-02-15,"493 Johnson St, Atlanta, GA 30301",Pilas
AA Batteries (4-pack),1,3.84,2022-02-23,"84 14th St, San Francisco, CA 94016",Pilas
USB-C Charging Cable,1,11.95,2022-02-22,"647 Church St, Austin, TX 73301",Cargadores
Wired Headphones,1,11.99,2022-02-28,"593 Jefferson St, Atlanta, GA 30301",Auriculares
AAA Batteries (4-pack),1,2.99,2022-02-23,"201 Johnson St, Boston, MA 02215",Pilas
Lightning Charging Cable,1,14.95,2022-02-19,"815 1st St, San Francisco, CA 94016",Cargadores
AAA Batteries (4-pack),1,2.99,2022-02-15,"240 Ridge St, Dallas, TX 75001",Pilas
USB-C Charging Cable,1,11.95,2022-02-15,"392 Main St, Boston, MA 02215",Cargadores
USB-C Charging Cable,1,11.95,2022-02-28,"859 Hickory St, New York City, NY 10001",Cargadores
iPhone,1,700,2022-02-13,"782 13th St, Atlanta, GA 30301",Teléfonos
Wired Headphones,1,11.99,2022-02-14,"381 Adams St, Seattle, WA 98101",Auriculares
Apple Airpods Headphones,1,150,2022-02-22,"621 North St, Los Angeles, CA 90001",Auriculares
AA Batteries (4-pack),1,3.84,2022-02-26,"807 4th St, Seattle, WA 98101",Pilas
Lightning Charging Cable,1,14.95,2022-02-24,"409 Washington St, San Francisco, CA 94016",Cargadores
34in Ultrawide Monitor,1,379.99,2022-02-28,"241 West St, Los Angeles, CA 90001",Monitores
ThinkPad Laptop,1,999.99,2022-02-18,"141 Jefferson St, Dallas, TX 75001",Portátiles
Macbook Pro Laptop,1,1700,2022-02-19,"217 Highland St, Los Angeles, CA 90001",Portátiles
Apple Airpods Headphones,1,150,2022-02-20,"426 Elm St, San Francisco, CA 94016",Auriculares
Wired Headphones,1,11.99,2022-02-22,"614 9th St, San Francisco, CA 94016",Auriculares
Lightning Charging Cable,1,14.95,2022-02-20,"585 9th St, Boston, MA 02215",Cargadores
AA Batteries (4-pack),1,3.84,2022-02-14,"185 Elm St, San Francisco, CA 94016",Pilas
34in Ultrawide Monitor,1,379.99,2022-02-17,"614 South St, Los Angeles, CA 90001",Monitores
Apple Airpods Headphones,1,150,2022-02-17,"614 South St, Los Angeles, CA 90001",Auriculares
Bose SoundSport Headphones,1,99.99,2022-02-16,"79 Lake St, New York City, NY 10001",Auriculares
Apple Airpods Headphones,1,150,2022-02-15,"292 Willow St, Boston, MA 02215",Auriculares
Lightning Charging Cable,1,14.95,2022-02-14,"269 Cedar St, Boston, MA 02215",Cargadores
AAA Batteries (4-pack),1,2.99,2022-02-25,"449 8th St, Boston, MA 02215",Pilas
Lightning Charging Cable,1,14.95,2022-02-17,"807 Elm St, Los Angeles, CA 90001",Cargadores
AA Batteries (4-pack),1,3.84,2022-02-27,"485 Dogwood St, San Francisco, CA 94016",Pilas
USB-C Charging Cable,1,11.95,2022-02-20,"547 5th St, Seattle, WA 98101",Cargadores
Lightning Charging Cable,1,14.95,2022-02-26,"128 Maple St, San Francisco, CA 94016",Cargadores
USB-C Charging Cable,1,11.95,2022-02-21,"997 Church St, San Francisco, CA 94016",Cargadores
Wired Headphones,1,11.99,2022-02-14,"78 Meadow St, New York City, NY 10001",Auriculares
AA Batteries (4-pack),3,3.84,2022-02-14,"78 Meadow St, New York City, NY 10001",Pilas
ThinkPad Laptop,1,999.99,2022-02-22,"225 Lakeview St, San Francisco, CA 94016",Portátiles
Wired Headphones,1,11.99,2022-02-13,"614 Cedar St, San Francisco, CA 94016",Auriculares
34in Ultrawide Monitor,1,379.99,2022-02-18,"585 1st St, New York City, NY 10001",Monitores
iPhone,1,700,2022-02-18,"208 Main St, Los Angeles, CA 90001",Teléfonos
Bose SoundSport Headphones,1,99.99,2022-02-24,"597 Hickory St, Atlanta, GA 30301",Auriculares
27in 4K Gaming Monitor,1,389.99,2022-02-26,"452 Meadow St, Austin, TX 73301",Monitores
AAA Batteries (4-pack),1,2.99,2022-02-24,"507 2nd St, Los Angeles, CA 90001",Pilas
AAA Batteries (4-pack),1,2.99,2022-02-18,"233 Cedar St, Seattle, WA 98101",Pilas
iPhone,1,700,2022-02-23,"889 Cherry St, Boston, MA 02215",Teléfonos
AA Batteries (4-pack),1,3.84,2022-02-25,"742 13th St, Seattle, WA 98101",Pilas
Bose SoundSport Headphones,1,99.99,2022-02-18,"818 2nd St, San Francisco, CA 94016",Auriculares
USB-C Charging Cable,1,11.95,2022-02-19,"329 5th St, Los Angeles, CA 90001",Cargadores
Wired Headphones,1,11.99,2022-02-15,"976 Lincoln St, Los Angeles, CA 90001",Auriculares
LG Dryer,1,600.0,2022-02-18,"667 12th St, Boston, MA 02215",Electrodomésticos
AA Batteries (4-pack),4,3.84,2022-02-19,"933 Wilson St, Seattle, WA 98101",Pilas
Flatscreen TV,1,300,2022-02-27,"95 7th St, New York City, NY 10001",Televisores
Bose SoundSport Headphones,1,99.99,2022-02-28,"837 Center St, Seattle, WA 98101",Auriculares
AA Batteries (4-pack),1,3.84,2022-02-22,"963 Washington St, Atlanta, GA 30301",Pilas
Wired Headphones,1,11.99,2022-02-25,"671 Cedar St, Portland, OR 97035",Auriculares
AAA Batteries (4-pack),1,2.99,2022-02-17,"371 Main St, San Francisco, CA 94016",Pilas
27in 4K Gaming Monitor,1,389.99,2022-02-27,"326 Chestnut St, Seattle, WA 98101",Monitores
AA Batteries (4-pack),1,3.84,2022-02-27,"326 Chestnut St, Seattle, WA 98101",Pilas
27in 4K Gaming Monitor,1,389.99,2022-02-18,"697 Jackson St, Dallas, TX 75001",Monitores
AAA Batteries (4-pack),3,2.99,2022-02-19,"787 Pine St, New York City, NY 10001",Pilas
Vareebadd Phone,1,400,2022-02-28,"25 9th St, San Francisco, CA 94016",Teléfonos
AAA Batteries (4-pack),1,2.99,2022-02-27,"62 Adams St, Los Angeles, CA 90001",Pilas
Lightning Charging Cable,1,14.95,2022-02-19,"763 Sunset St, San Francisco, CA 94016",Cargadores
Wired Headphones,1,11.99,2022-02-18,"497 Walnut St, New York City, NY 10001",Auriculares
USB-C Charging Cable,1,11.95,2022-02-19,"892 Johnson St, San Francisco, CA 94016",Cargadores
Google Phone,1,600,2022-02-24,"881 Church St, New York City, NY 10001",Teléfonos
AAA Batteries (4-pack),2,2.99,2022-02-15,"337 6th St, San Francisco, CA 94016",Pilas
Bose SoundSport Headphones,1,99.99,2022-02-18,"364 Willow St, San Francisco, CA 94016",Auriculares
Lightning Charging Cable,1,14.95,2022-02-24,"584 4th St, Los Angeles, CA 90001",Cargadores
Bose SoundSport Headphones,1,99.99,2022-02-20,"629 Center St, Seattle, WA 98101",Auriculares
Lightning Charging Cable,4,14.95,2022-02-17,"498 Elm St, Austin, TX 73301",Cargadores
Bose SoundSport Headphones,1,99.99,2022-02-24,"123 Elm St, New York City, NY 10001",Auriculares
34in Ultrawide Monitor,1,379.99,2022-02-15,"23 Adams St, Austin, TX 73301",Monitores
AA Batteries (4-pack),1,3.84,2022-02-14,"350 North St, San Francisco, CA 94016",Pilas
AA Batteries (4-pack),1,3.84,2022-02-21,"436 10th St, Seattle, WA 98101",Pilas
Flatscreen TV,1,300,2022-02-20,"269 Chestnut St, San Francisco, CA 94016",Televisores
Apple Airpods Headphones,1,150,2022-02-23,"720 Maple St, San Francisco, CA 94016",Auriculares
AA Batteries (4-pack),1,3.84,2022-02-24,"341 4th St, Atlanta, GA 30301",Pilas
Lightning Charging Cable,1,14.95,2022-02-26,"656 Jefferson St, New York City, NY 10001",Cargadores
Google Phone,1,600,2022-02-16,"96 Elm St, San Francisco, CA 94016",Teléfonos
Wired Headphones,1,11.99,2022-02-16,"96 Elm St, San Francisco, CA 94016",Auriculares
Wired Headphones,1,11.99,2022-02-22,"219 Jefferson St, San Francisco, CA 94016",Auriculares
Google Phone,1,600,2022-02-25,"79 Maple St, Los Angeles, CA 90001",Teléfonos
Wired Headphones,1,11.99,2022-02-26,"699 8th St, San Francisco, CA 94016",Auriculares
AA Batteries (4-pack),1,3.84,2022-02-23,"923 Cedar St, New York City, NY 10001",Pilas
Wired Headphones,1,11.99,2022-02-27,"953 Pine St, New York City, NY 10001",Auriculares
AA Batteries (4-pack),1,3.84,2022-02-22,"83 Cedar St, Los Angeles, CA 90001",Pilas
Google Phone,1,600,2022-02-19,"72 5th St, Los Angeles, CA 90001",Teléfonos
Bose SoundSport Headphones,1,99.99,2022-02-19,"375 Lake St, Dallas, TX 75001",Auriculares
AA Batteries (4-pack),1,3.84,2022-02-26,"935 Main St, Boston, MA 02215",Pilas
Google Phone,1,600,2022-02-14,"627 Maple St, Portland, OR 97035",Teléfonos
AA Batteries (4-pack),1,3.84,2022-02-15,"311 6th St, Portland, OR 97035",Pilas
20in Monitor,1,109.99,2022-02-26,"97 10th St, Boston, MA 02215",Monitores
Wired Headphones,1,11.99,2022-02-19,"43 2nd St, San Francisco, CA 94016",Auriculares
Bose SoundSport Headphones,1,99.99,2022-02-13,"545 6th St, Los Angeles, CA 90001",Auriculares
Lightning Charging Cable,1,14.95,2022-02-28,"247 8th St, Los Angeles, CA 90001",Cargadores
Lightning Charging Cable,1,14.95,2022-02-26,"383 Johnson St, Los Angeles, CA 90001",Cargadores
Macbook Pro Laptop,1,1700,2022-02-25,"494 4th St, Los Angeles, CA 90001",Portátiles
Lightning Charging Cable,1,14.95,2022-02-15,"922 Lincoln St, San Francisco, CA 94016",Cargadores
Wired Headphones,1,11.99,2022-02-22,"946 Pine St, Los Angeles, CA 90001",Auriculares
Wired Headphones,2,11.99,2022-02-23,"223 10th St, Los Angeles, CA 90001",Auriculares
Lightning Charging Cable,1,14.95,2022-02-24,"168 6th St, Austin, TX 73301",Cargadores
Macbook Pro Laptop,1,1700,2022-02-17,"206 Wilson St, Los Angeles, CA 90001",Portátiles
Wired Headphones,1,11.99,2022-02-24,"569 Walnut St, San Francisco, CA 94016",Auriculares
AA Batteries (4-pack),1,3.84,2022-02-20,"185 Hickory St, Atlanta, GA 30301",Pilas
AA Batteries (4-pack),1,3.84,2022-02-28,"306 Highland St, Boston, MA 02215",Pilas
Lightning Charging Cable,1,14.95,2022-02-15,"843 Adams St, Seattle, WA 98101",Cargadores
Lightning Charging Cable,4,14.95,2022-02-18,"262 2nd St, Los Angeles, CA 90001",Cargadores
Lightning Charging Cable,1,14.95,2022-02-13,"81 Center St, Los Angeles, CA 90001",Cargadores
Lightning Charging Cable,1,14.95,2022-02-23,"140 Maple St, San Francisco, CA 94016",Cargadores
AAA Batteries (4-pack),2,2.99,2022-02-15,"322 Dogwood St, Los Angeles, CA 90001",Pilas
Lightning Charging Cable,1,14.95,2022-02-28,"322 Adams St, Dallas, TX 75001",Cargadores
USB-C Charging Cable,1,11.95,2022-02-21,"576 Main St, Portland, OR 97035",Cargadores
Lightning Charging Cable,1,14.95,2022-02-28,"276 Hickory St, Boston, MA 02215",Cargadores
20in Monitor,1,109.99,2022-02-17,"339 9th St, New York City, NY 10001",Monitores
Macbook Pro Laptop,1,1700,2022-02-14,"579 Lakeview St, San Francisco, CA 94016",Portátiles
Lightning Charging Cable,1,14.95,2022-02-20,"810 10th St, San Francisco, CA 94016",Cargadores
AA Batteries (4-pack),1,3.84,2022-02-14,"86 Jefferson St, Dallas, TX 75001",Pilas
Wired Headphones,1,11.99,2022-02-28,"861 8th St, Portland, OR 97035",Auriculares
27in FHD Monitor,1,149.99,2022-02-20,"371 Sunset St, San Francisco, CA 94016",Monitores
Apple Airpods Headphones,1,150,2022-02-25,"158 5th St, Los Angeles, CA 90001",Auriculares
AA Batteries (4-pack),2,3.84,2022-02-24,"613 West St, Los Angeles, CA 90001",Pilas
Wired Headphones,1,11.99,2022-02-25,"119 7th St, Los Angeles, CA 90001",Auriculares
Vareebadd Phone,1,400,2022-02-21,"642 Lakeview St, Portland, OR 97035",Teléfonos
Bose SoundSport Headphones,1,99.99,2022-02-21,"642 Lakeview St, Portland, OR 97035",Auriculares
27in 4K Gaming Monitor,1,389.99,2022-02-18,"986 Main St, New York City, NY 10001",Monitores
ThinkPad Laptop,1,999.99,2022-02-15,"994 Elm St, Portland, OR 97035",Portátiles
Apple Airpods Headphones,1,150,2022-02-25,"828 Dogwood St, Los Angeles, CA 90001",Auriculares
Lightning Charging Cable,1,14.95,2022-02-26,"288 Jackson St, San Francisco, CA 94016",Cargadores
Bose SoundSport Headphones,1,99.99,2022-02-18,"626 Lake St, Boston, MA 02215",Auriculares
USB-C Charging Cable,1,11.95,2022-02-26,"438 Church St, Atlanta, GA 30301",Cargadores
USB-C Charging Cable,1,11.95,2022-02-21,"797 13th St, Portland, ME 04101",Cargadores
Lightning Charging Cable,1,14.95,2022-02-20,"439 South St, Los Angeles, CA 90001",Cargadores
USB-C Charging Cable,2,11.95,2022-02-13,"684 14th St, Los Angeles, CA 90001",Cargadores
Apple Airpods Headphones,1,150,2022-02-24,"544 4th St, Seattle, WA 98101",Auriculares
USB-C Charging Cable,1,11.95,2022-02-15,"752 Lakeview St, New York City, NY 10001",Cargadores
ThinkPad Laptop,1,999.99,2022-02-21,"651 6th St, Atlanta, GA 30301",Portátiles
AAA Batteries (4-pack),2,2.99,2022-02-16,"682 6th St, Los Angeles, CA 90001",Pilas
Vareebadd Phone,1,400,2022-02-14,"743 Lake St, Boston, MA 02215",Teléfonos
34in Ultrawide Monitor,1,379.99,2022-02-27,"619 6th St, Boston, MA 02215",Monitores
27in 4K Gaming Monitor,1,389.99,2022-02-18,"138 10th St, Los Angeles, CA 90001",Monitores
Lightning Charging Cable,1,14.95,2022-02-28,"967 Hill St, San Francisco, CA 94016",Cargadores
27in 4K Gaming Monitor,1,389.99,2022-02-16,"326 West St, Los Angeles, CA 90001",Monitores
AAA Batteries (4-pack),1,2.99,2022-02-21,"511 Dogwood St, Los Angeles, CA 90001",Pilas
AAA Batteries (4-pack),1,2.99,2022-02-21,"511 Dogwood St, Los Angeles, CA 90001",Pilas
34in Ultrawide Monitor,1,379.99,2022-02-15,"959 Main St, Atlanta, GA 30301",Monitores
Lightning Charging Cable,1,14.95,2022-02-15,"691 Walnut St, Atlanta, GA 30301",Cargadores
Wired Headphones,1,11.99,2022-02-21,"121 Lakeview St, New York City, NY 10001",Auriculares
Bose SoundSport Headphones,1,99.99,2022-02-26,"758 Hickory St, Austin, TX 73301",Auriculares
AAA Batteries (4-pack),1,2.99,2022-02-26,"758 Hickory St, Austin, TX 73301",Pilas
34in Ultrawide Monitor,1,379.99,2022-02-15,"340 Sunset St, New York City, NY 10001",Monitores
USB-C Charging Cable,1,11.95,2022-02-16,"251 5th St, New York City, NY 10001",Cargadores
USB-C Charging Cable,1,11.95,2022-02-19,"529 Washington St, Portland, ME 04101",Cargadores
Bose SoundSport Headphones,1,99.99,2022-02-22,"70 Madison St, Los Angeles, CA 90001",Auriculares
AAA Batteries (4-pack),1,2.99,2022-02-24,"705 Jefferson St, San Francisco, CA 94016",Pilas
Wired Headphones,1,11.99,2022-02-20,"436 Hickory St, Los Angeles, CA 90001",Auriculares
Lightning Charging Cable,1,14.95,2022-02-26,"861 Pine St, Boston, MA 02215",Cargadores
Apple Airpods Headphones,1,150,2022-02-25,"247 Adams St, Portland, ME 04101",Auriculares
Bose SoundSport Headphones,1,99.99,2022-02-25,"247 Adams St, Portland, ME 04101",Auriculares
ThinkPad Laptop,1,999.99,2022-02-13,"77 Lincoln St, Boston, MA 02215",Portátiles
AA Batteries (4-pack),2,3.84,2022-02-19,"804 1st St, San Francisco, CA 94016",Pilas
AA Batteries (4-pack),1,3.84,2022-02-17,"496 Jackson St, New York City, NY 10001",Pilas
Apple Airpods Headphones,1,150,2022-02-27,"586 River St, Los Angeles, CA 90001",Auriculares
iPhone,1,700,2022-02-13,"767 10th St, Boston, MA 02215",Teléfonos
AAA Batteries (4-pack),1,2.99,2022-02-13,"553 Lincoln St, Boston, MA 02215",Pilas
Bose SoundSport Headphones,1,99.99,2022-02-23,"671 Lakeview St, Seattle, WA 98101",Auriculares
Bose SoundSport Headphones,1,99.99,2022-02-13,"895 14th St, Seattle, WA 98101",Auriculares
AA Batteries (4-pack),1,3.84,2022-02-13,"895 14th St, Seattle, WA 98101",Pilas
Lightning Charging Cable,1,14.95,2022-02-13,"756 Hill St, Dallas, TX 75001",Cargadores
Bose SoundSport Headphones,1,99.99,2022-02-26,"928 Maple St, San Francisco, CA 94016",Auriculares
USB-C Charging Cable,1,11.95,2022-02-28,"174 14th St, New York City, NY 10001",Cargadores
AAA Batteries (4-pack),1,2.99,2022-02-23,"804 Highland St, Boston, MA 02215",Pilas
Bose SoundSport Headphones,1,99.99,2022-02-21,"947 Highland St, New York City, NY 10001",Auriculares
Wired Headphones,1,11.99,2022-02-28,"697 Park St, San Francisco, CA 94016",Auriculares
Vareebadd Phone,1,400,2022-02-14,"351 7th St, New York City, NY 10001",Teléfonos
AA Batteries (4-pack),1,3.84,2022-02-20,"202 9th St, Boston, MA 02215",Pilas
Apple Airpods Headphones,1,150,2022-02-23,"666 North St, Boston, MA 02215",Auriculares
Bose SoundSport Headphones,1,99.99,2022-02-17,"586 2nd St, Boston, MA 02215",Auriculares
iPhone,1,700,2022-02-18,"967 Lakeview St, Atlanta, GA 30301",Teléfonos
Flatscreen TV,1,300,2022-02-18,"967 Lakeview St, Atlanta, GA 30301",Televisores
iPhone,1,700,2022-02-20,"707 Chestnut St, San Francisco, CA 94016",Teléfonos
Bose SoundSport Headphones,1,99.99,2022-02-19,"411 West St, San Francisco, CA 94016",Auriculares
Apple Airpods Headphones,1,150,2022-02-27,"322 Dogwood St, Los Angeles, CA 90001",Auriculares
iPhone,1,700,2022-02-18,"460 Madison St, Dallas, TX 75001",Teléfonos
Wired Headphones,1,11.99,2022-02-18,"764 14th St, Portland, OR 97035",Auriculares
20in Monitor,1,109.99,2022-02-13,"420 Washington St, Boston, MA 02215",Monitores
AAA Batteries (4-pack),1,2.99,2022-02-24,"219 12th St, Boston, MA 02215",Pilas
Flatscreen TV,1,300,2022-02-23,"116 Lakeview St, Seattle, WA 98101",Televisores
Flatscreen TV,1,300,2022-02-14,"843 Park St, San Francisco, CA 94016",Televisores
Bose SoundSport Headphones,1,99.99,2022-02-22,"895 Hickory St, Boston, MA 02215",Auriculares
27in 4K Gaming Monitor,1,389.99,2022-02-24,"402 West St, San Francisco, CA 94016",Monitores
Lightning Charging Cable,1,14.95,2022-02-24,"64 Sunset St, New York City, NY 10001",Cargadores
Flatscreen TV,1,300,2022-02-27,"551 2nd St, New York City, NY 10001",Televisores
AAA Batteries (4-pack),1,2.99,2022-02-22,"16 Johnson St, New York City, NY 10001",Pilas
Google Phone,1,600,2022-02-22,"895 12th St, San Francisco, CA 94016",Teléfonos
USB-C Charging Cable,1,11.95,2022-02-13,"556 Cherry St, San Francisco, CA 94016",Cargadores
iPhone,1,700,2022-02-14,"480 Walnut St, New York City, NY 10001",Teléfonos
Lightning Charging Cable,1,14.95,2022-02-14,"480 Walnut St, New York City, NY 10001",Cargadores
ThinkPad Laptop,1,999.99,2022-02-15,"375 Hill St, Atlanta, GA 30301",Portátiles
27in 4K Gaming Monitor,1,389.99,2022-02-17,"139 1st St, San Francisco, CA 94016",Monitores
USB-C Charging Cable,1,11.95,2022-02-16,"158 Center St, Los Angeles, CA 90001",Cargadores
Apple Airpods Headphones,1,150,2022-02-17,"636 Hill St, Los Angeles, CA 90001",Auriculares
AAA Batteries (4-pack),1,2.99,2022-02-21,"982 Church St, Seattle, WA 98101",Pilas
ThinkPad Laptop,1,999.99,2022-02-24,"767 12th St, Boston, MA 02215",Portátiles
Bose SoundSport Headphones,1,99.99,2022-02-28,"381 West St, New York City, NY 10001",Auriculares
USB-C Charging Cable,1,11.95,2022-02-28,"121 Lakeview St, Seattle, WA 98101",Cargadores
Bose SoundSport Headphones,1,99.99,2022-02-17,"113 Cherry St, San Francisco, CA 94016",Auriculares
20in Monitor,1,109.99,2022-02-19,"959 Lakeview St, New York City, NY 10001",Monitores
Bose SoundSport Headphones,1,99.99,2022-02-24,"873 6th St, Portland, OR 97035",Auriculares
AA Batteries (4-pack),2,3.84,2022-02-17,"967 Wilson St, Dallas, TX 75001",Pilas
34in Ultrawide Monitor,1,379.99,2022-02-13,"215 Cedar St, New York City, NY 10001",Monitores
iPhone,1,700,2022-02-14,"570 Highland St, Los Angeles, CA 90001",Teléfonos
Lightning Charging Cable,1,14.95,2022-02-23,"589 Willow St, Los Angeles, CA 90001",Cargadores
Vareebadd Phone,1,400,2022-02-21,"730 Elm St, Portland, OR 97035",Teléfonos
Wired Headphones,1,11.99,2022-02-21,"730 Elm St, Portland, OR 97035",Auriculares
iPhone,1,700,2022-02-21,"730 Elm St, Portland, OR 97035",Teléfonos
AAA Batteries (4-pack),2,2.99,2022-02-24,"694 Lake St, San Francisco, CA 94016",Pilas
AA Batteries (4-pack),2,3.84,2022-02-25,"673 Lakeview St, New York City, NY 10001",Pilas
Google Phone,1,600,2022-02-26,"452 Sunset St, Dallas, TX 75001",Teléfonos
AAA Batteries (4-pack),1,2.99,2022-02-16,"957 Park St, San Francisco, CA 94016",Pilas
USB-C Charging Cable,1,11.95,2022-02-19,"577 South St, Seattle, WA 98101",Cargadores
Lightning Charging Cable,1,14.95,2022-02-28,"791 Park St, San Francisco, CA 94016",Cargadores
Wired Headphones,1,11.99,2022-02-21,"133 Pine St, Boston, MA 02215",Auriculares
Apple Airpods Headphones,1,150,2022-02-14,"701 Maple St, Boston, MA 02215",Auriculares
AAA Batteries (4-pack),1,2.99,2022-02-14,"961 6th St, Los Angeles, CA 90001",Pilas
20in Monitor,1,109.99,2022-02-19,"200 Madison St, New York City, NY 10001",Monitores
AAA Batteries (4-pack),1,2.99,2022-02-28,"950 Pine St, Dallas, TX 75001",Pilas
Apple Airpods Headphones,1,150,2022-02-16,"579 South St, Boston, MA 02215",Auriculares
Lightning Charging Cable,1,14.95,2022-02-13,"80 Pine St, New York City, NY 10001",Cargadores
AA Batteries (4-pack),2,3.84,2022-02-27,"592 Dogwood St, San Francisco, CA 94016",Pilas
ThinkPad Laptop,1,999.99,2022-02-20,"275 13th St, San Francisco, CA 94016",Portátiles
Wired Headphones,1,11.99,2022-02-20,"313 13th St, San Francisco, CA 94016",Auriculares
Lightning Charging Cable,1,14.95,2022-02-22,"550 13th St, Dallas, TX 75001",Cargadores
Lightning Charging Cable,1,14.95,2022-02-24,"750 5th St, San Francisco, CA 94016",Cargadores
AAA Batteries (4-pack),1,2.99,2022-02-13,"251 Wilson St, Portland, OR 97035",Pilas
Lightning Charging Cable,1,14.95,2022-02-13,"251 Wilson St, Portland, OR 97035",Cargadores
AA Batteries (4-pack),3,3.84,2022-02-15,"250 12th St, New York City, NY 10001",Pilas
Bose SoundSport Headphones,1,99.99,2022-02-14,"218 Wilson St, Austin, TX 73301",Auriculares
USB-C Charging Cable,1,11.95,2022-02-15,"151 14th St, New York City, NY 10001",Cargadores
AA Batteries (4-pack),1,3.84,2022-02-21,"60 7th St, Boston, MA 02215",Pilas
AAA Batteries (4-pack),2,2.99,2022-02-25,"931 6th St, Atlanta, GA 30301",Pilas
Wired Headphones,1,11.99,2022-02-16,"277 Willow St, Dallas, TX 75001",Auriculares
USB-C Charging Cable,1,11.95,2022-02-22,"208 Ridge St, San Francisco, CA 94016",Cargadores
iPhone,1,700,2022-02-19,"626 Lincoln St, Dallas, TX 75001",Teléfonos
Lightning Charging Cable,2,14.95,2022-02-20,"967 Meadow St, Austin, TX 73301",Cargadores
34in Ultrawide Monitor,1,379.99,2022-02-13,"578 Hickory St, Atlanta, GA 30301",Monitores
USB-C Charging Cable,1,11.95,2022-02-25,"4 Center St, Seattle, WA 98101",Cargadores
iPhone,1,700,2022-02-23,"604 Lakeview St, New York City, NY 10001",Teléfonos
Macbook Pro Laptop,1,1700,2022-02-28,"488 Lake St, San Francisco, CA 94016",Portátiles
iPhone,1,700,2022-02-14,"746 South St, Austin, TX 73301",Teléfonos
Apple Airpods Headphones,1,150,2022-02-24,"904 14th St, San Francisco, CA 94016",Auriculares
iPhone,1,700,2022-02-23,"813 Spruce St, Boston, MA 02215",Teléfonos
AAA Batteries (4-pack),1,2.99,2022-02-15,"763 Hickory St, Boston, MA 02215",Pilas
Wired Headphones,1,11.99,2022-02-13,"69 Spruce St, Seattle, WA 98101",Auriculares
Bose SoundSport Headphones,1,99.99,2022-02-21,"721 12th St, Austin, TX 73301",Auriculares
AA Batteries (4-pack),1,3.84,2022-02-19,"102 Wilson St, Los Angeles, CA 90001",Pilas
AAA Batteries (4-pack),1,2.99,2022-02-23,"38 River St, Atlanta, GA 30301",Pilas
Google Phone,1,600,2022-02-16,"892 Hickory St, Los Angeles, CA 90001",Teléfonos
AAA Batteries (4-pack),4,2.99,2022-02-16,"762 South St, Los Angeles, CA 90001",Pilas
Lightning Charging Cable,1,14.95,2022-02-24,"360 West St, Boston, MA 02215",Cargadores
USB-C Charging Cable,1,11.95,2022-02-26,"261 Jefferson St, Portland, ME 04101",Cargadores
Vareebadd Phone,1,400,2022-02-14,"662 Lakeview St, Boston, MA 02215",Teléfonos
USB-C Charging Cable,1,11.95,2022-02-14,"662 Lakeview St, Boston, MA 02215",Cargadores
Vareebadd Phone,1,400,2022-02-24,"504 Sunset St, Boston, MA 02215",Teléfonos
Lightning Charging Cable,1,14.95,2022-02-27,"285 Jackson St, Atlanta, GA 30301",Cargadores
27in 4K Gaming Monitor,1,389.99,2022-02-21,"695 Pine St, New York City, NY 10001",Monitores
iPhone,1,700,2022-02-25,"142 Elm St, Seattle, WA 98101",Teléfonos
Lightning Charging Cable,1,14.95,2022-02-25,"142 Elm St, Seattle, WA 98101",Cargadores
Lightning Charging Cable,1,14.95,2022-02-28,"386 6th St, Seattle, WA 98101",Cargadores
Lightning Charging Cable,1,14.95,2022-02-18,"517 Meadow St, Austin, TX 73301",Cargadores
Lightning Charging Cable,1,14.95,2022-02-15,"658 Maple St, San Francisco, CA 94016",Cargadores
Lightning Charging Cable,1,14.95,2022-02-14,"42 10th St, Dallas, TX 75001",Cargadores
AAA Batteries (4-pack),2,2.99,2022-02-26,"566 Willow St, San Francisco, CA 94016",Pilas
Wired Headphones,1,11.99,2022-02-23,"73 Washington St, Austin, TX 73301",Auriculares
AA Batteries (4-pack),1,3.84,2022-02-23,"331 7th St, Dallas, TX 75001",Pilas
27in 4K Gaming Monitor,1,389.99,2022-02-23,"331 7th St, Dallas, TX 75001",Monitores
Apple Airpods Headphones,1,150,2022-02-20,"729 Center St, Los Angeles, CA 90001",Auriculares
Macbook Pro Laptop,1,1700,2022-02-28,"877 Elm St, Austin, TX 73301",Portátiles
AAA Batteries (4-pack),6,2.99,2022-02-26,"227 10th St, San Francisco, CA 94016",Pilas
USB-C Charging Cable,1,11.95,2022-02-19,"531 6th St, Los Angeles, CA 90001",Cargadores
Wired Headphones,1,11.99,2022-02-14,"823 Johnson St, Portland, OR 97035",Auriculares
AAA Batteries (4-pack),2,2.99,2022-02-22,"675 Dogwood St, San Francisco, CA 94016",Pilas
27in FHD Monitor,1,149.99,2022-02-21,"962 Lincoln St, San Francisco, CA 94016",Monitores
Google Phone,1,600,2022-02-18,"759 12th St, San Francisco, CA 94016",Teléfonos
Apple Airpods Headphones,1,150,2022-02-19,"205 14th St, San Francisco, CA 94016",Auriculares
AA Batteries (4-pack),1,3.84,2022-02-22,"369 14th St, San Francisco, CA 94016",Pilas
Bose SoundSport Headphones,1,99.99,2022-02-24,"328 5th St, Boston, MA 02215",Auriculares
USB-C Charging Cable,1,11.95,2022-02-16,"810 Jefferson St, Los Angeles, CA 90001",Cargadores
Wired Headphones,1,11.99,2022-02-21,"236 Chestnut St, Portland, OR 97035",Auriculares
20in Monitor,1,109.99,2022-02-27,"955 South St, Los Angeles, CA 90001",Monitores
27in 4K Gaming Monitor,1,389.99,2022-02-18,"836 Cedar St, Los Angeles, CA 90001",Monitores
Bose SoundSport Headphones,1,99.99,2022-02-25,"312 Jackson St, Atlanta, GA 30301",Auriculares
USB-C Charging Cable,1,11.95,2022-02-20,"84 Elm St, Los Angeles, CA 90001",Cargadores
Apple Airpods Headphones,1,150,2022-02-15,"669 8th St, New York City, NY 10001",Auriculares
AAA Batteries (4-pack),1,2.99,2022-02-17,"507 5th St, Portland, OR 97035",Pilas
USB-C Charging Cable,1,11.95,2022-02-28,"242 12th St, Portland, OR 97035",Cargadores
20in Monitor,1,109.99,2022-02-16,"335 Forest St, Boston, MA 02215",Monitores
Google Phone,1,600,2022-02-16,"465 Madison St, New York City, NY 10001",Teléfonos
Wired Headphones,2,11.99,2022-02-14,"523 Jackson St, San Francisco, CA 94016",Auriculares
USB-C Charging Cable,1,11.95,2022-02-18,"736 6th St, Dallas, TX 75001",Cargadores
Apple Airpods Headphones,1,150,2022-02-24,"736 2nd St, New York City, NY 10001",Auriculares
AA Batteries (4-pack),1,3.84,2022-02-21,"393 Forest St, Portland, OR 97035",Pilas
USB-C Charging Cable,1,11.95,2022-02-22,"792 Sunset St, San Francisco, CA 94016",Cargadores
Macbook Pro Laptop,1,1700,2022-02-24,"869 Dogwood St, Atlanta, GA 30301",Portátiles
Lightning Charging Cable,1,14.95,2022-02-25,"635 Cherry St, Los Angeles, CA 90001",Cargadores
AAA Batteries (4-pack),4,2.99,2022-02-20,"848 Maple St, Los Angeles, CA 90001",Pilas
USB-C Charging Cable,1,11.95,2022-02-16,"667 Johnson St, Dallas, TX 75001",Cargadores
Wired Headphones,1,11.99,2022-02-14,"526 Cherry St, Austin, TX 73301",Auriculares
AAA Batteries (4-pack),2,2.99,2022-02-21,"912 4th St, San Francisco, CA 94016",Pilas
Lightning Charging Cable,1,14.95,2022-02-14,"929 Meadow St, San Francisco, CA 94016",Cargadores
Apple Airpods Headphones,1,150,2022-02-27,"688 14th St, San Francisco, CA 94016",Auriculares
Google Phone,1,600,2022-02-19,"792 9th St, Seattle, WA 98101",Teléfonos
27in FHD Monitor,1,149.99,2022-02-15,"323 Main St, Los Angeles, CA 90001",Monitores
AAA Batteries (4-pack),1,2.99,2022-02-15,"791 West St, San Francisco, CA 94016",Pilas
AAA Batteries (4-pack),1,2.99,2022-02-23,"233 Maple St, Los Angeles, CA 90001",Pilas
Apple Airpods Headphones,1,150,2022-02-24,"121 Willow St, New York City, NY 10001",Auriculares
Apple Airpods Headphones,1,150,2022-02-22,"556 Washington St, Boston, MA 02215",Auriculares
ThinkPad Laptop,1,999.99,2022-02-14,"657 11th St, Atlanta, GA 30301",Portátiles
34in Ultrawide Monitor,1,379.99,2022-02-24,"291 5th St, San Francisco, CA 94016",Monitores
AAA Batteries (4-pack),1,2.99,2022-02-13,"291 Cherry St, Atlanta, GA 30301",Pilas
Wired Headphones,1,11.99,2022-02-26,"820 Adams St, Atlanta, GA 30301",Auriculares
Vareebadd Phone,1,400,2022-02-24,"104 Hickory St, Seattle, WA 98101",Teléfonos
Lightning Charging Cable,1,14.95,2022-02-21,"135 Pine St, Portland, OR 97035",Cargadores
Apple Airpods Headphones,1,150,2022-02-25,"621 Johnson St, Los Angeles, CA 90001",Auriculares
27in FHD Monitor,1,149.99,2022-02-26,"686 Forest St, New York City, NY 10001",Monitores
Apple Airpods Headphones,1,150,2022-02-16,"822 Main St, Los Angeles, CA 90001",Auriculares
Wired Headphones,1,11.99,2022-02-14,"113 Spruce St, Portland, OR 97035",Auriculares
AA Batteries (4-pack),1,3.84,2022-02-17,"256 Dogwood St, San Francisco, CA 94016",Pilas
Wired Headphones,1,11.99,2022-02-13,"966 River St, Dallas, TX 75001",Auriculares
Lightning Charging Cable,1,14.95,2022-02-24,"885 South St, San Francisco, CA 94016",Cargadores
34in Ultrawide Monitor,1,379.99,2022-02-28,"380 Cedar St, San Francisco, CA 94016",Monitores
ThinkPad Laptop,1,999.99,2022-02-23,"892 Willow St, San Francisco, CA 94016",Portátiles
Bose SoundSport Headphones,1,99.99,2022-02-24,"719 Highland St, Los Angeles, CA 90001",Auriculares
Lightning Charging Cable,1,14.95,2022-02-25,"660 Dogwood St, Seattle, WA 98101",Cargadores
USB-C Charging Cable,2,11.95,2022-02-20,"622 Chestnut St, New York City, NY 10001",Cargadores
27in FHD Monitor,1,149.99,2022-02-24,"103 Walnut St, Atlanta, GA 30301",Monitores
USB-C Charging Cable,1,11.95,2022-02-26,"870 Ridge St, San Francisco, CA 94016",Cargadores
Google Phone,1,600,2022-02-19,"856 Center St, Seattle, WA 98101",Teléfonos
Google Phone,1,600,2022-02-15,"614 Lake St, Los Angeles, CA 90001",Teléfonos
USB-C Charging Cable,2,11.95,2022-02-14,"588 Cedar St, Atlanta, GA 30301",Cargadores
Bose SoundSport Headphones,1,99.99,2022-02-19,"953 Meadow St, New York City, NY 10001",Auriculares
USB-C Charging Cable,1,11.95,2022-02-24,"20 West St, Portland, OR 97035",Cargadores
Lightning Charging Cable,2,14.95,2022-02-16,"309 Chestnut St, New York City, NY 10001",Cargadores
AAA Batteries (4-pack),1,2.99,2022-02-13,"911 Hickory St, Dallas, TX 75001",Pilas
Apple Airpods Headphones,1,150,2022-02-19,"12 Chestnut St, Boston, MA 02215",Auriculares
Lightning Charging Cable,1,14.95,2022-02-28,"412 River St, Los Angeles, CA 90001",Cargadores
AA Batteries (4-pack),1,3.84,2022-02-19,"473 South St, Dallas, TX 75001",Pilas
USB-C Charging Cable,1,11.95,2022-02-21,"828 1st St, Boston, MA 02215",Cargadores
Bose SoundSport Headphones,1,99.99,2022-02-20,"689 Ridge St, San Francisco, CA 94016",Auriculares
USB-C Charging Cable,1,11.95,2022-02-19,"951 1st St, Boston, MA 02215",Cargadores
Wired Headphones,1,11.99,2022-02-24,"645 Hickory St, Los Angeles, CA 90001",Auriculares
Bose SoundSport Headphones,1,99.99,2022-02-13,"721 7th St, San Francisco, CA 94016",Auriculares
USB-C Charging Cable,1,11.95,2022-02-14,"758 Elm St, Los Angeles, CA 90001",Cargadores
Lightning Charging Cable,1,14.95,2022-02-18,"415 West St, Boston, MA 02215",Cargadores
ThinkPad Laptop,1,999.99,2022-02-24,"71 10th St, Los Angeles, CA 90001",Portátiles
Wired Headphones,1,11.99,2022-02-17,"199 River St, New York City, NY 10001",Auriculares
27in 4K Gaming Monitor,1,389.99,2022-02-14,"457 Main St, San Francisco, CA 94016",Monitores
34in Ultrawide Monitor,1,379.99,2022-02-23,"974 10th St, Los Angeles, CA 90001",Monitores
AA Batteries (4-pack),3,3.84,2022-02-26,"740 Main St, Seattle, WA 98101",Pilas
AA Batteries (4-pack),1,3.84,2022-02-16,"274 Jefferson St, Los Angeles, CA 90001",Pilas
Apple Airpods Headphones,1,150,2022-02-18,"42 River St, Boston, MA 02215",Auriculares
USB-C Charging Cable,1,11.95,2022-02-22,"783 South St, Dallas, TX 75001",Cargadores
iPhone,1,700,2022-02-16,"650 12th St, Atlanta, GA 30301",Teléfonos
Lightning Charging Cable,1,14.95,2022-02-21,"639 Hickory St, Seattle, WA 98101",Cargadores
Google Phone,1,600,2022-02-20,"568 Walnut St, Seattle, WA 98101",Teléfonos
Google Phone,1,600,2022-02-22,"508 Walnut St, Dallas, TX 75001",Teléfonos
USB-C Charging Cable,1,11.95,2022-02-22,"508 Walnut St, Dallas, TX 75001",Cargadores
Lightning Charging Cable,1,14.95,2022-02-19,"15 North St, Portland, OR 97035",Cargadores
34in Ultrawide Monitor,1,379.99,2022-02-18,"179 13th St, New York City, NY 10001",Monitores
Lightning Charging Cable,1,14.95,2022-02-27,"625 Walnut St, Boston, MA 02215",Cargadores
Bose SoundSport Headphones,1,99.99,2022-02-16,"334 Hickory St, Seattle, WA 98101",Auriculares
Google Phone,1,600,2022-02-16,"29 1st St, Portland, OR 97035",Teléfonos
Google Phone,1,600,2022-02-27,"859 Pine St, San Francisco, CA 94016",Teléfonos
USB-C Charging Cable,1,11.95,2022-02-25,"570 South St, Boston, MA 02215",Cargadores
34in Ultrawide Monitor,1,379.99,2022-02-24,"558 Jackson St, Dallas, TX 75001",Monitores
Wired Headphones,1,11.99,2022-02-27,"709 Main St, San Francisco, CA 94016",Auriculares
34in Ultrawide Monitor,1,379.99,2022-02-22,"545 Main St, Dallas, TX 75001",Monitores
Lightning Charging Cable,1,14.95,2022-02-23,"818 1st St, San Francisco, CA 94016",Cargadores
Google Phone,1,600,2022-02-25,"574 Ridge St, Dallas, TX 75001",Teléfonos
USB-C Charging Cable,1,11.95,2022-02-21,"604 Madison St, San Francisco, CA 94016",Cargadores
Apple Airpods Headphones,1,150,2022-02-15,"125 Johnson St, Austin, TX 73301",Auriculares
27in 4K Gaming Monitor,1,389.99,2022-02-14,"846 Hill St, Atlanta, GA 30301",Monitores
AA Batteries (4-pack),1,3.84,2022-02-22,"519 Hickory St, Atlanta, GA 30301",Pilas
Wired Headphones,1,11.99,2022-02-23,"466 Sunset St, Boston, MA 02215",Auriculares
ThinkPad Laptop,1,999.99,2022-02-24,"603 Wilson St, San Francisco, CA 94016",Portátiles
USB-C Charging Cable,1,11.95,2022-02-18,"684 Sunset St, New York City, NY 10001",Cargadores
AAA Batteries (4-pack),1,2.99,2022-02-28,"256 Dogwood St, San Francisco, CA 94016",Pilas
USB-C Charging Cable,1,11.95,2022-02-21,"629 Forest St, Portland, OR 97035",Cargadores
AA Batteries (4-pack),1,3.84,2022-02-24,"44 Spruce St, San Francisco, CA 94016",Pilas
AA Batteries (4-pack),1,3.84,2022-02-24,"439 Ridge St, Los Angeles, CA 90001",Pilas
Lightning Charging Cable,1,14.95,2022-02-21,"524 Adams St, Dallas, TX 75001",Cargadores
Lightning Charging Cable,1,14.95,2022-02-23,"290 Highland St, San Francisco, CA 94016",Cargadores
USB-C Charging Cable,1,11.95,2022-02-18,"665 River St, Austin, TX 73301",Cargadores
34in Ultrawide Monitor,1,379.99,2022-02-21,"315 5th St, Portland, OR 97035",Monitores
Bose SoundSport Headphones,1,99.99,2022-02-26,"571 13th St, Atlanta, GA 30301",Auriculares
AAA Batteries (4-pack),2,2.99,2022-02-26,"888 10th St, San Francisco, CA 94016",Pilas
Apple Airpods Headphones,1,150,2022-02-28,"355 12th St, Atlanta, GA 30301",Auriculares
34in Ultrawide Monitor,1,379.99,2022-02-28,"983 Madison St, San Francisco, CA 94016",Monitores
Flatscreen TV,1,300,2022-02-19,"414 Lakeview St, New York City, NY 10001",Televisores
Lightning Charging Cable,1,14.95,2022-02-18,"720 Highland St, Boston, MA 02215",Cargadores
ThinkPad Laptop,1,999.99,2022-02-22,"253 11th St, Los Angeles, CA 90001",Portátiles
Bose SoundSport Headphones,1,99.99,2022-02-24,"602 Chestnut St, Seattle, WA 98101",Auriculares
Bose SoundSport Headphones,1,99.99,2022-02-17,"598 Walnut St, Boston, MA 02215",Auriculares
iPhone,1,700,2022-02-28,"938 Forest St, Boston, MA 02215",Teléfonos
Wired Headphones,1,11.99,2022-02-28,"938 Forest St, Boston, MA 02215",Auriculares
Lightning Charging Cable,1,14.95,2022-02-14,"774 Pine St, Boston, MA 02215",Cargadores
USB-C Charging Cable,1,11.95,2022-02-27,"204 4th St, Los Angeles, CA 90001",Cargadores
AAA Batteries (4-pack),1,2.99,2022-02-19,"487 Lakeview St, New York City, NY 10001",Pilas
AAA Batteries (4-pack),2,2.99,2022-02-22,"889 Johnson St, Austin, TX 73301",Pilas
Wired Headphones,1,11.99,2022-02-14,"456 Maple St, Boston, MA 02215",Auriculares
AAA Batteries (4-pack),1,2.99,2022-02-23,"155 Washington St, Los Angeles, CA 90001",Pilas
Vareebadd Phone,1,400,2022-02-14,"340 4th St, San Francisco, CA 94016",Teléfonos
AA Batteries (4-pack),1,3.84,2022-02-19,"45 Madison St, Atlanta, GA 30301",Pilas
27in FHD Monitor,1,149.99,2022-02-21,"912 6th St, San Francisco, CA 94016",Monitores
27in FHD Monitor,1,149.99,2022-02-23,"982 Center St, Los Angeles, CA 90001",Monitores
USB-C Charging Cable,1,11.95,2022-02-18,"972 Adams St, Los Angeles, CA 90001",Cargadores
Apple Airpods Headphones,1,150,2022-02-28,"899 Sunset St, San Francisco, CA 94016",Auriculares
AAA Batteries (4-pack),1,2.99,2022-02-25,"386 Pine St, Portland, OR 97035",Pilas
27in 4K Gaming Monitor,1,389.99,2022-02-25,"540 Chestnut St, Portland, OR 97035",Monitores
AAA Batteries (4-pack),2,2.99,2022-02-13,"436 West St, Portland, OR 97035",Pilas
Wired Headphones,2,11.99,2022-02-26,"248 Sunset St, Austin, TX 73301",Auriculares
iPhone,1,700,2022-02-25,"156 Jackson St, Dallas, TX 75001",Teléfonos
ThinkPad Laptop,1,999.99,2022-02-16,"159 10th St, Atlanta, GA 30301",Portátiles
USB-C Charging Cable,1,11.95,2022-02-20,"992 Elm St, Los Angeles, CA 90001",Cargadores
Bose SoundSport Headphones,1,99.99,2022-02-13,"620 Dogwood St, San Francisco, CA 94016",Auriculares
USB-C Charging Cable,1,11.95,2022-02-16,"845 Hickory St, Los Angeles, CA 90001",Cargadores
AA Batteries (4-pack),1,3.84,2022-02-23,"237 2nd St, Boston, MA 02215",Pilas
27in FHD Monitor,1,149.99,2022-02-18,"948 Lakeview St, Portland, OR 97035",Monitores
Lightning Charging Cable,1,14.95,2022-02-18,"948 Lakeview St, Portland, OR 97035",Cargadores
Wired Headphones,1,11.99,2022-02-13,"829 Willow St, Boston, MA 02215",Auriculares
ThinkPad Laptop,1,999.99,2022-02-20,"533 2nd St, Dallas, TX 75001",Portátiles
AAA Batteries (4-pack),2,2.99,2022-02-27,"349 Cherry St, Portland, OR 97035",Pilas
AAA Batteries (4-pack),2,2.99,2022-02-27,"901 North St, Los Angeles, CA 90001",Pilas
Lightning Charging Cable,1,14.95,2022-02-13,"174 5th St, Portland, OR 97035",Cargadores
AA Batteries (4-pack),1,3.84,2022-02-21,"969 Church St, Dallas, TX 75001",Pilas
AA Batteries (4-pack),1,3.84,2022-02-24,"217 Lincoln St, Los Angeles, CA 90001",Pilas
Wired Headphones,1,11.99,2022-02-15,"749 Lincoln St, Los Angeles, CA 90001",Auriculares
Apple Airpods Headphones,1,150,2022-02-19,"386 9th St, Dallas, TX 75001",Auriculares
27in FHD Monitor,1,149.99,2022-02-21,"686 Jefferson St, Portland, OR 97035",Monitores
USB-C Charging Cable,1,11.95,2022-02-24,"372 Center St, Boston, MA 02215",Cargadores
Apple Airpods Headphones,1,150,2022-02-28,"285 Chestnut St, Dallas, TX 75001",Auriculares
AA Batteries (4-pack),1,3.84,2022-02-24,"313 Hill St, Seattle, WA 98101",Pilas
34in Ultrawide Monitor,1,379.99,2022-02-19,"38 North St, New York City, NY 10001",Monitores
USB-C Charging Cable,2,11.95,2022-02-26,"155 Main St, New York City, NY 10001",Cargadores
Lightning Charging Cable,1,14.95,2022-02-23,"978 Center St, Atlanta, GA 30301",Cargadores
Macbook Pro Laptop,1,1700,2022-02-14,"554 4th St, Seattle, WA 98101",Portátiles
USB-C Charging Cable,2,11.95,2022-02-14,"498 2nd St, Los Angeles, CA 90001",Cargadores
27in FHD Monitor,1,149.99,2022-02-27,"382 Lakeview St, Atlanta, GA 30301",Monitores
Wired Headphones,2,11.99,2022-02-16,"902 Jefferson St, Boston, MA 02215",Auriculares
Apple Airpods Headphones,1,150,2022-02-26,"526 Maple St, San Francisco, CA 94016",Auriculares
Lightning Charging Cable,1,14.95,2022-02-13,"350 Lakeview St, Seattle, WA 98101",Cargadores
USB-C Charging Cable,1,11.95,2022-02-20,"819 Cherry St, Austin, TX 73301",Cargadores
LG Washing Machine,1,600.0,2022-02-23,"626 Pine St, New York City, NY 10001",Electrodomésticos
ThinkPad Laptop,1,999.99,2022-02-21,"983 Willow St, Portland, OR 97035",Portátiles
Lightning Charging Cable,1,14.95,2022-02-22,"350 Hickory St, New York City, NY 10001",Cargadores
Apple Airpods Headphones,1,150,2022-02-21,"869 Highland St, San Francisco, CA 94016",Auriculares
iPhone,1,700,2022-02-16,"278 Main St, Atlanta, GA 30301",Teléfonos
Wired Headphones,1,11.99,2022-02-16,"72 Chestnut St, Seattle, WA 98101",Auriculares
AAA Batteries (4-pack),1,2.99,2022-02-16,"252 South St, Seattle, WA 98101",Pilas
USB-C Charging Cable,1,11.95,2022-02-18,"127 Hill St, Seattle, WA 98101",Cargadores
20in Monitor,1,109.99,2022-02-16,"553 Jackson St, San Francisco, CA 94016",Monitores
Apple Airpods Headphones,1,150,2022-02-26,"98 Willow St, Seattle, WA 98101",Auriculares
AA Batteries (4-pack),1,3.84,2022-02-27,"78 Hickory St, Seattle, WA 98101",Pilas
AAA Batteries (4-pack),2,2.99,2022-02-14,"387 Hickory St, Austin, TX 73301",Pilas
Bose SoundSport Headphones,1,99.99,2022-02-19,"645 Cedar St, New York City, NY 10001",Auriculares
34in Ultrawide Monitor,1,379.99,2022-02-23,"676 14th St, Seattle, WA 98101",Monitores
Lightning Charging Cable,1,14.95,2022-02-28,"102 Spruce St, San Francisco, CA 94016",Cargadores
AAA Batteries (4-pack),2,2.99,2022-02-28,"900 River St, New York City, NY 10001",Pilas
AA Batteries (4-pack),2,3.84,2022-02-28,"249 Jackson St, Atlanta, GA 30301",Pilas
34in Ultrawide Monitor,1,379.99,2022-02-22,"361 Johnson St, Los Angeles, CA 90001",Monitores
AA Batteries (4-pack),1,3.84,2022-02-13,"648 2nd St, New York City, NY 10001",Pilas
34in Ultrawide Monitor,1,379.99,2022-02-13,"989 10th St, San Francisco, CA 94016",Monitores
USB-C Charging Cable,1,11.95,2022-02-25,"810 Hickory St, Atlanta, GA 30301",Cargadores
Apple Airpods Headphones,1,150,2022-02-15,"557 Walnut St, San Francisco, CA 94016",Auriculares
ThinkPad Laptop,1,999.99,2022-02-18,"482 Dogwood St, San Francisco, CA 94016",Portátiles
Lightning Charging Cable,1,14.95,2022-02-26,"96 2nd St, San Francisco, CA 94016",Cargadores
USB-C Charging Cable,1,11.95,2022-02-15,"197 South St, San Francisco, CA 94016",Cargadores
LG Washing Machine,1,600.0,2022-02-25,"709 Cherry St, Atlanta, GA 30301",Electrodomésticos
27in FHD Monitor,1,149.99,2022-02-20,"350 Washington St, New York City, NY 10001",Monitores
AA Batteries (4-pack),1,3.84,2022-02-13,"222 Pine St, New York City, NY 10001",Pilas
Bose SoundSport Headphones,1,99.99,2022-02-26,"616 West St, San Francisco, CA 94016",Auriculares
Wired Headphones,1,11.99,2022-02-27,"461 Adams St, San Francisco, CA 94016",Auriculares
Wired Headphones,1,11.99,2022-02-25,"661 River St, San Francisco, CA 94016",Auriculares
Apple Airpods Headphones,1,150,2022-02-27,"872 Meadow St, Portland, OR 97035",Auriculares
AA Batteries (4-pack),1,3.84,2022-02-27,"98 Lake St, Boston, MA 02215",Pilas
27in FHD Monitor,1,149.99,2022-02-26,"837 Main St, Los Angeles, CA 90001",Monitores
27in 4K Gaming Monitor,1,389.99,2022-02-15,"347 Wilson St, San Francisco, CA 94016",Monitores
ThinkPad Laptop,1,999.99,2022-02-18,"808 Sunset St, Boston, MA 02215",Portátiles
Bose SoundSport Headphones,1,99.99,2022-02-23,"785 Sunset St, Atlanta, GA 30301",Auriculares
Wired Headphones,1,11.99,2022-02-21,"131 11th St, Dallas, TX 75001",Auriculares
Apple Airpods Headphones,1,150,2022-02-13,"918 North St, San Francisco, CA 94016",Auriculares
27in FHD Monitor,1,149.99,2022-02-13,"399 Park St, San Francisco, CA 94016",Monitores
AAA Batteries (4-pack),1,2.99,2022-02-26,"18 4th St, Seattle, WA 98101",Pilas
AA Batteries (4-pack),1,3.84,2022-02-22,"927 Hickory St, San Francisco, CA 94016",Pilas
USB-C Charging Cable,1,11.95,2022-02-18,"368 Lincoln St, Los Angeles, CA 90001",Cargadores
AAA Batteries (4-pack),1,2.99,2022-02-25,"161 Lake St, Los Angeles, CA 90001",Pilas
Wired Headphones,1,11.99,2022-02-26,"667 Johnson St, Boston, MA 02215",Auriculares
Apple Airpods Headphones,1,150,2022-02-26,"348 Hickory St, New York City, NY 10001",Auriculares
USB-C Charging Cable,1,11.95,2022-02-13,"784 Cedar St, Boston, MA 02215",Cargadores
Lightning Charging Cable,1,14.95,2022-02-23,"558 Lake St, Los Angeles, CA 90001",Cargadores
Apple Airpods Headphones,1,150,2022-02-13,"760 Sunset St, Los Angeles, CA 90001",Auriculares
Bose SoundSport Headphones,1,99.99,2022-02-13,"217 Forest St, San Francisco, CA 94016",Auriculares
ThinkPad Laptop,1,999.99,2022-02-17,"497 Madison St, New York City, NY 10001",Portátiles
AA Batteries (4-pack),2,3.84,2022-02-26,"96 Elm St, San Francisco, CA 94016",Pilas
34in Ultrawide Monitor,1,379.99,2022-02-26,"953 Forest St, Atlanta, GA 30301",Monitores
34in Ultrawide Monitor,1,379.99,2022-02-15,"177 6th St, Portland, OR 97035",Monitores
USB-C Charging Cable,1,11.95,2022-02-23,"499 South St, Austin, TX 73301",Cargadores
ThinkPad Laptop,1,999.99,2022-02-20,"662 Elm St, Dallas, TX 75001",Portátiles
AA Batteries (4-pack),1,3.84,2022-02-16,"852 13th St, San Francisco, CA 94016",Pilas
Vareebadd Phone,1,400,2022-02-26,"350 1st St, Los Angeles, CA 90001",Teléfonos
Wired Headphones,1,11.99,2022-02-26,"350 1st St, Los Angeles, CA 90001",Auriculares
AA Batteries (4-pack),1,3.84,2022-02-14,"657 River St, San Francisco, CA 94016",Pilas
Apple Airpods Headphones,1,150,2022-02-21,"526 2nd St, Boston, MA 02215",Auriculares
USB-C Charging Cable,1,11.95,2022-02-28,"844 Park St, New York City, NY 10001",Cargadores
Apple Airpods Headphones,1,150,2022-02-27,"828 Main St, San Francisco, CA 94016",Auriculares
AA Batteries (4-pack),2,3.84,2022-02-18,"41 Maple St, Atlanta, GA 30301",Pilas
AA Batteries (4-pack),3,3.84,2022-02-22,"136 6th St, Seattle, WA 98101",Pilas
iPhone,1,700,2022-02-22,"98 Ridge St, Austin, TX 73301",Teléfonos
Lightning Charging Cable,1,14.95,2022-02-22,"98 Ridge St, Austin, TX 73301",Cargadores
Lightning Charging Cable,1,14.95,2022-02-26,"612 Main St, Portland, OR 97035",Cargadores
Lightning Charging Cable,1,14.95,2022-02-15,"949 11th St, Atlanta, GA 30301",Cargadores
Lightning Charging Cable,1,14.95,2022-02-24,"314 Lakeview St, San Francisco, CA 94016",Cargadores
USB-C Charging Cable,1,11.95,2022-02-19,"277 Elm St, New York City, NY 10001",Cargadores
LG Washing Machine,1,600.0,2022-02-14,"599 Lakeview St, Dallas, TX 75001",Electrodomésticos
Lightning Charging Cable,1,14.95,2022-02-18,"372 Willow St, Atlanta, GA 30301",Cargadores
USB-C Charging Cable,1,11.95,2022-02-25,"117 Jefferson St, New York City, NY 10001",Cargadores
USB-C Charging Cable,1,11.95,2022-02-13,"703 9th St, Los Angeles, CA 90001",Cargadores
Apple Airpods Headphones,1,150,2022-02-20,"229 Lake St, Portland, OR 97035",Auriculares
USB-C Charging Cable,1,11.95,2022-02-19,"182 Hill St, Atlanta, GA 30301",Cargadores
Wired Headphones,1,11.99,2022-02-24,"108 Sunset St, San Francisco, CA 94016",Auriculares
Bose SoundSport Headphones,1,99.99,2022-02-28,"127 Pine St, Boston, MA 02215",Auriculares
AAA Batteries (4-pack),1,2.99,2022-02-19,"389 Jackson St, Boston, MA 02215",Pilas
Lightning Charging Cable,1,14.95,2022-02-19,"389 Jackson St, Boston, MA 02215",Cargadores
Wired Headphones,1,11.99,2022-02-26,"290 Wilson St, Dallas, TX 75001",Auriculares
Lightning Charging Cable,1,14.95,2022-02-26,"290 Wilson St, Dallas, TX 75001",Cargadores
20in Monitor,1,109.99,2022-02-14,"270 Adams St, New York City, NY 10001",Monitores
USB-C Charging Cable,1,11.95,2022-02-22,"462 Madison St, Atlanta, GA 30301",Cargadores
iPhone,1,700,2022-02-25,"264 Park St, Boston, MA 02215",Teléfonos
Apple Airpods Headphones,1,150,2022-02-25,"264 Park St, Boston, MA 02215",Auriculares
Wired Headphones,1,11.99,2022-02-17,"622 Cedar St, San Francisco, CA 94016",Auriculares
Wired Headphones,1,11.99,2022-02-16,"577 Cherry St, San Francisco, CA 94016",Auriculares
AAA Batteries (4-pack),1,2.99,2022-02-22,"464 Wilson St, Los Angeles, CA 90001",Pilas
Wired Headphones,1,11.99,2022-02-22,"464 Wilson St, Los Angeles, CA 90001",Auriculares
34in Ultrawide Monitor,1,379.99,2022-02-22,"249 11th St, Portland, OR 97035",Monitores
27in FHD Monitor,1,149.99,2022-02-21,"495 5th St, Seattle, WA 98101",Monitores
Lightning Charging Cable,1,14.95,2022-02-20,"145 Madison St, San Francisco, CA 94016",Cargadores
27in FHD Monitor,1,149.99,2022-02-23,"197 Wilson St, San Francisco, CA 94016",Monitores
Wired Headphones,1,11.99,2022-02-23,"882 Elm St, Portland, OR 97035",Auriculares
USB-C Charging Cable,1,11.95,2022-02-26,"450 Highland St, New York City, NY 10001",Cargadores
Wired Headphones,1,11.99,2022-02-23,"408 Hill St, Dallas, TX 75001",Auriculares
Apple Airpods Headphones,1,150,2022-02-16,"473 Elm St, San Francisco, CA 94016",Auriculares
AA Batteries (4-pack),1,3.84,2022-02-25,"448 6th St, San Francisco, CA 94016",Pilas
AAA Batteries (4-pack),2,2.99,2022-02-18,"934 Hickory St, Dallas, TX 75001",Pilas
USB-C Charging Cable,1,11.95,2022-02-25,"14 10th St, Dallas, TX 75001",Cargadores
AAA Batteries (4-pack),1,2.99,2022-02-22,"873 12th St, Los Angeles, CA 90001",Pilas
AA Batteries (4-pack),1,3.84,2022-02-16,"593 6th St, San Francisco, CA 94016",Pilas
USB-C Charging Cable,1,11.95,2022-02-24,"990 Hill St, San Francisco, CA 94016",Cargadores
Google Phone,1,600,2022-02-17,"880 Dogwood St, San Francisco, CA 94016",Teléfonos
Bose SoundSport Headphones,1,99.99,2022-02-25,"898 Church St, Seattle, WA 98101",Auriculares
20in Monitor,1,109.99,2022-02-21,"617 11th St, New York City, NY 10001",Monitores
USB-C Charging Cable,1,11.95,2022-02-18,"258 1st St, Seattle, WA 98101",Cargadores
Wired Headphones,1,11.99,2022-02-28,"446 Main St, Seattle, WA 98101",Auriculares
AAA Batteries (4-pack),3,2.99,2022-02-22,"182 Church St, Boston, MA 02215",Pilas
Google Phone,1,600,2022-02-23,"183 Jefferson St, New York City, NY 10001",Teléfonos
Apple Airpods Headphones,1,150,2022-02-15,"217 South St, Los Angeles, CA 90001",Auriculares
Wired Headphones,1,11.99,2022-02-18,"580 Pine St, Atlanta, GA 30301",Auriculares
Google Phone,1,600,2022-02-16,"549 Main St, San Francisco, CA 94016",Teléfonos
Wired Headphones,1,11.99,2022-02-16,"549 Main St, San Francisco, CA 94016",Auriculares
USB-C Charging Cable,2,11.95,2022-02-27,"748 Main St, Boston, MA 02215",Cargadores
Wired Headphones,1,11.99,2022-02-26,"542 2nd St, San Francisco, CA 94016",Auriculares
iPhone,1,700,2022-02-27,"409 Maple St, San Francisco, CA 94016",Teléfonos
AAA Batteries (4-pack),1,2.99,2022-02-25,"719 Main St, New York City, NY 10001",Pilas
iPhone,1,700,2022-02-24,"155 Lakeview St, San Francisco, CA 94016",Teléfonos
Apple Airpods Headphones,1,150,2022-02-24,"155 Lakeview St, San Francisco, CA 94016",Auriculares
Lightning Charging Cable,1,14.95,2022-02-23,"804 Cedar St, San Francisco, CA 94016",Cargadores
Macbook Pro Laptop,1,1700,2022-02-14,"527 Lincoln St, New York City, NY 10001",Portátiles
Lightning Charging Cable,1,14.95,2022-02-27,"951 8th St, San Francisco, CA 94016",Cargadores
AA Batteries (4-pack),1,3.84,2022-02-16,"190 Wilson St, Portland, OR 97035",Pilas
iPhone,1,700,2022-02-13,"57 Cherry St, Portland, OR 97035",Teléfonos
Wired Headphones,1,11.99,2022-02-19,"213 Main St, Los Angeles, CA 90001",Auriculares
iPhone,1,700,2022-02-28,"562 10th St, Boston, MA 02215",Teléfonos
USB-C Charging Cable,1,11.95,2022-02-20,"385 Dogwood St, San Francisco, CA 94016",Cargadores
Bose SoundSport Headphones,1,99.99,2022-02-16,"565 Adams St, San Francisco, CA 94016",Auriculares
AA Batteries (4-pack),1,3.84,2022-02-23,"157 Meadow St, Dallas, TX 75001",Pilas
Lightning Charging Cable,1,14.95,2022-02-13,"769 Spruce St, San Francisco, CA 94016",Cargadores
AA Batteries (4-pack),1,3.84,2022-02-20,"551 Wilson St, San Francisco, CA 94016",Pilas
AA Batteries (4-pack),2,3.84,2022-02-26,"902 Hickory St, Portland, ME 04101",Pilas
USB-C Charging Cable,1,11.95,2022-02-23,"988 South St, Los Angeles, CA 90001",Cargadores
Apple Airpods Headphones,1,150,2022-02-19,"547 Chestnut St, New York City, NY 10001",Auriculares
Apple Airpods Headphones,1,150,2022-02-27,"76 Walnut St, San Francisco, CA 94016",Auriculares
Apple Airpods Headphones,1,150,2022-02-23,"838 4th St, New York City, NY 10001",Auriculares
USB-C Charging Cable,1,11.95,2022-02-25,"667 Johnson St, New York City, NY 10001",Cargadores
USB-C Charging Cable,2,11.95,2022-02-22,"523 Maple St, New York City, NY 10001",Cargadores
Google Phone,1,600,2022-02-23,"626 4th St, Atlanta, GA 30301",Teléfonos
Wired Headphones,1,11.99,2022-02-20,"154 Madison St, Austin, TX 73301",Auriculares
Lightning Charging Cable,1,14.95,2022-02-24,"274 Hill St, New York City, NY 10001",Cargadores
Apple Airpods Headphones,1,150,2022-02-28,"147 Adams St, New York City, NY 10001",Auriculares
Google Phone,1,600,2022-02-24,"225 8th St, Los Angeles, CA 90001",Teléfonos
Wired Headphones,1,11.99,2022-02-24,"225 8th St, Los Angeles, CA 90001",Auriculares
AAA Batteries (4-pack),1,2.99,2022-02-16,"534 5th St, San Francisco, CA 94016",Pilas
Bose SoundSport Headphones,1,99.99,2022-02-20,"508 Jefferson St, Atlanta, GA 30301",Auriculares
USB-C Charging Cable,1,11.95,2022-02-20,"508 Jefferson St, Atlanta, GA 30301",Cargadores
AAA Batteries (4-pack),1,2.99,2022-02-26,"517 4th St, Austin, TX 73301",Pilas
Lightning Charging Cable,1,14.95,2022-02-24,"146 Jackson St, New York City, NY 10001",Cargadores
iPhone,1,700,2022-02-15,"953 12th St, New York City, NY 10001",Teléfonos
Bose SoundSport Headphones,1,99.99,2022-02-15,"826 Washington St, San Francisco, CA 94016",Auriculares
AA Batteries (4-pack),2,3.84,2022-02-19,"652 Jackson St, Los Angeles, CA 90001",Pilas
AA Batteries (4-pack),1,3.84,2022-02-20,"862 8th St, San Francisco, CA 94016",Pilas
USB-C Charging Cable,1,11.95,2022-02-25,"243 West St, Boston, MA 02215",Cargadores
Flatscreen TV,1,300,2022-02-17,"435 Chestnut St, New York City, NY 10001",Televisores
AAA Batteries (4-pack),1,2.99,2022-02-17,"437 Highland St, New York City, NY 10001",Pilas
Bose SoundSport Headphones,1,99.99,2022-02-27,"939 Lincoln St, Boston, MA 02215",Auriculares
Bose SoundSport Headphones,1,99.99,2022-02-21,"768 Spruce St, Los Angeles, CA 90001",Auriculares
USB-C Charging Cable,1,11.95,2022-02-19,"263 4th St, Portland, ME 04101",Cargadores
Google Phone,1,600,2022-02-26,"483 11th St, New York City, NY 10001",Teléfonos
Lightning Charging Cable,1,14.95,2022-02-19,"116 7th St, New York City, NY 10001",Cargadores
Bose SoundSport Headphones,1,99.99,2022-02-17,"781 11th St, Seattle, WA 98101",Auriculares
AAA Batteries (4-pack),1,2.99,2022-02-17,"862 7th St, Los Angeles, CA 90001",Pilas
Bose SoundSport Headphones,1,99.99,2022-02-22,"50 Pine St, Boston, MA 02215",Auriculares
Wired Headphones,1,11.99,2022-02-22,"648 Jackson St, Los Angeles, CA 90001",Auriculares
Bose SoundSport Headphones,1,99.99,2022-02-15,"652 11th St, Los Angeles, CA 90001",Auriculares
USB-C Charging Cable,1,11.95,2022-02-14,"975 13th St, Boston, MA 02215",Cargadores
27in 4K Gaming Monitor,1,389.99,2022-02-19,"313 4th St, Los Angeles, CA 90001",Monitores
27in FHD Monitor,1,149.99,2022-02-28,"99 Sunset St, Dallas, TX 75001",Monitores
Lightning Charging Cable,1,14.95,2022-02-13,"762 Lakeview St, Seattle, WA 98101",Cargadores
Lightning Charging Cable,1,14.95,2022-02-27,"265 Pine St, Los Angeles, CA 90001",Cargadores
Wired Headphones,1,11.99,2022-02-14,"425 Highland St, San Francisco, CA 94016",Auriculares
Bose SoundSport Headphones,1,99.99,2022-02-25,"405 11th St, New York City, NY 10001",Auriculares
Apple Airpods Headphones,1,150,2022-02-21,"549 10th St, Los Angeles, CA 90001",Auriculares
AAA Batteries (4-pack),2,2.99,2022-02-17,"937 Center St, Atlanta, GA 30301",Pilas
AAA Batteries (4-pack),1,2.99,2022-02-26,"42 Forest St, Los Angeles, CA 90001",Pilas
Macbook Pro Laptop,1,1700,2022-02-27,"964 Elm St, Seattle, WA 98101",Portátiles
Bose SoundSport Headphones,1,99.99,2022-02-20,"646 Washington St, Los Angeles, CA 90001",Auriculares
27in FHD Monitor,1,149.99,2022-02-13,"535 Adams St, San Francisco, CA 94016",Monitores
Flatscreen TV,1,300,2022-02-13,"938 8th St, Portland, ME 04101",Televisores
USB-C Charging Cable,1,11.95,2022-02-23,"428 Maple St, Atlanta, GA 30301",Cargadores
Vareebadd Phone,1,400,2022-02-19,"542 Hill St, San Francisco, CA 94016",Teléfonos
USB-C Charging Cable,1,11.95,2022-02-19,"542 Hill St, San Francisco, CA 94016",Cargadores
Wired Headphones,1,11.99,2022-02-19,"542 Hill St, San Francisco, CA 94016",Auriculares
Bose SoundSport Headphones,1,99.99,2022-02-19,"130 Jefferson St, Dallas, TX 75001",Auriculares
Wired Headphones,1,11.99,2022-02-25,"375 Spruce St, Austin, TX 73301",Auriculares
20in Monitor,1,109.99,2022-02-23,"268 River St, Boston, MA 02215",Monitores
AAA Batteries (4-pack),4,2.99,2022-02-23,"689 7th St, New York City, NY 10001",Pilas
Bose SoundSport Headphones,1,99.99,2022-02-25,"154 Adams St, Seattle, WA 98101",Auriculares
27in FHD Monitor,1,149.99,2022-02-28,"268 Lincoln St, New York City, NY 10001",Monitores
Lightning Charging Cable,1,14.95,2022-02-17,"117 Johnson St, New York City, NY 10001",Cargadores
Lightning Charging Cable,1,14.95,2022-02-14,"227 2nd St, Boston, MA 02215",Cargadores
USB-C Charging Cable,1,11.95,2022-02-24,"416 11th St, San Francisco, CA 94016",Cargadores
Macbook Pro Laptop,1,1700,2022-02-14,"514 Cherry St, Austin, TX 73301",Portátiles
Google Phone,1,600,2022-02-13,"605 1st St, New York City, NY 10001",Teléfonos
USB-C Charging Cable,1,11.95,2022-02-13,"605 1st St, New York City, NY 10001",Cargadores
Macbook Pro Laptop,1,1700,2022-02-18,"230 Adams St, San Francisco, CA 94016",Portátiles
27in FHD Monitor,1,149.99,2022-02-15,"542 2nd St, San Francisco, CA 94016",Monitores
Google Phone,1,600,2022-02-24,"258 Dogwood St, Dallas, TX 75001",Teléfonos
USB-C Charging Cable,1,11.95,2022-02-24,"258 Dogwood St, Dallas, TX 75001",Cargadores
ThinkPad Laptop,1,999.99,2022-02-21,"160 10th St, San Francisco, CA 94016",Portátiles
Wired Headphones,1,11.99,2022-02-28,"943 Johnson St, Portland, OR 97035",Auriculares
USB-C Charging Cable,1,11.95,2022-02-26,"677 Walnut St, New York City, NY 10001",Cargadores
Wired Headphones,2,11.99,2022-02-14,"787 Jackson St, Atlanta, GA 30301",Auriculares
Wired Headphones,1,11.99,2022-02-18,"53 River St, San Francisco, CA 94016",Auriculares
Lightning Charging Cable,1,14.95,2022-02-14,"334 West St, Los Angeles, CA 90001",Cargadores
Apple Airpods Headphones,1,150,2022-02-18,"237 Jackson St, Boston, MA 02215",Auriculares
AA Batteries (4-pack),1,3.84,2022-02-26,"325 Park St, Los Angeles, CA 90001",Pilas
iPhone,1,700,2022-02-26,"148 Jackson St, San Francisco, CA 94016",Teléfonos
Lightning Charging Cable,1,14.95,2022-02-26,"148 Jackson St, San Francisco, CA 94016",Cargadores
Apple Airpods Headphones,1,150,2022-02-26,"148 Jackson St, San Francisco, CA 94016",Auriculares
Bose SoundSport Headphones,1,99.99,2022-02-14,"938 14th St, Boston, MA 02215",Auriculares
Bose SoundSport Headphones,1,99.99,2022-02-21,"16 13th St, Seattle, WA 98101",Auriculares
AAA Batteries (4-pack),1,2.99,2022-02-18,"15 Cherry St, Los Angeles, CA 90001",Pilas
Wired Headphones,1,11.99,2022-02-20,"856 Hickory St, Boston, MA 02215",Auriculares
AAA Batteries (4-pack),2,2.99,2022-02-22,"966 Hickory St, Los Angeles, CA 90001",Pilas
Lightning Charging Cable,1,14.95,2022-02-14,"452 14th St, Portland, OR 97035",Cargadores
Flatscreen TV,1,300,2022-02-13,"326 North St, Los Angeles, CA 90001",Televisores
iPhone,1,700,2022-02-27,"758 Meadow St, New York City, NY 10001",Teléfonos
Wired Headphones,1,11.99,2022-02-15,"49 Center St, Boston, MA 02215",Auriculares
AA Batteries (4-pack),4,3.84,2022-02-21,"493 Church St, Dallas, TX 75001",Pilas
Lightning Charging Cable,1,14.95,2022-02-26,"243 Jackson St, San Francisco, CA 94016",Cargadores
Lightning Charging Cable,1,14.95,2022-02-22,"235 Lakeview St, San Francisco, CA 94016",Cargadores
AAA Batteries (4-pack),1,2.99,2022-02-24,"171 1st St, Los Angeles, CA 90001",Pilas
Wired Headphones,1,11.99,2022-02-28,"382 West St, New York City, NY 10001",Auriculares
AAA Batteries (4-pack),1,2.99,2022-02-25,"544 Pine St, Los Angeles, CA 90001",Pilas
27in 4K Gaming Monitor,1,389.99,2022-02-24,"824 Pine St, New York City, NY 10001",Monitores
AAA Batteries (4-pack),2,2.99,2022-02-20,"94 West St, San Francisco, CA 94016",Pilas
AA Batteries (4-pack),1,3.84,2022-02-15,"576 Cherry St, Los Angeles, CA 90001",Pilas
AAA Batteries (4-pack),1,2.99,2022-02-22,"641 Adams St, New York City, NY 10001",Pilas
AAA Batteries (4-pack),1,2.99,2022-02-22,"298 Hill St, New York City, NY 10001",Pilas
Lightning Charging Cable,1,14.95,2022-02-24,"201 Main St, Atlanta, GA 30301",Cargadores
Flatscreen TV,1,300,2022-02-27,"296 Johnson St, New York City, NY 10001",Televisores
Wired Headphones,1,11.99,2022-02-21,"577 2nd St, New York City, NY 10001",Auriculares
AA Batteries (4-pack),1,3.84,2022-02-22,"177 10th St, San Francisco, CA 94016",Pilas
AA Batteries (4-pack),1,3.84,2022-02-17,"516 North St, Dallas, TX 75001",Pilas
AAA Batteries (4-pack),1,2.99,2022-02-19,"161 Highland St, Los Angeles, CA 90001",Pilas
Wired Headphones,1,11.99,2022-02-21,"401 South St, San Francisco, CA 94016",Auriculares
Wired Headphones,1,11.99,2022-02-17,"696 2nd St, Los Angeles, CA 90001",Auriculares
Lightning Charging Cable,1,14.95,2022-02-18,"501 Elm St, Los Angeles, CA 90001",Cargadores
AAA Batteries (4-pack),3,2.99,2022-02-26,"54 Sunset St, Atlanta, GA 30301",Pilas
AAA Batteries (4-pack),1,2.99,2022-02-14,"847 Cedar St, Atlanta, GA 30301",Pilas
AA Batteries (4-pack),1,3.84,2022-02-17,"909 Cedar St, San Francisco, CA 94016",Pilas
Google Phone,1,600,2022-02-24,"105 7th St, San Francisco, CA 94016",Teléfonos
AAA Batteries (4-pack),1,2.99,2022-02-23,"238 Chestnut St, San Francisco, CA 94016",Pilas
LG Dryer,1,600.0,2022-02-24,"274 Lake St, Boston, MA 02215",Electrodomésticos
Bose SoundSport Headphones,1,99.99,2022-02-27,"526 Washington St, Austin, TX 73301",Auriculares
Apple Airpods Headphones,1,150,2022-02-22,"681 7th St, San Francisco, CA 94016",Auriculares
27in 4K Gaming Monitor,1,389.99,2022-02-16,"724 Chestnut St, Austin, TX 73301",Monitores
Lightning Charging Cable,1,14.95,2022-02-28,"106 Willow St, New York City, NY 10001",Cargadores
AA Batteries (4-pack),1,3.84,2022-02-21,"591 Meadow St, San Francisco, CA 94016",Pilas
USB-C Charging Cable,1,11.95,2022-02-13,"357 Lake St, Boston, MA 02215",Cargadores
Wired Headphones,1,11.99,2022-02-17,"492 Church St, Atlanta, GA 30301",Auriculares
27in 4K Gaming Monitor,1,389.99,2022-02-17,"492 Church St, Atlanta, GA 30301",Monitores
AAA Batteries (4-pack),1,2.99,2022-02-13,"389 Lakeview St, Portland, OR 97035",Pilas
20in Monitor,1,109.99,2022-02-14,"892 Cedar St, Portland, OR 97035",Monitores
AAA Batteries (4-pack),4,2.99,2022-02-14,"49 Hickory St, New York City, NY 10001",Pilas
Apple Airpods Headphones,1,150,2022-02-20,"752 14th St, San Francisco, CA 94016",Auriculares
Apple Airpods Headphones,1,150,2022-02-26,"584 Adams St, San Francisco, CA 94016",Auriculares
AA Batteries (4-pack),1,3.84,2022-02-24,"350 Washington St, San Francisco, CA 94016",Pilas
iPhone,1,700,2022-02-27,"723 Cedar St, Dallas, TX 75001",Teléfonos
Wired Headphones,1,11.99,2022-02-27,"723 Cedar St, Dallas, TX 75001",Auriculares
27in 4K Gaming Monitor,1,389.99,2022-02-24,"404 Willow St, Boston, MA 02215",Monitores
34in Ultrawide Monitor,1,379.99,2022-02-15,"456 8th St, San Francisco, CA 94016",Monitores
34in Ultrawide Monitor,1,379.99,2022-02-19,"102 Center St, Atlanta, GA 30301",Monitores
AAA Batteries (4-pack),1,2.99,2022-02-19,"530 6th St, Portland, OR 97035",Pilas
27in 4K Gaming Monitor,1,389.99,2022-02-18,"915 Highland St, Dallas, TX 75001",Monitores
AA Batteries (4-pack),1,3.84,2022-02-26,"625 Willow St, San Francisco, CA 94016",Pilas
Google Phone,1,600,2022-02-21,"286 13th St, San Francisco, CA 94016",Teléfonos
USB-C Charging Cable,1,11.95,2022-02-20,"488 Jefferson St, Portland, OR 97035",Cargadores
USB-C Charging Cable,1,11.95,2022-02-27,"819 12th St, Portland, OR 97035",Cargadores
Lightning Charging Cable,1,14.95,2022-02-17,"689 6th St, Portland, OR 97035",Cargadores
27in 4K Gaming Monitor,1,389.99,2022-02-19,"911 Hickory St, Seattle, WA 98101",Monitores
Apple Airpods Headphones,1,150,2022-02-24,"287 Wilson St, Los Angeles, CA 90001",Auriculares
AA Batteries (4-pack),1,3.84,2022-02-19,"752 Lakeview St, Austin, TX 73301",Pilas
Macbook Pro Laptop,1,1700,2022-02-22,"730 Cedar St, Los Angeles, CA 90001",Portátiles
Wired Headphones,1,11.99,2022-02-22,"730 Cedar St, Los Angeles, CA 90001",Auriculares
AA Batteries (4-pack),1,3.84,2022-02-17,"364 Sunset St, San Francisco, CA 94016",Pilas
Wired Headphones,1,11.99,2022-02-28,"87 1st St, San Francisco, CA 94016",Auriculares
AAA Batteries (4-pack),2,2.99,2022-02-16,"185 Elm St, Los Angeles, CA 90001",Pilas
20in Monitor,1,109.99,2022-02-19,"341 Chestnut St, Atlanta, GA 30301",Monitores
Bose SoundSport Headphones,1,99.99,2022-02-22,"579 2nd St, Atlanta, GA 30301",Auriculares
AA Batteries (4-pack),1,3.84,2022-02-26,"197 Pine St, Dallas, TX 75001",Pilas
Bose SoundSport Headphones,1,99.99,2022-02-13,"978 Lakeview St, Los Angeles, CA 90001",Auriculares
USB-C Charging Cable,2,11.95,2022-02-28,"13 North St, Atlanta, GA 30301",Cargadores
Vareebadd Phone,1,400,2022-02-26,"139 9th St, Dallas, TX 75001",Teléfonos
Wired Headphones,1,11.99,2022-02-26,"139 9th St, Dallas, TX 75001",Auriculares
Lightning Charging Cable,1,14.95,2022-02-21,"604 9th St, Austin, TX 73301",Cargadores
AAA Batteries (4-pack),2,2.99,2022-02-27,"718 Ridge St, Austin, TX 73301",Pilas
ThinkPad Laptop,1,999.99,2022-02-27,"265 Hickory St, Los Angeles, CA 90001",Portátiles
AAA Batteries (4-pack),1,2.99,2022-02-27,"541 1st St, Seattle, WA 98101",Pilas
AA Batteries (4-pack),1,3.84,2022-02-19,"44 Lakeview St, San Francisco, CA 94016",Pilas
Wired Headphones,1,11.99,2022-02-28,"407 North St, San Francisco, CA 94016",Auriculares
Lightning Charging Cable,1,14.95,2022-02-14,"140 Walnut St, New York City, NY 10001",Cargadores
Lightning Charging Cable,1,14.95,2022-02-20,"841 Dogwood St, Los Angeles, CA 90001",Cargadores
AA Batteries (4-pack),1,3.84,2022-02-17,"126 14th St, San Francisco, CA 94016",Pilas
Wired Headphones,1,11.99,2022-02-19,"522 Ridge St, San Francisco, CA 94016",Auriculares
Flatscreen TV,1,300,2022-02-18,"401 Pine St, Seattle, WA 98101",Televisores
USB-C Charging Cable,1,11.95,2022-02-20,"546 14th St, Atlanta, GA 30301",Cargadores
Lightning Charging Cable,1,14.95,2022-02-14,"437 Cherry St, New York City, NY 10001",Cargadores
Bose SoundSport Headphones,1,99.99,2022-02-16,"740 10th St, Boston, MA 02215",Auriculares
34in Ultrawide Monitor,1,379.99,2022-02-13,"183 Highland St, Portland, OR 97035",Monitores
Apple Airpods Headphones,1,150,2022-02-25,"778 Walnut St, Portland, OR 97035",Auriculares
Wired Headphones,1,11.99,2022-02-16,"287 Church St, San Francisco, CA 94016",Auriculares
Lightning Charging Cable,1,14.95,2022-02-26,"588 West St, San Francisco, CA 94016",Cargadores
AA Batteries (4-pack),2,3.84,2022-02-21,"330 Washington St, Boston, MA 02215",Pilas
Lightning Charging Cable,1,14.95,2022-02-16,"6 West St, San Francisco, CA 94016",Cargadores
Google Phone,1,600,2022-02-24,"60 Jefferson St, Portland, ME 04101",Teléfonos
USB-C Charging Cable,1,11.95,2022-02-24,"60 Jefferson St, Portland, ME 04101",Cargadores
27in FHD Monitor,1,149.99,2022-02-15,"791 Lake St, San Francisco, CA 94016",Monitores
Apple Airpods Headphones,1,150,2022-02-24,"291 Lake St, San Francisco, CA 94016",Auriculares
Wired Headphones,1,11.99,2022-02-24,"701 Jackson St, New York City, NY 10001",Auriculares
iPhone,1,700,2022-02-23,"263 Adams St, New York City, NY 10001",Teléfonos
Apple Airpods Headphones,1,150,2022-02-23,"263 Adams St, New York City, NY 10001",Auriculares
Wired Headphones,1,11.99,2022-02-27,"893 Elm St, Los Angeles, CA 90001",Auriculares
Wired Headphones,1,11.99,2022-02-17,"996 Meadow St, San Francisco, CA 94016",Auriculares
27in FHD Monitor,1,149.99,2022-02-28,"50 Elm St, New York City, NY 10001",Monitores
USB-C Charging Cable,1,11.95,2022-02-28,"96 Sunset St, New York City, NY 10001",Cargadores
Wired Headphones,1,11.99,2022-02-28,"136 9th St, Seattle, WA 98101",Auriculares
AA Batteries (4-pack),3,3.84,2022-02-20,"584 Johnson St, Los Angeles, CA 90001",Pilas
USB-C Charging Cable,1,11.95,2022-02-21,"729 Jefferson St, Los Angeles, CA 90001",Cargadores
Flatscreen TV,1,300,2022-02-17,"297 Jefferson St, Portland, OR 97035",Televisores
Lightning Charging Cable,1,14.95,2022-02-22,"60 Willow St, San Francisco, CA 94016",Cargadores
Lightning Charging Cable,1,14.95,2022-02-28,"114 South St, San Francisco, CA 94016",Cargadores
AA Batteries (4-pack),1,3.84,2022-02-13,"373 Pine St, San Francisco, CA 94016",Pilas
34in Ultrawide Monitor,1,379.99,2022-02-25,"130 Lakeview St, Seattle, WA 98101",Monitores
USB-C Charging Cable,1,11.95,2022-02-21,"669 Spruce St, San Francisco, CA 94016",Cargadores
AAA Batteries (4-pack),3,2.99,2022-02-15,"976 Center St, Los Angeles, CA 90001",Pilas
iPhone,1,700,2022-02-28,"298 Meadow St, Boston, MA 02215",Teléfonos
AA Batteries (4-pack),1,3.84,2022-02-16,"13 13th St, Seattle, WA 98101",Pilas
AA Batteries (4-pack),1,3.84,2022-02-23,"990 14th St, San Francisco, CA 94016",Pilas
34in Ultrawide Monitor,1,379.99,2022-02-24,"92 Elm St, Los Angeles, CA 90001",Monitores
27in FHD Monitor,1,149.99,2022-02-24,"285 12th St, New York City, NY 10001",Monitores
Vareebadd Phone,1,400,2022-02-20,"232 Washington St, Atlanta, GA 30301",Teléfonos
USB-C Charging Cable,1,11.95,2022-02-21,"393 Cherry St, San Francisco, CA 94016",Cargadores
AAA Batteries (4-pack),2,2.99,2022-02-25,"988 Adams St, San Francisco, CA 94016",Pilas
USB-C Charging Cable,1,11.95,2022-02-14,"477 Main St, Boston, MA 02215",Cargadores
AA Batteries (4-pack),1,3.84,2022-02-23,"214 11th St, New York City, NY 10001",Pilas
AAA Batteries (4-pack),3,2.99,2022-02-16,"266 2nd St, Seattle, WA 98101",Pilas
27in FHD Monitor,1,149.99,2022-02-25,"584 Spruce St, Portland, OR 97035",Monitores
ThinkPad Laptop,1,999.99,2022-02-20,"815 6th St, New York City, NY 10001",Portátiles
Apple Airpods Headphones,1,150,2022-02-22,"818 13th St, Los Angeles, CA 90001",Auriculares
Google Phone,1,600,2022-02-20,"937 North St, Boston, MA 02215",Teléfonos
Bose SoundSport Headphones,1,99.99,2022-02-19,"531 Dogwood St, New York City, NY 10001",Auriculares
27in 4K Gaming Monitor,1,389.99,2022-02-15,"667 Walnut St, San Francisco, CA 94016",Monitores
AA Batteries (4-pack),1,3.84,2022-02-18,"958 Willow St, San Francisco, CA 94016",Pilas
Bose SoundSport Headphones,1,99.99,2022-02-24,"907 Cherry St, Los Angeles, CA 90001",Auriculares
AA Batteries (4-pack),1,3.84,2022-02-18,"561 River St, Los Angeles, CA 90001",Pilas
AA Batteries (4-pack),1,3.84,2022-02-13,"533 2nd St, Dallas, TX 75001",Pilas
USB-C Charging Cable,1,11.95,2022-02-22,"724 Walnut St, Seattle, WA 98101",Cargadores
20in Monitor,1,109.99,2022-02-26,"273 10th St, Austin, TX 73301",Monitores
Apple Airpods Headphones,1,150,2022-02-18,"55 14th St, Boston, MA 02215",Auriculares
Apple Airpods Headphones,1,150,2022-02-15,"809 Meadow St, San Francisco, CA 94016",Auriculares
LG Dryer,1,600.0,2022-02-20,"863 Main St, Austin, TX 73301",Electrodomésticos
27in FHD Monitor,1,149.99,2022-02-27,"344 Highland St, Los Angeles, CA 90001",Monitores
USB-C Charging Cable,1,11.95,2022-02-13,"773 Hill St, Atlanta, GA 30301",Cargadores
USB-C Charging Cable,1,11.95,2022-02-15,"483 Center St, San Francisco, CA 94016",Cargadores
27in 4K Gaming Monitor,1,389.99,2022-02-23,"376 Main St, New York City, NY 10001",Monitores
AAA Batteries (4-pack),1,2.99,2022-02-24,"942 Highland St, New York City, NY 10001",Pilas
27in FHD Monitor,1,149.99,2022-02-16,"548 Chestnut St, New York City, NY 10001",Monitores
Google Phone,1,600,2022-02-22,"635 Lakeview St, Boston, MA 02215",Teléfonos
USB-C Charging Cable,1,11.95,2022-02-19,"809 13th St, San Francisco, CA 94016",Cargadores
Bose SoundSport Headphones,1,99.99,2022-02-15,"871 Jefferson St, Dallas, TX 75001",Auriculares
Bose SoundSport Headphones,1,99.99,2022-02-21,"734 Dogwood St, Atlanta, GA 30301",Auriculares
AAA Batteries (4-pack),1,2.99,2022-02-16,"609 Center St, New York City, NY 10001",Pilas
Wired Headphones,1,11.99,2022-02-23,"451 Jefferson St, San Francisco, CA 94016",Auriculares
Bose SoundSport Headphones,1,99.99,2022-02-17,"876 Pine St, Portland, OR 97035",Auriculares
USB-C Charging Cable,1,11.95,2022-02-17,"897 Lake St, Boston, MA 02215",Cargadores
AAA Batteries (4-pack),1,2.99,2022-02-14,"316 Center St, Los Angeles, CA 90001",Pilas
Lightning Charging Cable,1,14.95,2022-02-25,"727 Cedar St, San Francisco, CA 94016",Cargadores
Macbook Pro Laptop,1,1700,2022-02-20,"170 Jackson St, San Francisco, CA 94016",Portátiles
USB-C Charging Cable,1,11.95,2022-02-22,"664 Sunset St, Boston, MA 02215",Cargadores
Flatscreen TV,1,300,2022-02-13,"30 4th St, Austin, TX 73301",Televisores
Wired Headphones,1,11.99,2022-02-28,"680 9th St, San Francisco, CA 94016",Auriculares
27in 4K Gaming Monitor,1,389.99,2022-02-25,"746 8th St, Los Angeles, CA 90001",Monitores
iPhone,1,700,2022-02-28,"789 Hill St, New York City, NY 10001",Teléfonos
iPhone,1,700,2022-02-24,"585 Walnut St, Seattle, WA 98101",Teléfonos
Wired Headphones,2,11.99,2022-02-24,"585 Walnut St, Seattle, WA 98101",Auriculares
Apple Airpods Headphones,1,150,2022-02-14,"636 Pine St, Dallas, TX 75001",Auriculares
Wired Headphones,1,11.99,2022-02-13,"184 Park St, Los Angeles, CA 90001",Auriculares
Lightning Charging Cable,1,14.95,2022-02-14,"332 Jackson St, Los Angeles, CA 90001",Cargadores
iPhone,1,700,2022-02-14,"270 Elm St, Los Angeles, CA 90001",Teléfonos
Lightning Charging Cable,1,14.95,2022-02-20,"652 Adams St, Portland, OR 97035",Cargadores
Wired Headphones,1,11.99,2022-02-18,"353 West St, Austin, TX 73301",Auriculares
34in Ultrawide Monitor,1,379.99,2022-02-14,"904 2nd St, Los Angeles, CA 90001",Monitores
AAA Batteries (4-pack),1,2.99,2022-02-22,"462 12th St, Boston, MA 02215",Pilas
AAA Batteries (4-pack),4,2.99,2022-02-19,"355 Pine St, Boston, MA 02215",Pilas
AAA Batteries (4-pack),1,2.99,2022-02-15,"327 9th St, Boston, MA 02215",Pilas
USB-C Charging Cable,1,11.95,2022-02-17,"477 4th St, San Francisco, CA 94016",Cargadores
USB-C Charging Cable,1,11.95,2022-02-16,"286 Adams St, Atlanta, GA 30301",Cargadores
AAA Batteries (4-pack),5,2.99,2022-02-25,"746 Lake St, San Francisco, CA 94016",Pilas
AA Batteries (4-pack),1,3.84,2022-02-17,"101 8th St, New York City, NY 10001",Pilas
Apple Airpods Headphones,1,150,2022-02-17,"101 8th St, New York City, NY 10001",Auriculares
Lightning Charging Cable,2,14.95,2022-02-19,"909 14th St, San Francisco, CA 94016",Cargadores
Lightning Charging Cable,1,14.95,2022-02-21,"91 5th St, New York City, NY 10001",Cargadores
Lightning Charging Cable,2,14.95,2022-02-23,"716 Lincoln St, Portland, OR 97035",Cargadores
iPhone,1,700,2022-02-17,"562 Johnson St, New York City, NY 10001",Teléfonos
Wired Headphones,1,11.99,2022-02-17,"562 Johnson St, New York City, NY 10001",Auriculares
iPhone,1,700,2022-02-25,"463 1st St, Portland, OR 97035",Teléfonos
Wired Headphones,1,11.99,2022-02-25,"463 1st St, Portland, OR 97035",Auriculares
Lightning Charging Cable,1,14.95,2022-02-22,"996 Highland St, Atlanta, GA 30301",Cargadores
Lightning Charging Cable,1,14.95,2022-02-24,"8 10th St, San Francisco, CA 94016",Cargadores
Bose SoundSport Headphones,1,99.99,2022-02-23,"499 Johnson St, Dallas, TX 75001",Auriculares
27in FHD Monitor,1,149.99,2022-02-24,"578 Washington St, Boston, MA 02215",Monitores
USB-C Charging Cable,1,11.95,2022-02-28,"197 5th St, Boston, MA 02215",Cargadores
AAA Batteries (4-pack),1,2.99,2022-02-22,"219 Forest St, San Francisco, CA 94016",Pilas
Apple Airpods Headphones,1,150,2022-02-22,"219 Forest St, San Francisco, CA 94016",Auriculares
AA Batteries (4-pack),1,3.84,2022-02-16,"770 Jefferson St, Dallas, TX 75001",Pilas
27in 4K Gaming Monitor,1,389.99,2022-02-15,"172 Hickory St, New York City, NY 10001",Monitores
Apple Airpods Headphones,1,150,2022-02-15,"715 Pine St, Atlanta, GA 30301",Auriculares
USB-C Charging Cable,1,11.95,2022-02-16,"108 Chestnut St, Los Angeles, CA 90001",Cargadores
iPhone,1,700,2022-02-28,"971 Meadow St, Boston, MA 02215",Teléfonos
Apple Airpods Headphones,1,150,2022-02-28,"971 Meadow St, Boston, MA 02215",Auriculares
27in FHD Monitor,1,149.99,2022-02-16,"979 Highland St, San Francisco, CA 94016",Monitores
Wired Headphones,1,11.99,2022-02-14,"778 11th St, New York City, NY 10001",Auriculares
34in Ultrawide Monitor,1,379.99,2022-02-16,"761 Lakeview St, San Francisco, CA 94016",Monitores
Google Phone,1,600,2022-02-21,"964 Church St, San Francisco, CA 94016",Teléfonos
USB-C Charging Cable,1,11.95,2022-02-21,"964 Church St, San Francisco, CA 94016",Cargadores
27in 4K Gaming Monitor,1,389.99,2022-02-26,"897 Lake St, San Francisco, CA 94016",Monitores
Lightning Charging Cable,1,14.95,2022-02-24,"359 Spruce St, San Francisco, CA 94016",Cargadores
Lightning Charging Cable,1,14.95,2022-02-17,"325 Madison St, Los Angeles, CA 90001",Cargadores
27in 4K Gaming Monitor,1,389.99,2022-02-22,"766 Lakeview St, Portland, ME 04101",Monitores
USB-C Charging Cable,1,11.95,2022-02-22,"766 Lakeview St, Portland, ME 04101",Cargadores
27in 4K Gaming Monitor,1,389.99,2022-02-20,"222 Main St, New York City, NY 10001",Monitores
AAA Batteries (4-pack),2,2.99,2022-02-22,"527 Hickory St, Atlanta, GA 30301",Pilas
AA Batteries (4-pack),1,3.84,2022-02-17,"449 Willow St, San Francisco, CA 94016",Pilas
AA Batteries (4-pack),1,3.84,2022-02-14,"542 11th St, Dallas, TX 75001",Pilas
Wired Headphones,1,11.99,2022-02-17,"58 14th St, New York City, NY 10001",Auriculares
20in Monitor,1,109.99,2022-02-19,"20 River St, Los Angeles, CA 90001",Monitores
27in 4K Gaming Monitor,1,389.99,2022-02-16,"437 Lincoln St, Boston, MA 02215",Monitores
Lightning Charging Cable,1,14.95,2022-02-20,"694 Spruce St, Boston, MA 02215",Cargadores
iPhone,1,700,2022-02-23,"570 South St, Atlanta, GA 30301",Teléfonos
34in Ultrawide Monitor,1,379.99,2022-02-25,"329 Dogwood St, New York City, NY 10001",Monitores
AAA Batteries (4-pack),1,2.99,2022-02-16,"456 Church St, Los Angeles, CA 90001",Pilas
Lightning Charging Cable,1,14.95,2022-02-16,"985 West St, Dallas, TX 75001",Cargadores
34in Ultrawide Monitor,1,379.99,2022-02-24,"899 Cherry St, Dallas, TX 75001",Monitores
Apple Airpods Headphones,1,150,2022-02-24,"384 Dogwood St, San Francisco, CA 94016",Auriculares
Apple Airpods Headphones,1,150,2022-02-26,"5 Park St, San Francisco, CA 94016",Auriculares
Apple Airpods Headphones,1,150,2022-02-23,"331 2nd St, Austin, TX 73301",Auriculares
Lightning Charging Cable,1,14.95,2022-02-19,"35 Sunset St, New York City, NY 10001",Cargadores
iPhone,1,700,2022-02-14,"469 Johnson St, Seattle, WA 98101",Teléfonos
Lightning Charging Cable,3,14.95,2022-02-22,"292 12th St, Austin, TX 73301",Cargadores
Flatscreen TV,1,300,2022-02-22,"545 Adams St, Dallas, TX 75001",Televisores
Wired Headphones,1,11.99,2022-02-28,"571 Walnut St, Los Angeles, CA 90001",Auriculares
Flatscreen TV,1,300,2022-02-25,"286 Johnson St, Dallas, TX 75001",Televisores
AAA Batteries (4-pack),1,2.99,2022-02-24,"635 Madison St, New York City, NY 10001",Pilas
ThinkPad Laptop,1,999.99,2022-02-20,"580 Main St, New York City, NY 10001",Portátiles
Wired Headphones,1,11.99,2022-02-27,"857 13th St, San Francisco, CA 94016",Auriculares
20in Monitor,1,109.99,2022-02-22,"898 Johnson St, Austin, TX 73301",Monitores
Bose SoundSport Headphones,1,99.99,2022-02-16,"285 14th St, San Francisco, CA 94016",Auriculares
AAA Batteries (4-pack),1,2.99,2022-02-22,"318 Jefferson St, New York City, NY 10001",Pilas
AA Batteries (4-pack),1,3.84,2022-02-22,"34 Park St, Atlanta, GA 30301",Pilas
AA Batteries (4-pack),1,3.84,2022-02-23,"402 4th St, San Francisco, CA 94016",Pilas
Wired Headphones,1,11.99,2022-02-15,"348 Sunset St, Atlanta, GA 30301",Auriculares
Google Phone,1,600,2022-02-28,"383 Meadow St, Dallas, TX 75001",Teléfonos
Bose SoundSport Headphones,1,99.99,2022-02-14,"420 Cedar St, Boston, MA 02215",Auriculares
27in FHD Monitor,1,149.99,2022-02-22,"885 14th St, Austin, TX 73301",Monitores
AA Batteries (4-pack),1,3.84,2022-02-28,"812 Park St, Boston, MA 02215",Pilas
Apple Airpods Headphones,1,150,2022-02-18,"312 Johnson St, San Francisco, CA 94016",Auriculares
Apple Airpods Headphones,1,150,2022-02-17,"132 6th St, Los Angeles, CA 90001",Auriculares
Bose SoundSport Headphones,1,99.99,2022-02-22,"507 Lakeview St, Dallas, TX 75001",Auriculares
ThinkPad Laptop,1,999.99,2022-02-27,"776 Washington St, Austin, TX 73301",Portátiles
34in Ultrawide Monitor,1,379.99,2022-02-23,"444 Highland St, San Francisco, CA 94016",Monitores
AA Batteries (4-pack),2,3.84,2022-02-22,"985 Dogwood St, San Francisco, CA 94016",Pilas
Wired Headphones,1,11.99,2022-02-26,"892 Sunset St, Portland, OR 97035",Auriculares
Google Phone,1,600,2022-02-22,"116 Dogwood St, Portland, OR 97035",Teléfonos
USB-C Charging Cable,1,11.95,2022-02-22,"116 Dogwood St, Portland, OR 97035",Cargadores
AA Batteries (4-pack),1,3.84,2022-02-28,"505 Ridge St, Los Angeles, CA 90001",Pilas
AAA Batteries (4-pack),1,2.99,2022-02-16,"722 Center St, San Francisco, CA 94016",Pilas
USB-C Charging Cable,1,11.95,2022-02-16,"58 5th St, Portland, OR 97035",Cargadores
AA Batteries (4-pack),3,3.84,2022-02-17,"952 Spruce St, Dallas, TX 75001",Pilas
iPhone,1,700,2022-02-15,"251 Forest St, San Francisco, CA 94016",Teléfonos
USB-C Charging Cable,1,11.95,2022-02-25,"211 Lake St, San Francisco, CA 94016",Cargadores
34in Ultrawide Monitor,1,379.99,2022-02-24,"748 6th St, Dallas, TX 75001",Monitores
Bose SoundSport Headphones,1,99.99,2022-02-19,"152 2nd St, Los Angeles, CA 90001",Auriculares
USB-C Charging Cable,1,11.95,2022-02-24,"663 Cherry St, San Francisco, CA 94016",Cargadores
AAA Batteries (4-pack),1,2.99,2022-02-26,"638 14th St, New York City, NY 10001",Pilas
Lightning Charging Cable,1,14.95,2022-02-26,"87 Chestnut St, New York City, NY 10001",Cargadores
USB-C Charging Cable,1,11.95,2022-02-17,"496 12th St, Seattle, WA 98101",Cargadores
Wired Headphones,1,11.99,2022-02-15,"317 Dogwood St, Dallas, TX 75001",Auriculares
AA Batteries (4-pack),1,3.84,2022-02-26,"341 Church St, Dallas, TX 75001",Pilas
27in FHD Monitor,1,149.99,2022-02-21,"667 Lakeview St, New York City, NY 10001",Monitores
Wired Headphones,1,11.99,2022-02-26,"967 Spruce St, Boston, MA 02215",Auriculares
USB-C Charging Cable,1,11.95,2022-02-14,"898 Lakeview St, New York City, NY 10001",Cargadores
ThinkPad Laptop,1,999.99,2022-02-27,"247 Maple St, Dallas, TX 75001",Portátiles
Bose SoundSport Headphones,1,99.99,2022-02-28,"280 North St, Dallas, TX 75001",Auriculares
27in FHD Monitor,1,149.99,2022-02-19,"885 Lake St, Dallas, TX 75001",Monitores
USB-C Charging Cable,2,11.95,2022-02-21,"163 Johnson St, San Francisco, CA 94016",Cargadores
USB-C Charging Cable,1,11.95,2022-02-24,"556 2nd St, Atlanta, GA 30301",Cargadores
Wired Headphones,1,11.99,2022-02-19,"364 Cherry St, Dallas, TX 75001",Auriculares
Lightning Charging Cable,1,14.95,2022-02-18,"523 Jefferson St, Los Angeles, CA 90001",Cargadores
AAA Batteries (4-pack),1,2.99,2022-02-23,"620 10th St, Atlanta, GA 30301",Pilas
27in FHD Monitor,1,149.99,2022-02-19,"156 8th St, Seattle, WA 98101",Monitores
USB-C Charging Cable,1,11.95,2022-02-27,"906 Cherry St, San Francisco, CA 94016",Cargadores
Bose SoundSport Headphones,1,99.99,2022-02-24,"238 Dogwood St, Atlanta, GA 30301",Auriculares
AAA Batteries (4-pack),1,2.99,2022-02-24,"51 12th St, Austin, TX 73301",Pilas
20in Monitor,1,109.99,2022-02-22,"153 Park St, Dallas, TX 75001",Monitores
USB-C Charging Cable,1,11.95,2022-02-19,"636 Spruce St, San Francisco, CA 94016",Cargadores
AAA Batteries (4-pack),1,2.99,2022-02-21,"239 Meadow St, New York City, NY 10001",Pilas
AAA Batteries (4-pack),3,2.99,2022-02-28,"610 Dogwood St, San Francisco, CA 94016",Pilas
27in FHD Monitor,1,149.99,2022-02-20,"298 Maple St, New York City, NY 10001",Monitores
AAA Batteries (4-pack),1,2.99,2022-02-20,"232 West St, San Francisco, CA 94016",Pilas
USB-C Charging Cable,1,11.95,2022-02-15,"860 13th St, San Francisco, CA 94016",Cargadores
Flatscreen TV,1,300,2022-02-16,"647 Pine St, Portland, ME 04101",Televisores
USB-C Charging Cable,1,11.95,2022-02-15,"911 Church St, San Francisco, CA 94016",Cargadores
USB-C Charging Cable,1,11.95,2022-02-26,"556 Jefferson St, Los Angeles, CA 90001",Cargadores
USB-C Charging Cable,1,11.95,2022-02-27,"838 Washington St, Seattle, WA 98101",Cargadores
Google Phone,1,600,2022-02-24,"582 Pine St, Boston, MA 02215",Teléfonos
USB-C Charging Cable,1,11.95,2022-02-18,"633 Main St, Seattle, WA 98101",Cargadores
USB-C Charging Cable,2,11.95,2022-02-25,"253 South St, San Francisco, CA 94016",Cargadores
Apple Airpods Headphones,1,150,2022-02-23,"82 Forest St, Austin, TX 73301",Auriculares
AAA Batteries (4-pack),1,2.99,2022-02-18,"232 Washington St, Dallas, TX 75001",Pilas
AAA Batteries (4-pack),1,2.99,2022-02-19,"622 Forest St, San Francisco, CA 94016",Pilas
20in Monitor,1,109.99,2022-02-15,"137 Highland St, Austin, TX 73301",Monitores
AAA Batteries (4-pack),2,2.99,2022-02-13,"462 Cherry St, New York City, NY 10001",Pilas
iPhone,1,700,2022-02-17,"332 1st St, Atlanta, GA 30301",Teléfonos
AA Batteries (4-pack),1,3.84,2022-02-17,"332 1st St, Atlanta, GA 30301",Pilas
Bose SoundSport Headphones,1,99.99,2022-02-22,"537 South St, Dallas, TX 75001",Auriculares
Apple Airpods Headphones,1,150,2022-02-23,"429 Johnson St, San Francisco, CA 94016",Auriculares
iPhone,1,700,2022-02-19,"758 Maple St, Austin, TX 73301",Teléfonos
Flatscreen TV,1,300,2022-02-15,"204 Cedar St, New York City, NY 10001",Televisores
iPhone,1,700,2022-02-20,"461 Washington St, Atlanta, GA 30301",Teléfonos
USB-C Charging Cable,1,11.95,2022-02-20,"516 13th St, San Francisco, CA 94016",Cargadores
AAA Batteries (4-pack),2,2.99,2022-02-26,"620 Hickory St, San Francisco, CA 94016",Pilas
27in FHD Monitor,1,149.99,2022-02-16,"992 Cedar St, New York City, NY 10001",Monitores
27in 4K Gaming Monitor,1,389.99,2022-02-15,"703 Forest St, Los Angeles, CA 90001",Monitores
Apple Airpods Headphones,1,150,2022-02-19,"515 Adams St, San Francisco, CA 94016",Auriculares
Bose SoundSport Headphones,1,99.99,2022-02-22,"756 Johnson St, Los Angeles, CA 90001",Auriculares
Apple Airpods Headphones,1,150,2022-02-25,"46 North St, San Francisco, CA 94016",Auriculares
Bose SoundSport Headphones,1,99.99,2022-02-15,"326 Ridge St, New York City, NY 10001",Auriculares
AA Batteries (4-pack),1,3.84,2022-02-24,"639 Elm St, San Francisco, CA 94016",Pilas
AAA Batteries (4-pack),2,2.99,2022-02-26,"185 Main St, Boston, MA 02215",Pilas
Bose SoundSport Headphones,1,99.99,2022-02-23,"303 Ridge St, San Francisco, CA 94016",Auriculares
Apple Airpods Headphones,1,150,2022-02-13,"365 Forest St, Boston, MA 02215",Auriculares
Wired Headphones,1,11.99,2022-02-25,"185 5th St, San Francisco, CA 94016",Auriculares
AA Batteries (4-pack),3,3.84,2022-02-21,"791 Jackson St, Austin, TX 73301",Pilas
Apple Airpods Headphones,1,150,2022-02-21,"679 Main St, Boston, MA 02215",Auriculares
Bose SoundSport Headphones,1,99.99,2022-02-24,"196 Ridge St, New York City, NY 10001",Auriculares
iPhone,1,700,2022-02-15,"807 Center St, Los Angeles, CA 90001",Teléfonos
AAA Batteries (4-pack),2,2.99,2022-02-26,"471 2nd St, Seattle, WA 98101",Pilas
AAA Batteries (4-pack),1,2.99,2022-02-15,"998 Madison St, Boston, MA 02215",Pilas
Lightning Charging Cable,1,14.95,2022-02-17,"343 Center St, New York City, NY 10001",Cargadores
Lightning Charging Cable,2,14.95,2022-02-18,"617 Cedar St, San Francisco, CA 94016",Cargadores
27in 4K Gaming Monitor,1,389.99,2022-02-28,"177 Center St, Los Angeles, CA 90001",Monitores
Wired Headphones,1,11.99,2022-02-14,"317 Jackson St, Seattle, WA 98101",Auriculares
iPhone,1,700,2022-02-16,"269 Willow St, Seattle, WA 98101",Teléfonos
Apple Airpods Headphones,1,150,2022-02-16,"269 Willow St, Seattle, WA 98101",Auriculares
27in 4K Gaming Monitor,1,389.99,2022-02-27,"966 Maple St, San Francisco, CA 94016",Monitores
AA Batteries (4-pack),3,3.84,2022-02-24,"440 Washington St, Boston, MA 02215",Pilas
Vareebadd Phone,1,400,2022-02-17,"90 North St, Atlanta, GA 30301",Teléfonos
AA Batteries (4-pack),1,3.84,2022-02-17,"806 8th St, Los Angeles, CA 90001",Pilas
AA Batteries (4-pack),1,3.84,2022-02-13,"694 Madison St, Portland, OR 97035",Pilas
Lightning Charging Cable,1,14.95,2022-02-26,"610 Wilson St, Los Angeles, CA 90001",Cargadores
USB-C Charging Cable,1,11.95,2022-02-14,"42 Spruce St, Los Angeles, CA 90001",Cargadores
27in FHD Monitor,1,149.99,2022-02-20,"483 West St, Portland, OR 97035",Monitores
AA Batteries (4-pack),1,3.84,2022-02-27,"508 Jefferson St, New York City, NY 10001",Pilas
Apple Airpods Headphones,1,150,2022-02-18,"943 Sunset St, San Francisco, CA 94016",Auriculares
Lightning Charging Cable,1,14.95,2022-02-28,"778 Center St, San Francisco, CA 94016",Cargadores
Flatscreen TV,1,300,2022-02-28,"925 Forest St, Atlanta, GA 30301",Televisores
Bose SoundSport Headphones,1,99.99,2022-02-21,"146 Washington St, Boston, MA 02215",Auriculares
Bose SoundSport Headphones,1,99.99,2022-02-18,"540 Maple St, Austin, TX 73301",Auriculares
Wired Headphones,1,11.99,2022-02-23,"397 4th St, Portland, ME 04101",Auriculares
Google Phone,1,600,2022-02-18,"94 Cherry St, San Francisco, CA 94016",Teléfonos
Apple Airpods Headphones,1,150,2022-02-26,"332 8th St, New York City, NY 10001",Auriculares
USB-C Charging Cable,1,11.95,2022-02-28,"567 Highland St, Atlanta, GA 30301",Cargadores
Wired Headphones,1,11.99,2022-02-27,"13 Forest St, Seattle, WA 98101",Auriculares
Wired Headphones,1,11.99,2022-02-21,"526 Ridge St, New York City, NY 10001",Auriculares
Wired Headphones,1,11.99,2022-02-20,"348 Forest St, San Francisco, CA 94016",Auriculares
AA Batteries (4-pack),1,3.84,2022-02-16,"346 11th St, San Francisco, CA 94016",Pilas
iPhone,1,700,2022-02-24,"483 Hill St, Los Angeles, CA 90001",Teléfonos
Lightning Charging Cable,1,14.95,2022-02-24,"483 Hill St, Los Angeles, CA 90001",Cargadores
Wired Headphones,1,11.99,2022-02-26,"806 Spruce St, New York City, NY 10001",Auriculares
Lightning Charging Cable,1,14.95,2022-02-24,"52 Church St, Austin, TX 73301",Cargadores
USB-C Charging Cable,1,11.95,2022-02-15,"77 Sunset St, New York City, NY 10001",Cargadores
USB-C Charging Cable,1,11.95,2022-02-24,"553 11th St, Boston, MA 02215",Cargadores
20in Monitor,1,109.99,2022-02-28,"116 6th St, Austin, TX 73301",Monitores
AAA Batteries (4-pack),2,2.99,2022-02-27,"572 8th St, Boston, MA 02215",Pilas
USB-C Charging Cable,1,11.95,2022-02-27,"679 Hickory St, Los Angeles, CA 90001",Cargadores
Apple Airpods Headphones,1,150,2022-02-18,"192 Park St, Los Angeles, CA 90001",Auriculares
USB-C Charging Cable,1,11.95,2022-02-26,"815 14th St, San Francisco, CA 94016",Cargadores
USB-C Charging Cable,2,11.95,2022-02-16,"690 9th St, Austin, TX 73301",Cargadores
Lightning Charging Cable,1,14.95,2022-02-18,"639 12th St, Portland, ME 04101",Cargadores
AA Batteries (4-pack),1,3.84,2022-02-15,"257 11th St, New York City, NY 10001",Pilas
AAA Batteries (4-pack),3,2.99,2022-02-22,"794 Walnut St, San Francisco, CA 94016",Pilas
27in FHD Monitor,1,149.99,2022-02-24,"341 Sunset St, New York City, NY 10001",Monitores
USB-C Charging Cable,1,11.95,2022-02-14,"558 2nd St, San Francisco, CA 94016",Cargadores
Apple Airpods Headphones,1,150,2022-02-28,"18 Dogwood St, San Francisco, CA 94016",Auriculares
27in 4K Gaming Monitor,1,389.99,2022-02-22,"837 Center St, Los Angeles, CA 90001",Monitores
Flatscreen TV,1,300,2022-02-27,"411 Sunset St, San Francisco, CA 94016",Televisores
27in FHD Monitor,1,149.99,2022-02-14,"426 Sunset St, Portland, OR 97035",Monitores
27in FHD Monitor,1,149.99,2022-02-14,"143 Willow St, New York City, NY 10001",Monitores
AAA Batteries (4-pack),1,2.99,2022-02-13,"189 Lincoln St, Boston, MA 02215",Pilas
20in Monitor,1,109.99,2022-02-17,"332 Elm St, San Francisco, CA 94016",Monitores
Apple Airpods Headphones,1,150,2022-02-24,"421 Sunset St, Boston, MA 02215",Auriculares
USB-C Charging Cable,1,11.95,2022-02-19,"726 Maple St, Austin, TX 73301",Cargadores
Wired Headphones,1,11.99,2022-02-20,"401 13th St, Boston, MA 02215",Auriculares
AA Batteries (4-pack),1,3.84,2022-02-15,"419 Cedar St, San Francisco, CA 94016",Pilas
AAA Batteries (4-pack),2,2.99,2022-02-22,"518 9th St, Seattle, WA 98101",Pilas
AAA Batteries (4-pack),4,2.99,2022-02-14,"929 Dogwood St, Seattle, WA 98101",Pilas
27in 4K Gaming Monitor,1,389.99,2022-02-18,"790 Jefferson St, New York City, NY 10001",Monitores
Wired Headphones,1,11.99,2022-02-28,"772 Maple St, San Francisco, CA 94016",Auriculares
Wired Headphones,1,11.99,2022-02-24,"649 Meadow St, San Francisco, CA 94016",Auriculares
AA Batteries (4-pack),2,3.84,2022-02-26,"634 River St, San Francisco, CA 94016",Pilas
Wired Headphones,1,11.99,2022-02-27,"856 Chestnut St, Boston, MA 02215",Auriculares
Google Phone,1,600,2022-02-26,"161 12th St, San Francisco, CA 94016",Teléfonos
Bose SoundSport Headphones,1,99.99,2022-02-15,"620 Ridge St, San Francisco, CA 94016",Auriculares
USB-C Charging Cable,1,11.95,2022-02-16,"475 Elm St, Boston, MA 02215",Cargadores
AA Batteries (4-pack),1,3.84,2022-02-19,"358 6th St, Los Angeles, CA 90001",Pilas
Apple Airpods Headphones,1,150,2022-02-25,"65 14th St, Boston, MA 02215",Auriculares
AA Batteries (4-pack),2,3.84,2022-02-25,"261 North St, Portland, OR 97035",Pilas
Apple Airpods Headphones,1,150,2022-02-19,"75 7th St, Boston, MA 02215",Auriculares
Vareebadd Phone,1,400,2022-02-21,"291 10th St, Los Angeles, CA 90001",Teléfonos
Wired Headphones,1,11.99,2022-02-25,"718 Center St, Seattle, WA 98101",Auriculares
Lightning Charging Cable,1,14.95,2022-02-14,"33 8th St, Atlanta, GA 30301",Cargadores
27in FHD Monitor,1,149.99,2022-02-24,"617 North St, San Francisco, CA 94016",Monitores
AAA Batteries (4-pack),2,2.99,2022-02-22,"392 Washington St, Los Angeles, CA 90001",Pilas
iPhone,1,700,2022-02-25,"536 Washington St, Seattle, WA 98101",Teléfonos
AAA Batteries (4-pack),2,2.99,2022-02-24,"656 Sunset St, San Francisco, CA 94016",Pilas
Flatscreen TV,1,300,2022-02-24,"546 1st St, Dallas, TX 75001",Televisores
Lightning Charging Cable,1,14.95,2022-02-24,"315 Adams St, San Francisco, CA 94016",Cargadores
AA Batteries (4-pack),1,3.84,2022-02-15,"566 South St, Boston, MA 02215",Pilas
Macbook Pro Laptop,1,1700,2022-02-17,"484 Pine St, Dallas, TX 75001",Portátiles
AAA Batteries (4-pack),3,2.99,2022-02-18,"602 Sunset St, San Francisco, CA 94016",Pilas
Bose SoundSport Headphones,1,99.99,2022-02-28,"701 Hill St, Dallas, TX 75001",Auriculares
USB-C Charging Cable,1,11.95,2022-02-27,"815 4th St, Atlanta, GA 30301",Cargadores
Bose SoundSport Headphones,1,99.99,2022-02-17,"737 Maple St, San Francisco, CA 94016",Auriculares
AA Batteries (4-pack),2,3.84,2022-02-19,"417 Main St, Los Angeles, CA 90001",Pilas
USB-C Charging Cable,1,11.95,2022-02-25,"564 Dogwood St, New York City, NY 10001",Cargadores
27in FHD Monitor,1,149.99,2022-02-22,"742 Sunset St, Los Angeles, CA 90001",Monitores
AAA Batteries (4-pack),1,2.99,2022-02-13,"520 Center St, Austin, TX 73301",Pilas
Macbook Pro Laptop,1,1700,2022-02-28,"442 West St, Atlanta, GA 30301",Portátiles
20in Monitor,1,109.99,2022-02-24,"215 North St, Boston, MA 02215",Monitores
AAA Batteries (4-pack),1,2.99,2022-02-22,"381 9th St, Los Angeles, CA 90001",Pilas
Wired Headphones,1,11.99,2022-02-25,"481 2nd St, New York City, NY 10001",Auriculares
AAA Batteries (4-pack),2,2.99,2022-02-13,"455 Dogwood St, Austin, TX 73301",Pilas
27in FHD Monitor,1,149.99,2022-02-21,"545 Washington St, New York City, NY 10001",Monitores
LG Dryer,1,600.0,2022-02-21,"545 Washington St, New York City, NY 10001",Electrodomésticos
Google Phone,1,600,2022-02-21,"676 11th St, San Francisco, CA 94016",Teléfonos
iPhone,1,700,2022-02-24,"770 Johnson St, Los Angeles, CA 90001",Teléfonos
Wired Headphones,1,11.99,2022-02-20,"922 11th St, Seattle, WA 98101",Auriculares
Wired Headphones,1,11.99,2022-02-13,"786 8th St, Atlanta, GA 30301",Auriculares
AAA Batteries (4-pack),2,2.99,2022-02-28,"422 Cedar St, New York City, NY 10001",Pilas
27in FHD Monitor,1,149.99,2022-02-26,"820 Willow St, New York City, NY 10001",Monitores
USB-C Charging Cable,2,11.95,2022-02-15,"15 10th St, San Francisco, CA 94016",Cargadores
AA Batteries (4-pack),1,3.84,2022-02-13,"143 Sunset St, Boston, MA 02215",Pilas
Lightning Charging Cable,1,14.95,2022-02-14,"119 11th St, New York City, NY 10001",Cargadores
AAA Batteries (4-pack),1,2.99,2022-02-17,"754 4th St, Boston, MA 02215",Pilas
iPhone,1,700,2022-02-13,"708 Highland St, Boston, MA 02215",Teléfonos
Lightning Charging Cable,1,14.95,2022-02-13,"708 Highland St, Boston, MA 02215",Cargadores
AAA Batteries (4-pack),1,2.99,2022-02-16,"893 Meadow St, Dallas, TX 75001",Pilas
AAA Batteries (4-pack),1,2.99,2022-02-22,"441 Elm St, Los Angeles, CA 90001",Pilas
Lightning Charging Cable,1,14.95,2022-02-15,"349 11th St, Dallas, TX 75001",Cargadores
Apple Airpods Headphones,1,150,2022-02-17,"496 Main St, San Francisco, CA 94016",Auriculares
Bose SoundSport Headphones,1,99.99,2022-02-16,"210 Center St, Los Angeles, CA 90001",Auriculares
USB-C Charging Cable,2,11.95,2022-02-16,"423 9th St, Dallas, TX 75001",Cargadores
Wired Headphones,1,11.99,2022-02-23,"713 8th St, Boston, MA 02215",Auriculares
Apple Airpods Headphones,1,150,2022-02-20,"363 Cherry St, Boston, MA 02215",Auriculares
27in FHD Monitor,1,149.99,2022-02-23,"151 6th St, Atlanta, GA 30301",Monitores
Apple Airpods Headphones,1,150,2022-02-23,"287 Main St, Boston, MA 02215",Auriculares
Wired Headphones,1,11.99,2022-02-19,"917 River St, Boston, MA 02215",Auriculares
Lightning Charging Cable,1,14.95,2022-02-25,"348 Jefferson St, Boston, MA 02215",Cargadores
USB-C Charging Cable,1,11.95,2022-02-16,"868 6th St, Dallas, TX 75001",Cargadores
Flatscreen TV,1,300,2022-02-17,"464 Church St, Portland, OR 97035",Televisores
Wired Headphones,1,11.99,2022-02-13,"474 2nd St, Atlanta, GA 30301",Auriculares
iPhone,1,700,2022-02-24,"814 Pine St, Seattle, WA 98101",Teléfonos
USB-C Charging Cable,1,11.95,2022-02-24,"7 Pine St, San Francisco, CA 94016",Cargadores
Apple Airpods Headphones,1,150,2022-02-22,"174 Washington St, Austin, TX 73301",Auriculares
Lightning Charging Cable,1,14.95,2022-02-28,"762 Pine St, Austin, TX 73301",Cargadores
Wired Headphones,1,11.99,2022-02-13,"80 Pine St, Dallas, TX 75001",Auriculares
Bose SoundSport Headphones,1,99.99,2022-02-17,"405 Elm St, Atlanta, GA 30301",Auriculares
Bose SoundSport Headphones,1,99.99,2022-02-13,"339 Adams St, Portland, OR 97035",Auriculares
Apple Airpods Headphones,1,150,2022-02-18,"229 Madison St, Dallas, TX 75001",Auriculares
27in 4K Gaming Monitor,1,389.99,2022-02-26,"274 Cherry St, Boston, MA 02215",Monitores
Wired Headphones,1,11.99,2022-02-28,"982 Johnson St, San Francisco, CA 94016",Auriculares
AA Batteries (4-pack),1,3.84,2022-02-23,"245 4th St, Atlanta, GA 30301",Pilas
Apple Airpods Headphones,1,150,2022-02-16,"364 7th St, San Francisco, CA 94016",Auriculares
27in FHD Monitor,1,149.99,2022-02-25,"470 12th St, Boston, MA 02215",Monitores
Flatscreen TV,1,300,2022-02-14,"380 Hickory St, New York City, NY 10001",Televisores
Wired Headphones,1,11.99,2022-02-27,"590 Elm St, Portland, OR 97035",Auriculares
Apple Airpods Headphones,1,150,2022-02-27,"563 Walnut St, Boston, MA 02215",Auriculares
AA Batteries (4-pack),1,3.84,2022-02-26,"51 12th St, Dallas, TX 75001",Pilas
Wired Headphones,1,11.99,2022-02-21,"323 West St, Portland, OR 97035",Auriculares
ThinkPad Laptop,1,999.99,2022-02-20,"391 4th St, Dallas, TX 75001",Portátiles
Lightning Charging Cable,1,14.95,2022-02-18,"508 Forest St, Los Angeles, CA 90001",Cargadores
27in FHD Monitor,1,149.99,2022-02-24,"684 Dogwood St, San Francisco, CA 94016",Monitores
20in Monitor,1,109.99,2022-02-24,"684 Dogwood St, San Francisco, CA 94016",Monitores
34in Ultrawide Monitor,1,379.99,2022-02-24,"229 Church St, Los Angeles, CA 90001",Monitores
USB-C Charging Cable,1,11.95,2022-02-22,"852 Forest St, Boston, MA 02215",Cargadores
iPhone,1,700,2022-02-16,"637 Chestnut St, San Francisco, CA 94016",Teléfonos
Apple Airpods Headphones,1,150,2022-02-16,"330 West St, Boston, MA 02215",Auriculares
AAA Batteries (4-pack),1,2.99,2022-02-27,"587 11th St, Los Angeles, CA 90001",Pilas
Google Phone,1,600,2022-02-23,"63 Highland St, Los Angeles, CA 90001",Teléfonos
Vareebadd Phone,1,400,2022-02-18,"491 Cherry St, Los Angeles, CA 90001",Teléfonos
Bose SoundSport Headphones,1,99.99,2022-02-15,"25 North St, San Francisco, CA 94016",Auriculares
AA Batteries (4-pack),1,3.84,2022-02-24,"137 6th St, Los Angeles, CA 90001",Pilas
USB-C Charging Cable,1,11.95,2022-02-20,"672 Chestnut St, Atlanta, GA 30301",Cargadores
Wired Headphones,1,11.99,2022-02-21,"372 Adams St, Austin, TX 73301",Auriculares
AA Batteries (4-pack),1,3.84,2022-02-15,"128 Meadow St, Atlanta, GA 30301",Pilas
Wired Headphones,1,11.99,2022-02-25,"149 Cedar St, Austin, TX 73301",Auriculares
USB-C Charging Cable,1,11.95,2022-02-16,"737 Cherry St, San Francisco, CA 94016",Cargadores
27in FHD Monitor,1,149.99,2022-02-18,"102 Sunset St, Dallas, TX 75001",Monitores
AAA Batteries (4-pack),2,2.99,2022-02-13,"372 Church St, Portland, OR 97035",Pilas
Lightning Charging Cable,1,14.95,2022-02-24,"793 Lakeview St, San Francisco, CA 94016",Cargadores
USB-C Charging Cable,1,11.95,2022-02-18,"192 10th St, San Francisco, CA 94016",Cargadores
Wired Headphones,1,11.99,2022-02-14,"429 Hickory St, New York City, NY 10001",Auriculares
ThinkPad Laptop,1,999.99,2022-02-19,"61 5th St, Boston, MA 02215",Portátiles
AAA Batteries (4-pack),1,2.99,2022-02-28,"426 Adams St, Boston, MA 02215",Pilas
AAA Batteries (4-pack),1,2.99,2022-02-26,"848 Park St, Seattle, WA 98101",Pilas
iPhone,1,700,2022-02-27,"739 10th St, Boston, MA 02215",Teléfonos
AAA Batteries (4-pack),3,2.99,2022-02-19,"625 Ridge St, Seattle, WA 98101",Pilas
Bose SoundSport Headphones,1,99.99,2022-02-20,"644 Wilson St, San Francisco, CA 94016",Auriculares
iPhone,1,700,2022-02-22,"349 Hill St, New York City, NY 10001",Teléfonos
Lightning Charging Cable,1,14.95,2022-02-18,"234 North St, San Francisco, CA 94016",Cargadores
Lightning Charging Cable,1,14.95,2022-02-28,"459 Park St, Los Angeles, CA 90001",Cargadores
Bose SoundSport Headphones,1,99.99,2022-02-18,"317 Willow St, Dallas, TX 75001",Auriculares
ThinkPad Laptop,1,999.99,2022-02-28,"61 Lakeview St, Los Angeles, CA 90001",Portátiles
Lightning Charging Cable,1,14.95,2022-02-16,"416 North St, Boston, MA 02215",Cargadores
AA Batteries (4-pack),2,3.84,2022-02-14,"293 Jefferson St, Seattle, WA 98101",Pilas
USB-C Charging Cable,1,11.95,2022-02-16,"80 11th St, Los Angeles, CA 90001",Cargadores
Wired Headphones,1,11.99,2022-02-21,"393 Sunset St, San Francisco, CA 94016",Auriculares
Apple Airpods Headphones,1,150,2022-02-23,"916 North St, Dallas, TX 75001",Auriculares
Wired Headphones,1,11.99,2022-02-17,"661 Maple St, Boston, MA 02215",Auriculares
USB-C Charging Cable,1,11.95,2022-02-15,"295 10th St, Dallas, TX 75001",Cargadores
USB-C Charging Cable,1,11.95,2022-02-25,"950 10th St, San Francisco, CA 94016",Cargadores
USB-C Charging Cable,1,11.95,2022-02-22,"226 Sunset St, Boston, MA 02215",Cargadores
Lightning Charging Cable,2,14.95,2022-02-26,"421 Church St, Los Angeles, CA 90001",Cargadores
USB-C Charging Cable,1,11.95,2022-02-20,"130 Cedar St, Atlanta, GA 30301",Cargadores
AA Batteries (4-pack),1,3.84,2022-02-28,"300 Jefferson St, San Francisco, CA 94016",Pilas
Flatscreen TV,1,300,2022-02-23,"173 Adams St, San Francisco, CA 94016",Televisores
ThinkPad Laptop,1,999.99,2022-02-25,"69 Sunset St, Los Angeles, CA 90001",Portátiles
iPhone,1,700,2022-02-21,"432 Cherry St, Portland, ME 04101",Teléfonos
iPhone,1,700,2022-02-16,"569 Maple St, San Francisco, CA 94016",Teléfonos
20in Monitor,1,109.99,2022-02-26,"690 Johnson St, Los Angeles, CA 90001",Monitores
Lightning Charging Cable,1,14.95,2022-02-25,"301 Hickory St, San Francisco, CA 94016",Cargadores
Bose SoundSport Headphones,1,99.99,2022-02-21,"396 Dogwood St, San Francisco, CA 94016",Auriculares
AAA Batteries (4-pack),1,2.99,2022-02-28,"860 Maple St, New York City, NY 10001",Pilas
AAA Batteries (4-pack),3,2.99,2022-02-24,"464 Lake St, Austin, TX 73301",Pilas
Vareebadd Phone,1,400,2022-02-16,"62 2nd St, Los Angeles, CA 90001",Teléfonos
Macbook Pro Laptop,1,1700,2022-02-18,"326 Spruce St, Seattle, WA 98101",Portátiles
34in Ultrawide Monitor,1,379.99,2022-02-17,"501 Sunset St, New York City, NY 10001",Monitores
Wired Headphones,1,11.99,2022-02-21,"424 Willow St, Atlanta, GA 30301",Auriculares
AAA Batteries (4-pack),1,2.99,2022-02-13,"977 2nd St, Los Angeles, CA 90001",Pilas
Bose SoundSport Headphones,1,99.99,2022-02-25,"717 Chestnut St, Atlanta, GA 30301",Auriculares
USB-C Charging Cable,1,11.95,2022-02-13,"591 Wilson St, Atlanta, GA 30301",Cargadores
AA Batteries (4-pack),1,3.84,2022-02-13,"10 Spruce St, Los Angeles, CA 90001",Pilas
USB-C Charging Cable,1,11.95,2022-02-21,"124 6th St, San Francisco, CA 94016",Cargadores
USB-C Charging Cable,1,11.95,2022-02-13,"382 Spruce St, New York City, NY 10001",Cargadores
Apple Airpods Headphones,1,150,2022-02-24,"237 Elm St, San Francisco, CA 94016",Auriculares
AA Batteries (4-pack),2,3.84,2022-02-22,"842 Madison St, San Francisco, CA 94016",Pilas
Wired Headphones,1,11.99,2022-02-28,"668 Maple St, Seattle, WA 98101",Auriculares
Lightning Charging Cable,1,14.95,2022-02-21,"4 North St, Boston, MA 02215",Cargadores
Wired Headphones,2,11.99,2022-02-21,"4 North St, Boston, MA 02215",Auriculares
ThinkPad Laptop,1,999.99,2022-02-21,"604 West St, Los Angeles, CA 90001",Portátiles
AA Batteries (4-pack),1,3.84,2022-02-17,"860 10th St, Los Angeles, CA 90001",Pilas
Google Phone,1,600,2022-02-16,"304 West St, Atlanta, GA 30301",Teléfonos
Lightning Charging Cable,1,14.95,2022-02-18,"547 Main St, San Francisco, CA 94016",Cargadores
Apple Airpods Headphones,1,150,2022-02-18,"636 Main St, San Francisco, CA 94016",Auriculares
USB-C Charging Cable,1,11.95,2022-02-20,"896 Hill St, Austin, TX 73301",Cargadores
27in FHD Monitor,1,149.99,2022-02-27,"326 13th St, San Francisco, CA 94016",Monitores
USB-C Charging Cable,1,11.95,2022-02-24,"421 Lakeview St, Los Angeles, CA 90001",Cargadores
AAA Batteries (4-pack),1,2.99,2022-02-18,"790 Wilson St, San Francisco, CA 94016",Pilas
Lightning Charging Cable,1,14.95,2022-02-26,"948 Highland St, Los Angeles, CA 90001",Cargadores
AAA Batteries (4-pack),1,2.99,2022-02-22,"943 Willow St, San Francisco, CA 94016",Pilas
Lightning Charging Cable,1,14.95,2022-02-22,"426 5th St, Seattle, WA 98101",Cargadores
Lightning Charging Cable,1,14.95,2022-02-16,"421 West St, Los Angeles, CA 90001",Cargadores
Bose SoundSport Headphones,1,99.99,2022-02-16,"591 North St, San Francisco, CA 94016",Auriculares
USB-C Charging Cable,1,11.95,2022-02-16,"750 Wilson St, Atlanta, GA 30301",Cargadores
Vareebadd Phone,1,400,2022-02-25,"27 Walnut St, Los Angeles, CA 90001",Teléfonos
Apple Airpods Headphones,1,150,2022-02-26,"969 Wilson St, Seattle, WA 98101",Auriculares
AAA Batteries (4-pack),1,2.99,2022-02-17,"988 12th St, New York City, NY 10001",Pilas
Google Phone,1,600,2022-02-28,"392 13th St, San Francisco, CA 94016",Teléfonos
34in Ultrawide Monitor,1,379.99,2022-02-27,"328 Main St, San Francisco, CA 94016",Monitores
Lightning Charging Cable,1,14.95,2022-02-13,"735 7th St, San Francisco, CA 94016",Cargadores
Apple Airpods Headphones,1,150,2022-02-15,"399 5th St, San Francisco, CA 94016",Auriculares
34in Ultrawide Monitor,1,379.99,2022-02-22,"176 12th St, Boston, MA 02215",Monitores
AAA Batteries (4-pack),1,2.99,2022-02-27,"921 6th St, Austin, TX 73301",Pilas
27in 4K Gaming Monitor,1,389.99,2022-02-18,"473 Johnson St, Atlanta, GA 30301",Monitores
Lightning Charging Cable,2,14.95,2022-02-21,"637 8th St, Atlanta, GA 30301",Cargadores
USB-C Charging Cable,1,11.95,2022-02-15,"283 Walnut St, New York City, NY 10001",Cargadores
34in Ultrawide Monitor,1,379.99,2022-02-22,"118 1st St, San Francisco, CA 94016",Monitores
Lightning Charging Cable,1,14.95,2022-02-22,"113 Meadow St, Boston, MA 02215",Cargadores
Wired Headphones,1,11.99,2022-02-21,"91 Sunset St, Atlanta, GA 30301",Auriculares
27in FHD Monitor,1,149.99,2022-02-16,"812 Hickory St, San Francisco, CA 94016",Monitores
Vareebadd Phone,1,400,2022-02-14,"202 8th St, Boston, MA 02215",Teléfonos
Lightning Charging Cable,1,14.95,2022-02-21,"482 Dogwood St, San Francisco, CA 94016",Cargadores
Wired Headphones,1,11.99,2022-02-26,"665 Hill St, New York City, NY 10001",Auriculares
20in Monitor,1,109.99,2022-02-22,"729 Lake St, New York City, NY 10001",Monitores
27in FHD Monitor,1,149.99,2022-02-16,"418 Ridge St, Atlanta, GA 30301",Monitores
Bose SoundSport Headphones,1,99.99,2022-02-25,"760 Washington St, Austin, TX 73301",Auriculares
Lightning Charging Cable,1,14.95,2022-02-25,"375 Madison St, New York City, NY 10001",Cargadores
AA Batteries (4-pack),1,3.84,2022-02-15,"733 7th St, Boston, MA 02215",Pilas
Wired Headphones,1,11.99,2022-02-28,"386 North St, Seattle, WA 98101",Auriculares
Wired Headphones,1,11.99,2022-02-24,"364 13th St, Boston, MA 02215",Auriculares
Macbook Pro Laptop,1,1700,2022-02-17,"773 Chestnut St, Los Angeles, CA 90001",Portátiles
AAA Batteries (4-pack),1,2.99,2022-02-24,"796 12th St, Atlanta, GA 30301",Pilas
Wired Headphones,1,11.99,2022-02-24,"796 12th St, Atlanta, GA 30301",Auriculares
Flatscreen TV,1,300,2022-02-28,"492 Jefferson St, Boston, MA 02215",Televisores
Wired Headphones,2,11.99,2022-02-17,"843 Madison St, Los Angeles, CA 90001",Auriculares
34in Ultrawide Monitor,1,379.99,2022-02-25,"612 Church St, Dallas, TX 75001",Monitores
iPhone,1,700,2022-02-20,"142 Hickory St, Dallas, TX 75001",Teléfonos
Google Phone,1,600,2022-02-23,"450 Center St, New York City, NY 10001",Teléfonos
Apple Airpods Headphones,1,150,2022-02-21,"704 Main St, Los Angeles, CA 90001",Auriculares
20in Monitor,1,109.99,2022-02-19,"338 7th St, New York City, NY 10001",Monitores
AA Batteries (4-pack),1,3.84,2022-02-19,"338 7th St, New York City, NY 10001",Pilas
Bose SoundSport Headphones,1,99.99,2022-02-19,"304 Willow St, Boston, MA 02215",Auriculares
USB-C Charging Cable,1,11.95,2022-02-24,"243 Willow St, Austin, TX 73301",Cargadores
Google Phone,1,600,2022-02-19,"336 4th St, Los Angeles, CA 90001",Teléfonos
USB-C Charging Cable,1,11.95,2022-02-19,"336 4th St, Los Angeles, CA 90001",Cargadores
Bose SoundSport Headphones,1,99.99,2022-02-19,"336 4th St, Los Angeles, CA 90001",Auriculares
27in 4K Gaming Monitor,1,389.99,2022-02-15,"636 2nd St, San Francisco, CA 94016",Monitores
27in FHD Monitor,1,149.99,2022-02-20,"995 Lake St, Dallas, TX 75001",Monitores
ThinkPad Laptop,1,999.99,2022-02-26,"756 10th St, San Francisco, CA 94016",Portátiles
Bose SoundSport Headphones,1,99.99,2022-02-14,"273 Pine St, New York City, NY 10001",Auriculares
AA Batteries (4-pack),1,3.84,2022-02-23,"256 Ridge St, Boston, MA 02215",Pilas
27in FHD Monitor,1,149.99,2022-02-15,"324 Washington St, Portland, OR 97035",Monitores
34in Ultrawide Monitor,1,379.99,2022-02-25,"496 Cedar St, Dallas, TX 75001",Monitores
Wired Headphones,1,11.99,2022-02-16,"627 8th St, Atlanta, GA 30301",Auriculares
Bose SoundSport Headphones,1,99.99,2022-02-27,"42 Walnut St, San Francisco, CA 94016",Auriculares
Wired Headphones,1,11.99,2022-02-18,"623 Lakeview St, Los Angeles, CA 90001",Auriculares
USB-C Charging Cable,1,11.95,2022-02-20,"639 2nd St, New York City, NY 10001",Cargadores
27in FHD Monitor,1,149.99,2022-02-14,"308 Pine St, New York City, NY 10001",Monitores
USB-C Charging Cable,1,11.95,2022-02-13,"290 Washington St, Atlanta, GA 30301",Cargadores
AAA Batteries (4-pack),1,2.99,2022-02-27,"590 Lakeview St, Seattle, WA 98101",Pilas
Flatscreen TV,1,300,2022-02-24,"730 Chestnut St, Boston, MA 02215",Televisores
Macbook Pro Laptop,1,1700,2022-02-15,"729 Center St, New York City, NY 10001",Portátiles
27in 4K Gaming Monitor,1,389.99,2022-02-22,"592 Jackson St, San Francisco, CA 94016",Monitores
USB-C Charging Cable,1,11.95,2022-02-22,"913 Sunset St, Austin, TX 73301",Cargadores
AA Batteries (4-pack),1,3.84,2022-02-16,"922 Lakeview St, Atlanta, GA 30301",Pilas
27in FHD Monitor,1,149.99,2022-02-20,"613 Lakeview St, Los Angeles, CA 90001",Monitores
iPhone,1,700,2022-02-15,"179 Hickory St, San Francisco, CA 94016",Teléfonos
Apple Airpods Headphones,1,150,2022-02-15,"179 Hickory St, San Francisco, CA 94016",Auriculares
20in Monitor,1,109.99,2022-02-18,"426 Wilson St, Dallas, TX 75001",Monitores
Bose SoundSport Headphones,1,99.99,2022-02-19,"203 8th St, Los Angeles, CA 90001",Auriculares
Bose SoundSport Headphones,1,99.99,2022-02-15,"672 5th St, San Francisco, CA 94016",Auriculares
USB-C Charging Cable,1,11.95,2022-02-22,"605 Spruce St, New York City, NY 10001",Cargadores
USB-C Charging Cable,1,11.95,2022-02-14,"44 Elm St, New York City, NY 10001",Cargadores
Apple Airpods Headphones,1,150,2022-02-19,"299 10th St, San Francisco, CA 94016",Auriculares
AA Batteries (4-pack),2,3.84,2022-02-21,"64 Hill St, Los Angeles, CA 90001",Pilas
20in Monitor,1,109.99,2022-02-18,"428 12th St, Portland, OR 97035",Monitores
Apple Airpods Headphones,1,150,2022-02-22,"817 1st St, New York City, NY 10001",Auriculares
Lightning Charging Cable,1,14.95,2022-02-25,"854 14th St, Los Angeles, CA 90001",Cargadores
Lightning Charging Cable,2,14.95,2022-02-24,"909 Jefferson St, San Francisco, CA 94016",Cargadores
AAA Batteries (4-pack),2,2.99,2022-02-22,"851 Spruce St, Portland, OR 97035",Pilas
AAA Batteries (4-pack),2,2.99,2022-02-16,"690 2nd St, Los Angeles, CA 90001",Pilas
Wired Headphones,1,11.99,2022-02-19,"530 Highland St, Los Angeles, CA 90001",Auriculares
Apple Airpods Headphones,1,150,2022-02-23,"464 Jefferson St, New York City, NY 10001",Auriculares
AAA Batteries (4-pack),1,2.99,2022-02-28,"310 Meadow St, Los Angeles, CA 90001",Pilas
AAA Batteries (4-pack),2,2.99,2022-02-16,"599 Hickory St, Dallas, TX 75001",Pilas
Wired Headphones,1,11.99,2022-02-13,"209 Jackson St, San Francisco, CA 94016",Auriculares
AAA Batteries (4-pack),1,2.99,2022-02-16,"962 13th St, San Francisco, CA 94016",Pilas
USB-C Charging Cable,1,11.95,2022-02-24,"163 7th St, San Francisco, CA 94016",Cargadores
Bose SoundSport Headphones,1,99.99,2022-02-21,"800 7th St, New York City, NY 10001",Auriculares
USB-C Charging Cable,1,11.95,2022-02-18,"90 6th St, San Francisco, CA 94016",Cargadores
AA Batteries (4-pack),1,3.84,2022-02-24,"826 Spruce St, San Francisco, CA 94016",Pilas
Google Phone,1,600,2022-02-18,"510 Madison St, San Francisco, CA 94016",Teléfonos
Lightning Charging Cable,1,14.95,2022-02-23,"798 Forest St, New York City, NY 10001",Cargadores
AAA Batteries (4-pack),1,2.99,2022-02-14,"832 Cedar St, Los Angeles, CA 90001",Pilas
AA Batteries (4-pack),1,3.84,2022-02-17,"294 8th St, San Francisco, CA 94016",Pilas
AA Batteries (4-pack),2,3.84,2022-02-27,"541 Ridge St, Seattle, WA 98101",Pilas
Apple Airpods Headphones,1,150,2022-02-26,"511 Maple St, New York City, NY 10001",Auriculares
Wired Headphones,1,11.99,2022-02-20,"848 11th St, Boston, MA 02215",Auriculares
AAA Batteries (4-pack),1,2.99,2022-02-16,"613 13th St, Seattle, WA 98101",Pilas
iPhone,1,700,2022-02-21,"585 13th St, San Francisco, CA 94016",Teléfonos
34in Ultrawide Monitor,1,379.99,2022-02-26,"786 10th St, San Francisco, CA 94016",Monitores
AA Batteries (4-pack),1,3.84,2022-02-27,"856 10th St, Portland, ME 04101",Pilas
Google Phone,1,600,2022-02-18,"205 10th St, New York City, NY 10001",Teléfonos
ThinkPad Laptop,1,999.99,2022-02-22,"248 Jefferson St, Los Angeles, CA 90001",Portátiles
27in 4K Gaming Monitor,1,389.99,2022-02-21,"674 13th St, San Francisco, CA 94016",Monitores
USB-C Charging Cable,1,11.95,2022-02-19,"383 Willow St, Los Angeles, CA 90001",Cargadores
Google Phone,1,600,2022-02-20,"732 Elm St, Austin, TX 73301",Teléfonos
USB-C Charging Cable,1,11.95,2022-02-20,"732 Elm St, Austin, TX 73301",Cargadores
AAA Batteries (4-pack),1,2.99,2022-02-17,"506 Chestnut St, Dallas, TX 75001",Pilas
ThinkPad Laptop,1,999.99,2022-02-28,"906 Maple St, Boston, MA 02215",Portátiles
AA Batteries (4-pack),3,3.84,2022-02-24,"500 1st St, Atlanta, GA 30301",Pilas
iPhone,1,700,2022-02-27,"23 Lake St, Atlanta, GA 30301",Teléfonos
Lightning Charging Cable,1,14.95,2022-02-27,"23 Lake St, Atlanta, GA 30301",Cargadores
Lightning Charging Cable,1,14.95,2022-02-23,"210 Highland St, Los Angeles, CA 90001",Cargadores
Apple Airpods Headphones,1,150,2022-02-18,"683 River St, Seattle, WA 98101",Auriculares
AA Batteries (4-pack),1,3.84,2022-02-17,"251 Chestnut St, Portland, OR 97035",Pilas
Lightning Charging Cable,1,14.95,2022-02-16,"8 Meadow St, New York City, NY 10001",Cargadores
USB-C Charging Cable,2,11.95,2022-02-18,"213 11th St, Atlanta, GA 30301",Cargadores
Wired Headphones,1,11.99,2022-02-17,"267 6th St, San Francisco, CA 94016",Auriculares
27in FHD Monitor,1,149.99,2022-02-25,"465 Willow St, Los Angeles, CA 90001",Monitores
Bose SoundSport Headphones,1,99.99,2022-02-17,"55 8th St, New York City, NY 10001",Auriculares
Macbook Pro Laptop,1,1700,2022-02-15,"685 Forest St, Los Angeles, CA 90001",Portátiles
34in Ultrawide Monitor,1,379.99,2022-02-23,"730 Hill St, San Francisco, CA 94016",Monitores
Bose SoundSport Headphones,1,99.99,2022-02-15,"714 Hickory St, New York City, NY 10001",Auriculares
USB-C Charging Cable,1,11.95,2022-02-24,"987 Cedar St, Los Angeles, CA 90001",Cargadores
Lightning Charging Cable,1,14.95,2022-02-23,"156 Forest St, San Francisco, CA 94016",Cargadores
USB-C Charging Cable,1,11.95,2022-02-21,"933 1st St, Dallas, TX 75001",Cargadores
AA Batteries (4-pack),1,3.84,2022-02-25,"866 Jackson St, San Francisco, CA 94016",Pilas
Flatscreen TV,1,300,2022-02-24,"59 Willow St, Dallas, TX 75001",Televisores
27in 4K Gaming Monitor,1,389.99,2022-02-13,"152 Pine St, New York City, NY 10001",Monitores
AAA Batteries (4-pack),1,2.99,2022-02-14,"84 Cedar St, San Francisco, CA 94016",Pilas
Lightning Charging Cable,1,14.95,2022-02-20,"361 Cherry St, San Francisco, CA 94016",Cargadores
LG Dryer,1,600.0,2022-02-27,"547 5th St, San Francisco, CA 94016",Electrodomésticos
ThinkPad Laptop,1,999.99,2022-02-26,"547 11th St, Boston, MA 02215",Portátiles
Google Phone,1,600,2022-02-13,"725 11th St, Los Angeles, CA 90001",Teléfonos
AAA Batteries (4-pack),1,2.99,2022-02-26,"469 Willow St, San Francisco, CA 94016",Pilas
34in Ultrawide Monitor,1,379.99,2022-02-19,"347 Forest St, Boston, MA 02215",Monitores
AAA Batteries (4-pack),2,2.99,2022-02-14,"483 2nd St, Portland, OR 97035",Pilas
AA Batteries (4-pack),2,3.84,2022-02-13,"197 Sunset St, Dallas, TX 75001",Pilas
Apple Airpods Headphones,1,150,2022-02-16,"994 6th St, San Francisco, CA 94016",Auriculares
Bose SoundSport Headphones,1,99.99,2022-02-16,"285 Dogwood St, Seattle, WA 98101",Auriculares
USB-C Charging Cable,1,11.95,2022-02-15,"674 4th St, Los Angeles, CA 90001",Cargadores
Lightning Charging Cable,1,14.95,2022-02-21,"983 Walnut St, Los Angeles, CA 90001",Cargadores
Macbook Pro Laptop,1,1700,2022-02-25,"231 North St, San Francisco, CA 94016",Portátiles
Lightning Charging Cable,1,14.95,2022-02-21,"424 Sunset St, San Francisco, CA 94016",Cargadores
USB-C Charging Cable,1,11.95,2022-02-22,"363 Lake St, San Francisco, CA 94016",Cargadores
Bose SoundSport Headphones,1,99.99,2022-02-17,"341 6th St, San Francisco, CA 94016",Auriculares
iPhone,1,700,2022-02-17,"807 South St, Austin, TX 73301",Teléfonos
Lightning Charging Cable,1,14.95,2022-02-23,"541 West St, Dallas, TX 75001",Cargadores
20in Monitor,1,109.99,2022-02-23,"401 Forest St, Atlanta, GA 30301",Monitores
34in Ultrawide Monitor,1,379.99,2022-02-19,"505 Adams St, Portland, OR 97035",Monitores
USB-C Charging Cable,1,11.95,2022-02-15,"9 Walnut St, Boston, MA 02215",Cargadores
USB-C Charging Cable,1,11.95,2022-02-22,"305 Sunset St, Los Angeles, CA 90001",Cargadores
Wired Headphones,1,11.99,2022-02-14,"238 6th St, San Francisco, CA 94016",Auriculares
USB-C Charging Cable,2,11.95,2022-02-20,"850 Hill St, New York City, NY 10001",Cargadores
USB-C Charging Cable,1,11.95,2022-02-21,"645 Cedar St, San Francisco, CA 94016",Cargadores
Wired Headphones,1,11.99,2022-02-26,"777 Johnson St, New York City, NY 10001",Auriculares
Apple Airpods Headphones,1,150,2022-02-16,"248 12th St, Portland, OR 97035",Auriculares
Lightning Charging Cable,1,14.95,2022-02-16,"888 Adams St, Los Angeles, CA 90001",Cargadores
AAA Batteries (4-pack),1,2.99,2022-02-27,"254 Lakeview St, Los Angeles, CA 90001",Pilas
Apple Airpods Headphones,1,150,2022-02-18,"533 10th St, Seattle, WA 98101",Auriculares
20in Monitor,1,109.99,2022-02-24,"743 Lake St, Boston, MA 02215",Monitores
Lightning Charging Cable,1,14.95,2022-02-20,"843 Dogwood St, Dallas, TX 75001",Cargadores
iPhone,1,700,2022-02-22,"501 12th St, Los Angeles, CA 90001",Teléfonos
Lightning Charging Cable,1,14.95,2022-02-25,"759 Cherry St, San Francisco, CA 94016",Cargadores
iPhone,1,700,2022-02-20,"131 Lincoln St, Boston, MA 02215",Teléfonos
AA Batteries (4-pack),2,3.84,2022-02-18,"22 7th St, Portland, OR 97035",Pilas
Wired Headphones,1,11.99,2022-02-25,"220 14th St, Austin, TX 73301",Auriculares
AA Batteries (4-pack),1,3.84,2022-02-26,"919 2nd St, Boston, MA 02215",Pilas
Lightning Charging Cable,1,14.95,2022-02-25,"942 West St, Seattle, WA 98101",Cargadores
AAA Batteries (4-pack),1,2.99,2022-02-26,"683 9th St, Los Angeles, CA 90001",Pilas
27in 4K Gaming Monitor,1,389.99,2022-02-26,"559 Center St, San Francisco, CA 94016",Monitores
Bose SoundSport Headphones,1,99.99,2022-02-23,"774 Maple St, Portland, OR 97035",Auriculares
USB-C Charging Cable,1,11.95,2022-02-22,"851 Jackson St, Seattle, WA 98101",Cargadores
Wired Headphones,1,11.99,2022-02-14,"786 8th St, Boston, MA 02215",Auriculares
AAA Batteries (4-pack),1,2.99,2022-02-20,"346 Washington St, Los Angeles, CA 90001",Pilas
Apple Airpods Headphones,1,150,2022-02-19,"430 Center St, Austin, TX 73301",Auriculares
Lightning Charging Cable,1,14.95,2022-02-20,"977 Pine St, Austin, TX 73301",Cargadores
Lightning Charging Cable,1,14.95,2022-02-24,"564 South St, Seattle, WA 98101",Cargadores
Apple Airpods Headphones,1,150,2022-02-26,"852 Sunset St, Portland, OR 97035",Auriculares
20in Monitor,1,109.99,2022-02-26,"852 Sunset St, Portland, OR 97035",Monitores
Vareebadd Phone,1,400,2022-02-24,"23 Jackson St, Los Angeles, CA 90001",Teléfonos
USB-C Charging Cable,2,11.95,2022-02-24,"23 Jackson St, Los Angeles, CA 90001",Cargadores
34in Ultrawide Monitor,1,379.99,2022-02-17,"513 1st St, Los Angeles, CA 90001",Monitores
Wired Headphones,1,11.99,2022-02-17,"647 7th St, San Francisco, CA 94016",Auriculares
ThinkPad Laptop,1,999.99,2022-02-25,"127 Adams St, New York City, NY 10001",Portátiles
Macbook Pro Laptop,1,1700,2022-02-27,"265 7th St, Boston, MA 02215",Portátiles
Google Phone,1,600,2022-02-15,"807 Church St, San Francisco, CA 94016",Teléfonos
USB-C Charging Cable,1,11.95,2022-02-15,"807 Church St, San Francisco, CA 94016",Cargadores
Bose SoundSport Headphones,1,99.99,2022-02-22,"399 Willow St, Austin, TX 73301",Auriculares
USB-C Charging Cable,1,11.95,2022-02-13,"712 12th St, Dallas, TX 75001",Cargadores
Wired Headphones,1,11.99,2022-02-15,"982 Willow St, New York City, NY 10001",Auriculares
27in 4K Gaming Monitor,1,389.99,2022-02-21,"849 Dogwood St, Atlanta, GA 30301",Monitores
AAA Batteries (4-pack),3,2.99,2022-02-24,"539 Maple St, San Francisco, CA 94016",Pilas
Bose SoundSport Headphones,1,99.99,2022-02-28,"808 1st St, New York City, NY 10001",Auriculares
AAA Batteries (4-pack),1,2.99,2022-02-18,"523 Sunset St, Austin, TX 73301",Pilas
USB-C Charging Cable,1,11.95,2022-02-22,"340 River St, Los Angeles, CA 90001",Cargadores
Wired Headphones,1,11.99,2022-02-15,"586 Wilson St, Boston, MA 02215",Auriculares
AAA Batteries (4-pack),3,2.99,2022-02-13,"530 Jackson St, Dallas, TX 75001",Pilas
Apple Airpods Headphones,1,150,2022-02-27,"90 Cedar St, Portland, ME 04101",Auriculares
Lightning Charging Cable,1,14.95,2022-02-22,"780 10th St, Dallas, TX 75001",Cargadores
AA Batteries (4-pack),2,3.84,2022-02-14,"684 Cedar St, Boston, MA 02215",Pilas
Apple Airpods Headphones,1,150,2022-02-14,"181 Lincoln St, San Francisco, CA 94016",Auriculares
Apple Airpods Headphones,1,150,2022-02-24,"267 Lakeview St, Dallas, TX 75001",Auriculares
AA Batteries (4-pack),1,3.84,2022-02-17,"277 4th St, San Francisco, CA 94016",Pilas
USB-C Charging Cable,1,11.95,2022-02-17,"966 Ridge St, San Francisco, CA 94016",Cargadores
34in Ultrawide Monitor,1,379.99,2022-02-23,"906 Johnson St, Portland, ME 04101",Monitores
Lightning Charging Cable,1,14.95,2022-02-25,"87 Maple St, New York City, NY 10001",Cargadores
Wired Headphones,1,11.99,2022-02-16,"898 Chestnut St, San Francisco, CA 94016",Auriculares
USB-C Charging Cable,1,11.95,2022-02-20,"958 14th St, Seattle, WA 98101",Cargadores
AAA Batteries (4-pack),1,2.99,2022-02-24,"652 13th St, Boston, MA 02215",Pilas
27in FHD Monitor,1,149.99,2022-02-22,"404 13th St, Seattle, WA 98101",Monitores
Apple Airpods Headphones,1,150,2022-02-20,"405 13th St, Dallas, TX 75001",Auriculares
iPhone,1,700,2022-02-20,"405 13th St, Dallas, TX 75001",Teléfonos
34in Ultrawide Monitor,1,379.99,2022-02-23,"495 Hickory St, Atlanta, GA 30301",Monitores
USB-C Charging Cable,1,11.95,2022-02-15,"475 Pine St, Los Angeles, CA 90001",Cargadores
27in 4K Gaming Monitor,1,389.99,2022-02-17,"961 Adams St, New York City, NY 10001",Monitores
AAA Batteries (4-pack),1,2.99,2022-02-16,"544 Sunset St, San Francisco, CA 94016",Pilas
AA Batteries (4-pack),1,3.84,2022-02-13,"531 Jefferson St, San Francisco, CA 94016",Pilas
AA Batteries (4-pack),1,3.84,2022-02-25,"896 Lincoln St, Los Angeles, CA 90001",Pilas
AAA Batteries (4-pack),2,2.99,2022-02-28,"206 Sunset St, Atlanta, GA 30301",Pilas
Apple Airpods Headphones,1,150,2022-02-16,"442 Forest St, San Francisco, CA 94016",Auriculares
Wired Headphones,1,11.99,2022-02-28,"241 Lake St, Boston, MA 02215",Auriculares
AA Batteries (4-pack),1,3.84,2022-02-23,"682 2nd St, Dallas, TX 75001",Pilas
Lightning Charging Cable,1,14.95,2022-02-24,"660 Jackson St, New York City, NY 10001",Cargadores
AAA Batteries (4-pack),1,2.99,2022-02-15,"402 Meadow St, New York City, NY 10001",Pilas
USB-C Charging Cable,1,11.95,2022-02-23,"245 Willow St, Boston, MA 02215",Cargadores
Lightning Charging Cable,1,14.95,2022-02-18,"117 7th St, Los Angeles, CA 90001",Cargadores
Macbook Pro Laptop,1,1700,2022-02-22,"903 Lincoln St, San Francisco, CA 94016",Portátiles
AAA Batteries (4-pack),1,2.99,2022-02-20,"4 Johnson St, San Francisco, CA 94016",Pilas
USB-C Charging Cable,1,11.95,2022-02-18,"564 North St, San Francisco, CA 94016",Cargadores
Bose SoundSport Headphones,1,99.99,2022-02-15,"255 Cedar St, New York City, NY 10001",Auriculares
Google Phone,1,600,2022-02-21,"403 Hickory St, San Francisco, CA 94016",Teléfonos
27in 4K Gaming Monitor,1,389.99,2022-02-19,"155 Wilson St, Atlanta, GA 30301",Monitores
AAA Batteries (4-pack),1,2.99,2022-02-22,"698 10th St, San Francisco, CA 94016",Pilas
AAA Batteries (4-pack),1,2.99,2022-02-26,"791 Willow St, San Francisco, CA 94016",Pilas
Wired Headphones,1,11.99,2022-02-21,"68 6th St, San Francisco, CA 94016",Auriculares
AAA Batteries (4-pack),1,2.99,2022-02-27,"242 12th St, Dallas, TX 75001",Pilas
AA Batteries (4-pack),2,3.84,2022-02-20,"858 8th St, New York City, NY 10001",Pilas
AAA Batteries (4-pack),1,2.99,2022-02-17,"218 14th St, Portland, ME 04101",Pilas
AA Batteries (4-pack),1,3.84,2022-02-23,"636 Jackson St, Austin, TX 73301",Pilas
Wired Headphones,1,11.99,2022-02-21,"92 Maple St, Boston, MA 02215",Auriculares
USB-C Charging Cable,1,11.95,2022-02-28,"376 Main St, Austin, TX 73301",Cargadores
34in Ultrawide Monitor,1,379.99,2022-02-26,"925 5th St, San Francisco, CA 94016",Monitores
USB-C Charging Cable,1,11.95,2022-02-20,"769 9th St, Dallas, TX 75001",Cargadores
27in 4K Gaming Monitor,1,389.99,2022-02-18,"695 Lakeview St, Seattle, WA 98101",Monitores
USB-C Charging Cable,1,11.95,2022-02-21,"710 Maple St, San Francisco, CA 94016",Cargadores
Lightning Charging Cable,1,14.95,2022-02-13,"129 Willow St, Seattle, WA 98101",Cargadores
Wired Headphones,1,11.99,2022-02-13,"924 5th St, Los Angeles, CA 90001",Auriculares
USB-C Charging Cable,1,11.95,2022-02-27,"234 10th St, San Francisco, CA 94016",Cargadores
Wired Headphones,2,11.99,2022-02-18,"395 Lake St, Portland, OR 97035",Auriculares
AA Batteries (4-pack),1,3.84,2022-02-17,"59 Walnut St, New York City, NY 10001",Pilas
AAA Batteries (4-pack),1,2.99,2022-02-18,"731 Lincoln St, Seattle, WA 98101",Pilas
AAA Batteries (4-pack),1,2.99,2022-02-16,"268 10th St, Los Angeles, CA 90001",Pilas
USB-C Charging Cable,1,11.95,2022-02-19,"156 Hill St, San Francisco, CA 94016",Cargadores
Bose SoundSport Headphones,1,99.99,2022-02-28,"579 Lakeview St, Boston, MA 02215",Auriculares
ThinkPad Laptop,1,999.99,2022-02-22,"266 North St, San Francisco, CA 94016",Portátiles
Flatscreen TV,1,300,2022-02-28,"216 Center St, San Francisco, CA 94016",Televisores
Bose SoundSport Headphones,1,99.99,2022-02-20,"694 Center St, Atlanta, GA 30301",Auriculares
Apple Airpods Headphones,1,150,2022-02-18,"676 Pine St, Los Angeles, CA 90001",Auriculares
Macbook Pro Laptop,1,1700,2022-02-16,"51 Highland St, San Francisco, CA 94016",Portátiles
Bose SoundSport Headphones,1,99.99,2022-02-28,"663 Pine St, Los Angeles, CA 90001",Auriculares
USB-C Charging Cable,1,11.95,2022-02-24,"803 11th St, Austin, TX 73301",Cargadores
27in FHD Monitor,1,149.99,2022-02-15,"976 Highland St, Los Angeles, CA 90001",Monitores
27in 4K Gaming Monitor,1,389.99,2022-02-20,"653 Hickory St, Dallas, TX 75001",Monitores
34in Ultrawide Monitor,1,379.99,2022-02-24,"498 Maple St, Portland, OR 97035",Monitores
AA Batteries (4-pack),1,3.84,2022-02-23,"982 2nd St, Seattle, WA 98101",Pilas
Apple Airpods Headphones,1,150,2022-02-26,"704 11th St, Boston, MA 02215",Auriculares
AAA Batteries (4-pack),1,2.99,2022-02-25,"64 Lake St, Seattle, WA 98101",Pilas
Bose SoundSport Headphones,1,99.99,2022-02-22,"862 Walnut St, Los Angeles, CA 90001",Auriculares
20in Monitor,1,109.99,2022-02-27,"775 Wilson St, Los Angeles, CA 90001",Monitores
Bose SoundSport Headphones,1,99.99,2022-02-19,"686 1st St, Dallas, TX 75001",Auriculares
Bose SoundSport Headphones,1,99.99,2022-02-22,"902 Cherry St, San Francisco, CA 94016",Auriculares
34in Ultrawide Monitor,1,379.99,2022-02-14,"334 Maple St, New York City, NY 10001",Monitores
Wired Headphones,1,11.99,2022-02-25,"547 Walnut St, Boston, MA 02215",Auriculares
Apple Airpods Headphones,1,150,2022-02-28,"199 Main St, San Francisco, CA 94016",Auriculares
Wired Headphones,1,11.99,2022-02-28,"324 Cherry St, Seattle, WA 98101",Auriculares
AAA Batteries (4-pack),1,2.99,2022-02-24,"399 Highland St, San Francisco, CA 94016",Pilas
27in FHD Monitor,1,149.99,2022-02-21,"27 13th St, Boston, MA 02215",Monitores
Wired Headphones,1,11.99,2022-02-22,"422 Jackson St, Los Angeles, CA 90001",Auriculares
USB-C Charging Cable,1,11.95,2022-02-18,"328 12th St, Atlanta, GA 30301",Cargadores
Apple Airpods Headphones,1,150,2022-02-28,"333 River St, Austin, TX 73301",Auriculares
AA Batteries (4-pack),1,3.84,2022-02-14,"65 Cherry St, New York City, NY 10001",Pilas
AA Batteries (4-pack),1,3.84,2022-02-16,"203 Johnson St, Dallas, TX 75001",Pilas
Wired Headphones,1,11.99,2022-02-21,"253 Willow St, Atlanta, GA 30301",Auriculares
34in Ultrawide Monitor,1,379.99,2022-02-27,"497 Highland St, Austin, TX 73301",Monitores
USB-C Charging Cable,1,11.95,2022-02-22,"298 Sunset St, Boston, MA 02215",Cargadores
USB-C Charging Cable,1,11.95,2022-02-13,"897 12th St, San Francisco, CA 94016",Cargadores
Wired Headphones,1,11.99,2022-02-22,"85 Forest St, Austin, TX 73301",Auriculares
Macbook Pro Laptop,1,1700,2022-02-18,"847 Jefferson St, Seattle, WA 98101",Portátiles
Bose SoundSport Headphones,1,99.99,2022-02-17,"44 Forest St, Boston, MA 02215",Auriculares
Lightning Charging Cable,1,14.95,2022-02-24,"109 Lakeview St, San Francisco, CA 94016",Cargadores
AAA Batteries (4-pack),1,2.99,2022-02-13,"742 West St, Seattle, WA 98101",Pilas
Lightning Charging Cable,1,14.95,2022-02-23,"749 Hickory St, San Francisco, CA 94016",Cargadores
Bose SoundSport Headphones,1,99.99,2022-02-21,"76 South St, Boston, MA 02215",Auriculares
USB-C Charging Cable,1,11.95,2022-02-16,"363 Washington St, Atlanta, GA 30301",Cargadores
Google Phone,1,600,2022-02-25,"650 Maple St, New York City, NY 10001",Teléfonos
20in Monitor,1,109.99,2022-02-28,"29 Adams St, San Francisco, CA 94016",Monitores
Apple Airpods Headphones,1,150,2022-02-22,"5 Maple St, San Francisco, CA 94016",Auriculares
Lightning Charging Cable,1,14.95,2022-02-13,"458 Adams St, Dallas, TX 75001",Cargadores
Macbook Pro Laptop,1,1700,2022-02-28,"838 Chestnut St, Dallas, TX 75001",Portátiles
27in 4K Gaming Monitor,1,389.99,2022-02-20,"563 8th St, San Francisco, CA 94016",Monitores
AAA Batteries (4-pack),1,2.99,2022-02-16,"144 Washington St, New York City, NY 10001",Pilas
Lightning Charging Cable,1,14.95,2022-02-19,"750 Main St, Seattle, WA 98101",Cargadores
Wired Headphones,1,11.99,2022-02-19,"412 Hickory St, Austin, TX 73301",Auriculares
AAA Batteries (4-pack),1,2.99,2022-02-15,"107 Wilson St, Boston, MA 02215",Pilas
Wired Headphones,1,11.99,2022-02-28,"457 Elm St, Seattle, WA 98101",Auriculares
LG Dryer,1,600.0,2022-02-19,"244 Church St, Boston, MA 02215",Electrodomésticos
Apple Airpods Headphones,1,150,2022-02-19,"959 8th St, Portland, OR 97035",Auriculares
Bose SoundSport Headphones,1,99.99,2022-02-23,"844 North St, Portland, OR 97035",Auriculares
34in Ultrawide Monitor,1,379.99,2022-02-28,"762 6th St, San Francisco, CA 94016",Monitores
Wired Headphones,1,11.99,2022-02-25,"532 South St, San Francisco, CA 94016",Auriculares
Wired Headphones,1,11.99,2022-02-21,"626 Center St, New York City, NY 10001",Auriculares
Lightning Charging Cable,1,14.95,2022-02-26,"12 Chestnut St, New York City, NY 10001",Cargadores
Bose SoundSport Headphones,1,99.99,2022-02-21,"420 Center St, San Francisco, CA 94016",Auriculares
USB-C Charging Cable,1,11.95,2022-02-13,"17 Meadow St, Los Angeles, CA 90001",Cargadores
Lightning Charging Cable,1,14.95,2022-02-13,"881 5th St, Dallas, TX 75001",Cargadores
Google Phone,1,600,2022-02-27,"885 Lake St, Boston, MA 02215",Teléfonos
Bose SoundSport Headphones,1,99.99,2022-02-17,"579 Church St, Los Angeles, CA 90001",Auriculares
LG Washing Machine,1,600.0,2022-02-28,"208 4th St, Atlanta, GA 30301",Electrodomésticos
Wired Headphones,1,11.99,2022-02-25,"136 Sunset St, San Francisco, CA 94016",Auriculares
Wired Headphones,1,11.99,2022-02-14,"799 Walnut St, San Francisco, CA 94016",Auriculares
AA Batteries (4-pack),1,3.84,2022-02-21,"206 Cedar St, San Francisco, CA 94016",Pilas
AA Batteries (4-pack),1,3.84,2022-02-28,"908 Adams St, San Francisco, CA 94016",Pilas
ThinkPad Laptop,1,999.99,2022-02-21,"847 Jefferson St, Atlanta, GA 30301",Portátiles
Lightning Charging Cable,1,14.95,2022-02-16,"578 Walnut St, Los Angeles, CA 90001",Cargadores
27in FHD Monitor,1,149.99,2022-02-18,"209 Hickory St, San Francisco, CA 94016",Monitores
20in Monitor,1,109.99,2022-02-14,"374 6th St, New York City, NY 10001",Monitores
Vareebadd Phone,1,400,2022-02-18,"548 Park St, Dallas, TX 75001",Teléfonos
Apple Airpods Headphones,1,150,2022-02-18,"548 Park St, Dallas, TX 75001",Auriculares
Lightning Charging Cable,1,14.95,2022-02-17,"175 Cherry St, Boston, MA 02215",Cargadores
Bose SoundSport Headphones,1,99.99,2022-02-14,"337 Lake St, New York City, NY 10001",Auriculares
iPhone,1,700,2022-02-21,"918 Sunset St, Boston, MA 02215",Teléfonos
Bose SoundSport Headphones,1,99.99,2022-02-14,"485 Meadow St, Atlanta, GA 30301",Auriculares
Apple Airpods Headphones,1,150,2022-02-20,"794 2nd St, Dallas, TX 75001",Auriculares
LG Washing Machine,1,600.0,2022-02-23,"131 Highland St, Boston, MA 02215",Electrodomésticos
AA Batteries (4-pack),1,3.84,2022-02-27,"524 Center St, Boston, MA 02215",Pilas
AA Batteries (4-pack),1,3.84,2022-02-22,"850 2nd St, Austin, TX 73301",Pilas
USB-C Charging Cable,1,11.95,2022-02-19,"232 Maple St, San Francisco, CA 94016",Cargadores
27in FHD Monitor,1,149.99,2022-02-21,"942 Jefferson St, New York City, NY 10001",Monitores
USB-C Charging Cable,1,11.95,2022-02-20,"835 Lake St, Austin, TX 73301",Cargadores
34in Ultrawide Monitor,1,379.99,2022-02-21,"415 12th St, New York City, NY 10001",Monitores
AAA Batteries (4-pack),1,2.99,2022-02-23,"963 Chestnut St, Dallas, TX 75001",Pilas
AA Batteries (4-pack),2,3.84,2022-02-15,"265 Sunset St, Portland, OR 97035",Pilas
Lightning Charging Cable,1,14.95,2022-02-28,"598 12th St, Los Angeles, CA 90001",Cargadores
Flatscreen TV,1,300,2022-02-26,"392 10th St, Portland, OR 97035",Televisores
Wired Headphones,1,11.99,2022-02-13,"127 Johnson St, San Francisco, CA 94016",Auriculares
Wired Headphones,1,11.99,2022-02-19,"130 Madison St, Dallas, TX 75001",Auriculares
Lightning Charging Cable,2,14.95,2022-02-21,"54 Lake St, Los Angeles, CA 90001",Cargadores
AAA Batteries (4-pack),1,2.99,2022-02-22,"821 Chestnut St, Dallas, TX 75001",Pilas
USB-C Charging Cable,1,11.95,2022-02-18,"522 Forest St, Los Angeles, CA 90001",Cargadores
Bose SoundSport Headphones,1,99.99,2022-02-24,"282 River St, Austin, TX 73301",Auriculares
Wired Headphones,1,11.99,2022-02-20,"451 Highland St, San Francisco, CA 94016",Auriculares
Bose SoundSport Headphones,1,99.99,2022-02-20,"451 Highland St, San Francisco, CA 94016",Auriculares
AA Batteries (4-pack),1,3.84,2022-02-21,"989 Elm St, Atlanta, GA 30301",Pilas
AAA Batteries (4-pack),5,2.99,2022-02-16,"16 Washington St, Atlanta, GA 30301",Pilas
27in 4K Gaming Monitor,1,389.99,2022-02-24,"41 7th St, Seattle, WA 98101",Monitores
Vareebadd Phone,1,400,2022-02-20,"356 Ridge St, Dallas, TX 75001",Teléfonos
USB-C Charging Cable,1,11.95,2022-02-20,"356 Ridge St, Dallas, TX 75001",Cargadores
AA Batteries (4-pack),2,3.84,2022-02-24,"317 12th St, Atlanta, GA 30301",Pilas
27in FHD Monitor,1,149.99,2022-02-17,"822 1st St, New York City, NY 10001",Monitores
USB-C Charging Cable,1,11.95,2022-02-14,"307 7th St, San Francisco, CA 94016",Cargadores
AA Batteries (4-pack),2,3.84,2022-02-27,"752 Willow St, San Francisco, CA 94016",Pilas
Flatscreen TV,1,300,2022-02-27,"54 Spruce St, Los Angeles, CA 90001",Televisores
34in Ultrawide Monitor,1,379.99,2022-02-19,"516 1st St, Atlanta, GA 30301",Monitores
27in 4K Gaming Monitor,1,389.99,2022-02-21,"20 14th St, Boston, MA 02215",Monitores
Apple Airpods Headphones,1,150,2022-02-19,"223 Church St, San Francisco, CA 94016",Auriculares
Bose SoundSport Headphones,1,99.99,2022-02-18,"984 Sunset St, Los Angeles, CA 90001",Auriculares
AAA Batteries (4-pack),2,2.99,2022-02-25,"896 14th St, New York City, NY 10001",Pilas
AA Batteries (4-pack),1,3.84,2022-02-22,"443 Park St, Boston, MA 02215",Pilas
AA Batteries (4-pack),1,3.84,2022-02-17,"757 Main St, New York City, NY 10001",Pilas
AAA Batteries (4-pack),1,2.99,2022-02-25,"223 North St, Portland, OR 97035",Pilas
USB-C Charging Cable,1,11.95,2022-02-25,"265 Jefferson St, Los Angeles, CA 90001",Cargadores
Bose SoundSport Headphones,1,99.99,2022-02-26,"26 7th St, Portland, OR 97035",Auriculares
USB-C Charging Cable,1,11.95,2022-02-16,"549 Park St, New York City, NY 10001",Cargadores
AA Batteries (4-pack),1,3.84,2022-02-17,"376 Chestnut St, Atlanta, GA 30301",Pilas
Flatscreen TV,1,300,2022-02-13,"391 Lake St, San Francisco, CA 94016",Televisores
AAA Batteries (4-pack),2,2.99,2022-02-28,"208 Johnson St, Los Angeles, CA 90001",Pilas
34in Ultrawide Monitor,1,379.99,2022-02-14,"150 5th St, Seattle, WA 98101",Monitores
AAA Batteries (4-pack),1,2.99,2022-02-13,"128 Spruce St, Atlanta, GA 30301",Pilas
USB-C Charging Cable,1,11.95,2022-02-19,"106 13th St, San Francisco, CA 94016",Cargadores
AAA Batteries (4-pack),2,2.99,2022-02-23,"252 Chestnut St, Los Angeles, CA 90001",Pilas
ThinkPad Laptop,1,999.99,2022-02-28,"430 11th St, Seattle, WA 98101",Portátiles
Bose SoundSport Headphones,1,99.99,2022-02-19,"451 Cedar St, Atlanta, GA 30301",Auriculares
AA Batteries (4-pack),1,3.84,2022-02-17,"959 Forest St, Boston, MA 02215",Pilas
Macbook Pro Laptop,1,1700,2022-02-22,"298 South St, Atlanta, GA 30301",Portátiles
AA Batteries (4-pack),1,3.84,2022-02-25,"353 River St, Boston, MA 02215",Pilas
27in FHD Monitor,1,149.99,2022-02-26,"211 5th St, New York City, NY 10001",Monitores
USB-C Charging Cable,1,11.95,2022-02-21,"810 North St, Dallas, TX 75001",Cargadores
27in 4K Gaming Monitor,1,389.99,2022-02-16,"791 Dogwood St, San Francisco, CA 94016",Monitores
USB-C Charging Cable,1,11.95,2022-02-23,"765 12th St, Austin, TX 73301",Cargadores
AA Batteries (4-pack),1,3.84,2022-02-19,"798 Pine St, Los Angeles, CA 90001",Pilas
27in 4K Gaming Monitor,1,389.99,2022-02-23,"699 2nd St, San Francisco, CA 94016",Monitores
LG Washing Machine,1,600.0,2022-02-13,"937 Adams St, Boston, MA 02215",Electrodomésticos
Flatscreen TV,1,300,2022-02-19,"81 2nd St, New York City, NY 10001",Televisores
AAA Batteries (4-pack),1,2.99,2022-02-26,"839 Elm St, Seattle, WA 98101",Pilas
USB-C Charging Cable,1,11.95,2022-02-19,"712 Willow St, Los Angeles, CA 90001",Cargadores
Wired Headphones,3,11.99,2022-02-17,"651 13th St, Austin, TX 73301",Auriculares
Lightning Charging Cable,1,14.95,2022-02-28,"708 Meadow St, Atlanta, GA 30301",Cargadores
Wired Headphones,1,11.99,2022-02-18,"969 Adams St, Austin, TX 73301",Auriculares
AAA Batteries (4-pack),1,2.99,2022-02-27,"205 Hill St, Boston, MA 02215",Pilas
Lightning Charging Cable,1,14.95,2022-02-26,"899 6th St, Seattle, WA 98101",Cargadores
USB-C Charging Cable,1,11.95,2022-02-18,"315 North St, Seattle, WA 98101",Cargadores
Flatscreen TV,1,300,2022-02-13,"403 Willow St, Los Angeles, CA 90001",Televisores
Bose SoundSport Headphones,1,99.99,2022-02-18,"57 Cherry St, Los Angeles, CA 90001",Auriculares
Bose SoundSport Headphones,1,99.99,2022-02-21,"63 Cedar St, Los Angeles, CA 90001",Auriculares
Lightning Charging Cable,1,14.95,2022-02-24,"802 Walnut St, Seattle, WA 98101",Cargadores
Lightning Charging Cable,1,14.95,2022-02-26,"932 Madison St, Atlanta, GA 30301",Cargadores
Vareebadd Phone,1,400,2022-02-18,"873 4th St, Boston, MA 02215",Teléfonos
Lightning Charging Cable,1,14.95,2022-02-16,"891 Chestnut St, New York City, NY 10001",Cargadores
USB-C Charging Cable,1,11.95,2022-02-27,"568 2nd St, New York City, NY 10001",Cargadores
Wired Headphones,1,11.99,2022-02-14,"489 Spruce St, Los Angeles, CA 90001",Auriculares
Lightning Charging Cable,1,14.95,2022-02-28,"488 Adams St, Los Angeles, CA 90001",Cargadores
USB-C Charging Cable,1,11.95,2022-02-25,"196 Adams St, Atlanta, GA 30301",Cargadores
AAA Batteries (4-pack),1,2.99,2022-02-17,"418 Main St, Dallas, TX 75001",Pilas
AAA Batteries (4-pack),1,2.99,2022-02-16,"110 13th St, Seattle, WA 98101",Pilas
Apple Airpods Headphones,1,150,2022-02-15,"204 Center St, San Francisco, CA 94016",Auriculares
Apple Airpods Headphones,1,150,2022-02-15,"492 Church St, New York City, NY 10001",Auriculares
USB-C Charging Cable,1,11.95,2022-02-19,"241 Cherry St, San Francisco, CA 94016",Cargadores
Vareebadd Phone,1,400,2022-02-14,"610 Jackson St, Boston, MA 02215",Teléfonos
Macbook Pro Laptop,1,1700,2022-02-26,"150 Wilson St, Los Angeles, CA 90001",Portátiles
27in FHD Monitor,1,149.99,2022-02-21,"194 Meadow St, Los Angeles, CA 90001",Monitores
Lightning Charging Cable,1,14.95,2022-02-23,"998 Lake St, New York City, NY 10001",Cargadores
Apple Airpods Headphones,1,150,2022-02-22,"686 Chestnut St, New York City, NY 10001",Auriculares
Flatscreen TV,1,300,2022-02-13,"234 4th St, Los Angeles, CA 90001",Televisores
AAA Batteries (4-pack),2,2.99,2022-02-22,"915 Ridge St, Portland, OR 97035",Pilas
Apple Airpods Headphones,1,150,2022-02-19,"508 Jackson St, San Francisco, CA 94016",Auriculares
Wired Headphones,1,11.99,2022-02-27,"251 6th St, San Francisco, CA 94016",Auriculares
AAA Batteries (4-pack),1,2.99,2022-02-14,"873 South St, New York City, NY 10001",Pilas
AA Batteries (4-pack),1,3.84,2022-02-17,"855 9th St, New York City, NY 10001",Pilas
Lightning Charging Cable,1,14.95,2022-02-19,"653 Hickory St, Los Angeles, CA 90001",Cargadores
USB-C Charging Cable,1,11.95,2022-02-15,"592 14th St, New York City, NY 10001",Cargadores
USB-C Charging Cable,1,11.95,2022-02-19,"651 13th St, Los Angeles, CA 90001",Cargadores
Lightning Charging Cable,1,14.95,2022-02-27,"857 Park St, Portland, ME 04101",Cargadores
20in Monitor,1,109.99,2022-02-23,"578 Forest St, New York City, NY 10001",Monitores
AAA Batteries (4-pack),1,2.99,2022-02-25,"24 Walnut St, Los Angeles, CA 90001",Pilas
Apple Airpods Headphones,1,150,2022-02-27,"601 8th St, New York City, NY 10001",Auriculares
Wired Headphones,1,11.99,2022-02-23,"977 6th St, New York City, NY 10001",Auriculares
Google Phone,1,600,2022-02-28,"37 6th St, Boston, MA 02215",Teléfonos
USB-C Charging Cable,1,11.95,2022-02-13,"5 4th St, Los Angeles, CA 90001",Cargadores
USB-C Charging Cable,1,11.95,2022-02-14,"991 North St, Austin, TX 73301",Cargadores
AA Batteries (4-pack),1,3.84,2022-02-20,"965 Dogwood St, Los Angeles, CA 90001",Pilas
27in FHD Monitor,1,149.99,2022-02-25,"850 Pine St, San Francisco, CA 94016",Monitores
Lightning Charging Cable,1,14.95,2022-02-21,"945 1st St, Boston, MA 02215",Cargadores
LG Dryer,1,600.0,2022-02-13,"998 Wilson St, Los Angeles, CA 90001",Electrodomésticos
USB-C Charging Cable,1,11.95,2022-02-13,"942 10th St, New York City, NY 10001",Cargadores
USB-C Charging Cable,2,11.95,2022-02-17,"425 Church St, Los Angeles, CA 90001",Cargadores
34in Ultrawide Monitor,1,379.99,2022-02-28,"345 Lakeview St, Los Angeles, CA 90001",Monitores
Bose SoundSport Headphones,1,99.99,2022-02-19,"46 Walnut St, Boston, MA 02215",Auriculares
Apple Airpods Headphones,1,150,2022-02-18,"764 Hill St, New York City, NY 10001",Auriculares
Bose SoundSport Headphones,1,99.99,2022-02-25,"152 Hill St, Boston, MA 02215",Auriculares
USB-C Charging Cable,1,11.95,2022-02-28,"73 Madison St, San Francisco, CA 94016",Cargadores
Vareebadd Phone,1,400,2022-02-26,"436 Chestnut St, Los Angeles, CA 90001",Teléfonos
USB-C Charging Cable,1,11.95,2022-02-26,"316 Maple St, Austin, TX 73301",Cargadores
27in 4K Gaming Monitor,2,389.99,2022-02-20,"732 Park St, New York City, NY 10001",Monitores
Lightning Charging Cable,1,14.95,2022-02-21,"721 5th St, San Francisco, CA 94016",Cargadores
Vareebadd Phone,1,400,2022-02-19,"837 Church St, San Francisco, CA 94016",Teléfonos
AAA Batteries (4-pack),1,2.99,2022-02-23,"251 7th St, San Francisco, CA 94016",Pilas
34in Ultrawide Monitor,1,379.99,2022-02-19,"632 Madison St, New York City, NY 10001",Monitores
Apple Airpods Headphones,1,150,2022-02-21,"554 13th St, Los Angeles, CA 90001",Auriculares
Macbook Pro Laptop,1,1700,2022-02-22,"39 Washington St, Portland, ME 04101",Portátiles
Apple Airpods Headphones,1,150,2022-02-26,"940 River St, San Francisco, CA 94016",Auriculares
27in 4K Gaming Monitor,1,389.99,2022-02-24,"178 Chestnut St, Portland, OR 97035",Monitores
AAA Batteries (4-pack),1,2.99,2022-02-27,"508 6th St, Atlanta, GA 30301",Pilas
Wired Headphones,1,11.99,2022-02-26,"134 Pine St, Los Angeles, CA 90001",Auriculares
34in Ultrawide Monitor,1,379.99,2022-02-13,"786 Willow St, Boston, MA 02215",Monitores
34in Ultrawide Monitor,1,379.99,2022-02-13,"786 Willow St, Boston, MA 02215",Monitores
USB-C Charging Cable,1,11.95,2022-02-20,"58 Church St, San Francisco, CA 94016",Cargadores
34in Ultrawide Monitor,1,379.99,2022-02-23,"462 6th St, Seattle, WA 98101",Monitores
Lightning Charging Cable,1,14.95,2022-02-20,"342 13th St, New York City, NY 10001",Cargadores
Wired Headphones,1,11.99,2022-02-19,"156 Walnut St, San Francisco, CA 94016",Auriculares
USB-C Charging Cable,1,11.95,2022-02-17,"111 Jackson St, San Francisco, CA 94016",Cargadores
27in FHD Monitor,1,149.99,2022-02-27,"501 Church St, New York City, NY 10001",Monitores
iPhone,1,700,2022-02-20,"902 Willow St, Los Angeles, CA 90001",Teléfonos
Lightning Charging Cable,1,14.95,2022-02-25,"497 Chestnut St, Los Angeles, CA 90001",Cargadores
Google Phone,1,600,2022-02-27,"529 1st St, Los Angeles, CA 90001",Teléfonos
USB-C Charging Cable,1,11.95,2022-02-27,"529 1st St, Los Angeles, CA 90001",Cargadores
Lightning Charging Cable,1,14.95,2022-02-19,"843 Washington St, Austin, TX 73301",Cargadores
Vareebadd Phone,1,400,2022-02-24,"798 Main St, San Francisco, CA 94016",Teléfonos
Wired Headphones,1,11.99,2022-02-24,"798 Main St, San Francisco, CA 94016",Auriculares
AA Batteries (4-pack),1,3.84,2022-02-24,"955 Chestnut St, San Francisco, CA 94016",Pilas
Lightning Charging Cable,1,14.95,2022-02-15,"671 Johnson St, Dallas, TX 75001",Cargadores
AA Batteries (4-pack),1,3.84,2022-02-24,"130 Hickory St, Portland, OR 97035",Pilas
ThinkPad Laptop,1,999.99,2022-02-15,"973 14th St, New York City, NY 10001",Portátiles
AAA Batteries (4-pack),2,2.99,2022-02-20,"219 6th St, San Francisco, CA 94016",Pilas
Apple Airpods Headphones,1,150,2022-02-20,"91 Center St, Los Angeles, CA 90001",Auriculares
Lightning Charging Cable,1,14.95,2022-02-24,"467 Meadow St, New York City, NY 10001",Cargadores
Google Phone,1,600,2022-02-25,"960 Sunset St, San Francisco, CA 94016",Teléfonos
USB-C Charging Cable,1,11.95,2022-02-25,"960 Sunset St, San Francisco, CA 94016",Cargadores
27in FHD Monitor,1,149.99,2022-02-24,"301 Elm St, Atlanta, GA 30301",Monitores
AA Batteries (4-pack),1,3.84,2022-02-20,"353 Jackson St, Los Angeles, CA 90001",Pilas
AA Batteries (4-pack),1,3.84,2022-02-26,"284 Jackson St, Seattle, WA 98101",Pilas
27in FHD Monitor,1,149.99,2022-02-18,"667 Johnson St, Austin, TX 73301",Monitores
27in 4K Gaming Monitor,1,389.99,2022-02-13,"802 South St, San Francisco, CA 94016",Monitores
20in Monitor,1,109.99,2022-02-27,"477 Park St, San Francisco, CA 94016",Monitores
Google Phone,1,600,2022-02-22,"561 Lake St, Portland, OR 97035",Teléfonos
Apple Airpods Headphones,1,150,2022-02-19,"118 North St, Seattle, WA 98101",Auriculares
Lightning Charging Cable,1,14.95,2022-02-17,"113 North St, San Francisco, CA 94016",Cargadores
Apple Airpods Headphones,1,150,2022-02-22,"748 Madison St, Los Angeles, CA 90001",Auriculares
USB-C Charging Cable,1,11.95,2022-02-20,"522 Hickory St, Dallas, TX 75001",Cargadores
Apple Airpods Headphones,1,150,2022-02-17,"722 Dogwood St, Portland, ME 04101",Auriculares
Lightning Charging Cable,1,14.95,2022-02-25,"456 South St, Los Angeles, CA 90001",Cargadores
Wired Headphones,1,11.99,2022-02-25,"326 West St, San Francisco, CA 94016",Auriculares
AAA Batteries (4-pack),1,2.99,2022-02-25,"330 Walnut St, Atlanta, GA 30301",Pilas
USB-C Charging Cable,1,11.95,2022-02-23,"884 Lincoln St, Austin, TX 73301",Cargadores
34in Ultrawide Monitor,1,379.99,2022-02-23,"884 Lincoln St, Austin, TX 73301",Monitores
USB-C Charging Cable,1,11.95,2022-02-14,"556 Church St, New York City, NY 10001",Cargadores
27in 4K Gaming Monitor,1,389.99,2022-02-20,"518 Cedar St, San Francisco, CA 94016",Monitores
Vareebadd Phone,1,400,2022-02-28,"701 Meadow St, Boston, MA 02215",Teléfonos
iPhone,1,700,2022-02-13,"990 Main St, Atlanta, GA 30301",Teléfonos
27in FHD Monitor,1,149.99,2022-02-21,"515 Hickory St, Austin, TX 73301",Monitores
Lightning Charging Cable,1,14.95,2022-02-17,"110 Washington St, Los Angeles, CA 90001",Cargadores
Lightning Charging Cable,1,14.95,2022-02-25,"180 Adams St, San Francisco, CA 94016",Cargadores
Lightning Charging Cable,1,14.95,2022-02-18,"122 Elm St, New York City, NY 10001",Cargadores
Lightning Charging Cable,1,14.95,2022-02-14,"981 Cherry St, San Francisco, CA 94016",Cargadores
USB-C Charging Cable,1,11.95,2022-02-28,"691 10th St, San Francisco, CA 94016",Cargadores
Wired Headphones,1,11.99,2022-02-14,"776 River St, San Francisco, CA 94016",Auriculares
27in 4K Gaming Monitor,1,389.99,2022-02-24,"408 Jefferson St, Los Angeles, CA 90001",Monitores
20in Monitor,1,109.99,2022-02-15,"733 1st St, San Francisco, CA 94016",Monitores
USB-C Charging Cable,1,11.95,2022-02-21,"464 Madison St, San Francisco, CA 94016",Cargadores
AAA Batteries (4-pack),3,2.99,2022-02-20,"290 Meadow St, New York City, NY 10001",Pilas
AAA Batteries (4-pack),2,2.99,2022-02-13,"831 10th St, San Francisco, CA 94016",Pilas
Apple Airpods Headphones,1,150,2022-02-21,"102 Lakeview St, San Francisco, CA 94016",Auriculares
20in Monitor,1,109.99,2022-02-21,"2 11th St, New York City, NY 10001",Monitores
Wired Headphones,1,11.99,2022-02-18,"790 Jackson St, Atlanta, GA 30301",Auriculares
Bose SoundSport Headphones,1,99.99,2022-02-17,"429 Cherry St, Austin, TX 73301",Auriculares
Bose SoundSport Headphones,1,99.99,2022-02-16,"422 9th St, New York City, NY 10001",Auriculares
iPhone,1,700,2022-02-27,"227 Park St, Portland, OR 97035",Teléfonos
AAA Batteries (4-pack),1,2.99,2022-02-14,"983 14th St, New York City, NY 10001",Pilas
Lightning Charging Cable,1,14.95,2022-02-19,"859 10th St, Los Angeles, CA 90001",Cargadores
Bose SoundSport Headphones,1,99.99,2022-02-22,"246 13th St, Portland, OR 97035",Auriculares
AA Batteries (4-pack),1,3.84,2022-02-24,"58 South St, Los Angeles, CA 90001",Pilas
AAA Batteries (4-pack),1,2.99,2022-02-28,"481 Dogwood St, Los Angeles, CA 90001",Pilas
USB-C Charging Cable,1,11.95,2022-02-24,"527 Church St, Los Angeles, CA 90001",Cargadores
Macbook Pro Laptop,1,1700,2022-02-14,"206 12th St, New York City, NY 10001",Portátiles
20in Monitor,1,109.99,2022-02-23,"385 West St, San Francisco, CA 94016",Monitores
LG Washing Machine,1,600.0,2022-02-16,"481 Adams St, Los Angeles, CA 90001",Electrodomésticos
Lightning Charging Cable,1,14.95,2022-02-14,"400 Chestnut St, San Francisco, CA 94016",Cargadores
AA Batteries (4-pack),1,3.84,2022-02-25,"460 8th St, Seattle, WA 98101",Pilas
Apple Airpods Headphones,1,150,2022-02-17,"103 13th St, Boston, MA 02215",Auriculares
ThinkPad Laptop,1,999.99,2022-02-25,"844 Main St, Austin, TX 73301",Portátiles
Bose SoundSport Headphones,1,99.99,2022-02-14,"376 Spruce St, Los Angeles, CA 90001",Auriculares
27in FHD Monitor,1,149.99,2022-02-21,"307 Adams St, Seattle, WA 98101",Monitores
Apple Airpods Headphones,1,150,2022-02-28,"287 River St, Boston, MA 02215",Auriculares
Wired Headphones,1,11.99,2022-02-21,"177 14th St, San Francisco, CA 94016",Auriculares
ThinkPad Laptop,1,999.99,2022-02-13,"386 6th St, New York City, NY 10001",Portátiles
AAA Batteries (4-pack),2,2.99,2022-02-24,"664 Willow St, Boston, MA 02215",Pilas
Bose SoundSport Headphones,1,99.99,2022-02-26,"589 14th St, Los Angeles, CA 90001",Auriculares
Wired Headphones,1,11.99,2022-02-18,"621 Park St, Seattle, WA 98101",Auriculares
AA Batteries (4-pack),2,3.84,2022-02-15,"406 Wilson St, Austin, TX 73301",Pilas
Google Phone,1,600,2022-02-16,"12 Maple St, Boston, MA 02215",Teléfonos
Apple Airpods Headphones,1,150,2022-02-25,"516 7th St, Atlanta, GA 30301",Auriculares
LG Washing Machine,1,600.0,2022-02-15,"510 Forest St, San Francisco, CA 94016",Electrodomésticos
AAA Batteries (4-pack),1,2.99,2022-02-22,"466 Jefferson St, San Francisco, CA 94016",Pilas
34in Ultrawide Monitor,1,379.99,2022-02-22,"602 Cherry St, San Francisco, CA 94016",Monitores
AA Batteries (4-pack),3,3.84,2022-02-22,"602 Cherry St, San Francisco, CA 94016",Pilas
LG Washing Machine,1,600.0,2022-02-17,"864 Jackson St, New York City, NY 10001",Electrodomésticos
Lightning Charging Cable,1,14.95,2022-02-26,"775 Wilson St, San Francisco, CA 94016",Cargadores
AAA Batteries (4-pack),1,2.99,2022-02-22,"357 Pine St, New York City, NY 10001",Pilas
Apple Airpods Headphones,1,150,2022-02-24,"678 Hickory St, Los Angeles, CA 90001",Auriculares
Wired Headphones,1,11.99,2022-02-22,"439 Main St, Los Angeles, CA 90001",Auriculares
27in FHD Monitor,1,149.99,2022-02-17,"279 7th St, Portland, OR 97035",Monitores
AA Batteries (4-pack),3,3.84,2022-02-28,"331 Walnut St, Los Angeles, CA 90001",Pilas
Google Phone,1,600,2022-02-21,"842 Maple St, Boston, MA 02215",Teléfonos
27in FHD Monitor,1,149.99,2022-02-18,"254 Willow St, San Francisco, CA 94016",Monitores
AAA Batteries (4-pack),1,2.99,2022-02-25,"907 West St, Boston, MA 02215",Pilas
Lightning Charging Cable,1,14.95,2022-02-24,"740 5th St, Atlanta, GA 30301",Cargadores
Bose SoundSport Headphones,1,99.99,2022-02-17,"951 10th St, San Francisco, CA 94016",Auriculares
USB-C Charging Cable,1,11.95,2022-02-26,"455 Cedar St, Seattle, WA 98101",Cargadores
27in FHD Monitor,1,149.99,2022-02-16,"814 7th St, San Francisco, CA 94016",Monitores
iPhone,1,700,2022-02-16,"238 Pine St, New York City, NY 10001",Teléfonos
Lightning Charging Cable,1,14.95,2022-02-16,"238 Pine St, New York City, NY 10001",Cargadores
Wired Headphones,1,11.99,2022-02-16,"238 Pine St, New York City, NY 10001",Auriculares
USB-C Charging Cable,1,11.95,2022-02-27,"27 5th St, San Francisco, CA 94016",Cargadores
Wired Headphones,1,11.99,2022-02-15,"776 5th St, Boston, MA 02215",Auriculares
AAA Batteries (4-pack),2,2.99,2022-02-19,"204 9th St, Los Angeles, CA 90001",Pilas
Lightning Charging Cable,1,14.95,2022-02-14,"840 Chestnut St, New York City, NY 10001",Cargadores
Lightning Charging Cable,1,14.95,2022-02-16,"74 South St, Atlanta, GA 30301",Cargadores
Lightning Charging Cable,1,14.95,2022-02-21,"812 Maple St, San Francisco, CA 94016",Cargadores
34in Ultrawide Monitor,1,379.99,2022-02-16,"442 Church St, Seattle, WA 98101",Monitores
AAA Batteries (4-pack),1,2.99,2022-02-28,"233 Maple St, San Francisco, CA 94016",Pilas
AA Batteries (4-pack),2,3.84,2022-02-27,"311 5th St, San Francisco, CA 94016",Pilas
AAA Batteries (4-pack),1,2.99,2022-02-27,"747 Lincoln St, Los Angeles, CA 90001",Pilas
USB-C Charging Cable,1,11.95,2022-02-23,"310 Ridge St, Seattle, WA 98101",Cargadores
Lightning Charging Cable,1,14.95,2022-02-21,"565 6th St, Los Angeles, CA 90001",Cargadores
Wired Headphones,1,11.99,2022-02-24,"892 Forest St, San Francisco, CA 94016",Auriculares
34in Ultrawide Monitor,1,379.99,2022-02-27,"15 11th St, Dallas, TX 75001",Monitores
ThinkPad Laptop,1,999.99,2022-02-25,"728 Ridge St, San Francisco, CA 94016",Portátiles
iPhone,1,700,2022-02-13,"494 13th St, Boston, MA 02215",Teléfonos
Wired Headphones,2,11.99,2022-02-13,"494 13th St, Boston, MA 02215",Auriculares
Wired Headphones,1,11.99,2022-02-22,"738 Forest St, Atlanta, GA 30301",Auriculares
USB-C Charging Cable,1,11.95,2022-02-22,"560 1st St, Portland, OR 97035",Cargadores
ThinkPad Laptop,1,999.99,2022-02-27,"722 1st St, Portland, OR 97035",Portátiles
USB-C Charging Cable,1,11.95,2022-02-17,"620 8th St, San Francisco, CA 94016",Cargadores
AAA Batteries (4-pack),1,2.99,2022-02-18,"853 Cedar St, Dallas, TX 75001",Pilas
20in Monitor,1,109.99,2022-02-20,"189 Church St, San Francisco, CA 94016",Monitores
Lightning Charging Cable,1,14.95,2022-02-15,"109 North St, Los Angeles, CA 90001",Cargadores
34in Ultrawide Monitor,1,379.99,2022-02-26,"528 Madison St, San Francisco, CA 94016",Monitores
Lightning Charging Cable,1,14.95,2022-02-21,"577 6th St, Portland, OR 97035",Cargadores
Bose SoundSport Headphones,1,99.99,2022-02-19,"944 5th St, Boston, MA 02215",Auriculares
USB-C Charging Cable,2,11.95,2022-02-25,"509 Hill St, Dallas, TX 75001",Cargadores
AAA Batteries (4-pack),1,2.99,2022-02-16,"936 14th St, Seattle, WA 98101",Pilas
iPhone,1,700,2022-02-21,"993 South St, Atlanta, GA 30301",Teléfonos
AA Batteries (4-pack),1,3.84,2022-02-21,"593 2nd St, Los Angeles, CA 90001",Pilas
USB-C Charging Cable,2,11.95,2022-02-13,"438 14th St, San Francisco, CA 94016",Cargadores
Lightning Charging Cable,2,14.95,2022-02-28,"31 South St, New York City, NY 10001",Cargadores
AAA Batteries (4-pack),1,2.99,2022-02-25,"945 8th St, Dallas, TX 75001",Pilas
AA Batteries (4-pack),1,3.84,2022-02-13,"33 10th St, New York City, NY 10001",Pilas
Lightning Charging Cable,1,14.95,2022-02-22,"837 13th St, Austin, TX 73301",Cargadores
20in Monitor,1,109.99,2022-02-14,"282 North St, Boston, MA 02215",Monitores
Macbook Pro Laptop,1,1700,2022-02-20,"235 Cedar St, Portland, OR 97035",Portátiles
USB-C Charging Cable,1,11.95,2022-02-27,"46 Madison St, Austin, TX 73301",Cargadores
Wired Headphones,1,11.99,2022-02-24,"325 Forest St, San Francisco, CA 94016",Auriculares
Flatscreen TV,1,300,2022-02-19,"518 4th St, San Francisco, CA 94016",Televisores
Macbook Pro Laptop,1,1700,2022-02-24,"515 Lakeview St, Boston, MA 02215",Portátiles
AA Batteries (4-pack),1,3.84,2022-02-21,"516 Pine St, New York City, NY 10001",Pilas
Apple Airpods Headphones,1,150,2022-02-18,"790 7th St, Atlanta, GA 30301",Auriculares
Bose SoundSport Headphones,1,99.99,2022-02-13,"123 14th St, Seattle, WA 98101",Auriculares
20in Monitor,1,109.99,2022-02-23,"834 Hickory St, San Francisco, CA 94016",Monitores
AAA Batteries (4-pack),1,2.99,2022-02-28,"913 Dogwood St, New York City, NY 10001",Pilas
iPhone,1,700,2022-02-14,"950 10th St, San Francisco, CA 94016",Teléfonos
AA Batteries (4-pack),1,3.84,2022-02-15,"599 Lakeview St, Portland, OR 97035",Pilas
Vareebadd Phone,1,400,2022-02-26,"106 Elm St, San Francisco, CA 94016",Teléfonos
27in FHD Monitor,1,149.99,2022-02-28,"185 Center St, Portland, ME 04101",Monitores
Flatscreen TV,1,300,2022-02-19,"505 4th St, Seattle, WA 98101",Televisores
USB-C Charging Cable,1,11.95,2022-02-19,"823 Lincoln St, Los Angeles, CA 90001",Cargadores
Flatscreen TV,1,300,2022-02-21,"55 Chestnut St, Austin, TX 73301",Televisores
AAA Batteries (4-pack),1,2.99,2022-02-19,"241 Madison St, San Francisco, CA 94016",Pilas
ThinkPad Laptop,1,999.99,2022-02-14,"305 Sunset St, New York City, NY 10001",Portátiles
USB-C Charging Cable,1,11.95,2022-02-14,"349 Hickory St, San Francisco, CA 94016",Cargadores
USB-C Charging Cable,1,11.95,2022-02-20,"453 Center St, Portland, ME 04101",Cargadores
AA Batteries (4-pack),1,3.84,2022-02-26,"284 Maple St, San Francisco, CA 94016",Pilas
27in FHD Monitor,1,149.99,2022-02-15,"371 Meadow St, Dallas, TX 75001",Monitores
Bose SoundSport Headphones,1,99.99,2022-02-25,"401 5th St, Portland, OR 97035",Auriculares
Macbook Pro Laptop,1,1700,2022-02-14,"642 Elm St, San Francisco, CA 94016",Portátiles
Bose SoundSport Headphones,1,99.99,2022-02-25,"963 Pine St, San Francisco, CA 94016",Auriculares
27in 4K Gaming Monitor,1,389.99,2022-02-28,"714 Walnut St, New York City, NY 10001",Monitores
Lightning Charging Cable,1,14.95,2022-02-17,"82 Walnut St, New York City, NY 10001",Cargadores
Wired Headphones,1,11.99,2022-02-22,"615 10th St, Austin, TX 73301",Auriculares
USB-C Charging Cable,1,11.95,2022-02-25,"508 10th St, Boston, MA 02215",Cargadores
Lightning Charging Cable,1,14.95,2022-02-25,"323 Lincoln St, San Francisco, CA 94016",Cargadores
27in 4K Gaming Monitor,1,389.99,2022-02-19,"321 Willow St, Portland, OR 97035",Monitores
Apple Airpods Headphones,1,150,2022-02-22,"151 6th St, San Francisco, CA 94016",Auriculares
USB-C Charging Cable,1,11.95,2022-02-15,"15 River St, Atlanta, GA 30301",Cargadores
AA Batteries (4-pack),1,3.84,2022-02-24,"232 Dogwood St, New York City, NY 10001",Pilas
Bose SoundSport Headphones,1,99.99,2022-02-24,"833 1st St, New York City, NY 10001",Auriculares
AAA Batteries (4-pack),1,2.99,2022-02-21,"456 North St, Seattle, WA 98101",Pilas
27in FHD Monitor,1,149.99,2022-02-26,"951 Forest St, Atlanta, GA 30301",Monitores
Apple Airpods Headphones,1,150,2022-02-15,"56 Jefferson St, Atlanta, GA 30301",Auriculares
iPhone,1,700,2022-02-19,"38 Lakeview St, Dallas, TX 75001",Teléfonos
27in FHD Monitor,1,149.99,2022-02-26,"993 North St, New York City, NY 10001",Monitores
34in Ultrawide Monitor,1,379.99,2022-02-23,"2 Lake St, Boston, MA 02215",Monitores
AAA Batteries (4-pack),2,2.99,2022-02-13,"922 Madison St, Boston, MA 02215",Pilas
34in Ultrawide Monitor,1,379.99,2022-02-14,"57 8th St, Los Angeles, CA 90001",Monitores
USB-C Charging Cable,1,11.95,2022-02-19,"404 Jefferson St, Los Angeles, CA 90001",Cargadores
USB-C Charging Cable,1,11.95,2022-02-13,"718 Pine St, San Francisco, CA 94016",Cargadores
Lightning Charging Cable,1,14.95,2022-02-20,"435 Lakeview St, Los Angeles, CA 90001",Cargadores
27in FHD Monitor,1,149.99,2022-02-20,"501 Ridge St, Boston, MA 02215",Monitores
USB-C Charging Cable,1,11.95,2022-02-13,"374 2nd St, Boston, MA 02215",Cargadores
Wired Headphones,1,11.99,2022-02-14,"631 South St, Boston, MA 02215",Auriculares
USB-C Charging Cable,1,11.95,2022-02-25,"302 Adams St, New York City, NY 10001",Cargadores
USB-C Charging Cable,1,11.95,2022-02-20,"624 Ridge St, Dallas, TX 75001",Cargadores
Apple Airpods Headphones,1,150,2022-02-28,"368 11th St, Los Angeles, CA 90001",Auriculares
Bose SoundSport Headphones,1,99.99,2022-02-13,"570 Madison St, Atlanta, GA 30301",Auriculares
Bose SoundSport Headphones,1,99.99,2022-02-19,"959 6th St, Los Angeles, CA 90001",Auriculares
USB-C Charging Cable,1,11.95,2022-02-14,"603 Main St, New York City, NY 10001",Cargadores
Bose SoundSport Headphones,1,99.99,2022-02-15,"772 5th St, Los Angeles, CA 90001",Auriculares
AAA Batteries (4-pack),2,2.99,2022-02-17,"192 1st St, Austin, TX 73301",Pilas
27in 4K Gaming Monitor,1,389.99,2022-02-13,"638 Church St, Boston, MA 02215",Monitores
Apple Airpods Headphones,1,150,2022-02-22,"562 Jackson St, Boston, MA 02215",Auriculares
Bose SoundSport Headphones,1,99.99,2022-02-15,"345 Main St, Los Angeles, CA 90001",Auriculares
AAA Batteries (4-pack),2,2.99,2022-02-28,"560 Walnut St, San Francisco, CA 94016",Pilas
Google Phone,1,600,2022-02-27,"319 Wilson St, Portland, OR 97035",Teléfonos
AA Batteries (4-pack),1,3.84,2022-02-13,"282 Sunset St, Los Angeles, CA 90001",Pilas
Bose SoundSport Headphones,1,99.99,2022-02-21,"440 Forest St, San Francisco, CA 94016",Auriculares
Lightning Charging Cable,1,14.95,2022-02-19,"684 Main St, Boston, MA 02215",Cargadores
iPhone,1,700,2022-02-15,"977 8th St, Los Angeles, CA 90001",Teléfonos
Wired Headphones,1,11.99,2022-02-22,"960 West St, Austin, TX 73301",Auriculares
AAA Batteries (4-pack),1,2.99,2022-02-22,"960 West St, Austin, TX 73301",Pilas
Google Phone,1,600,2022-02-14,"114 West St, San Francisco, CA 94016",Teléfonos
Lightning Charging Cable,1,14.95,2022-02-26,"843 South St, Atlanta, GA 30301",Cargadores
AAA Batteries (4-pack),2,2.99,2022-02-15,"53 Dogwood St, Dallas, TX 75001",Pilas
Lightning Charging Cable,1,14.95,2022-02-24,"273 Willow St, Dallas, TX 75001",Cargadores
USB-C Charging Cable,1,11.95,2022-02-13,"937 Jackson St, Dallas, TX 75001",Cargadores
Flatscreen TV,1,300,2022-02-21,"204 5th St, Dallas, TX 75001",Televisores
Vareebadd Phone,1,400,2022-02-18,"594 6th St, Austin, TX 73301",Teléfonos
Wired Headphones,1,11.99,2022-02-18,"594 6th St, Austin, TX 73301",Auriculares
Apple Airpods Headphones,1,150,2022-02-18,"594 6th St, Austin, TX 73301",Auriculares
USB-C Charging Cable,1,11.95,2022-02-26,"323 Lakeview St, San Francisco, CA 94016",Cargadores
AA Batteries (4-pack),1,3.84,2022-02-15,"510 Jackson St, Los Angeles, CA 90001",Pilas
Google Phone,1,600,2022-02-25,"187 Elm St, Los Angeles, CA 90001",Teléfonos
Wired Headphones,2,11.99,2022-02-25,"187 Elm St, Los Angeles, CA 90001",Auriculares
USB-C Charging Cable,1,11.95,2022-02-23,"502 Lake St, Seattle, WA 98101",Cargadores
Bose SoundSport Headphones,1,99.99,2022-02-28,"688 Washington St, New York City, NY 10001",Auriculares
Bose SoundSport Headphones,1,99.99,2022-02-16,"75 Maple St, Boston, MA 02215",Auriculares
Google Phone,1,600,2022-02-24,"105 River St, San Francisco, CA 94016",Teléfonos
AA Batteries (4-pack),2,3.84,2022-02-13,"150 Ridge St, Los Angeles, CA 90001",Pilas
34in Ultrawide Monitor,1,379.99,2022-02-17,"538 4th St, Atlanta, GA 30301",Monitores
AA Batteries (4-pack),1,3.84,2022-02-20,"491 Adams St, San Francisco, CA 94016",Pilas
Macbook Pro Laptop,1,1700,2022-02-23,"358 9th St, Los Angeles, CA 90001",Portátiles
Google Phone,1,600,2022-02-16,"265 9th St, Portland, ME 04101",Teléfonos
USB-C Charging Cable,1,11.95,2022-02-16,"265 9th St, Portland, ME 04101",Cargadores
Wired Headphones,1,11.99,2022-02-16,"265 9th St, Portland, ME 04101",Auriculares
Bose SoundSport Headphones,1,99.99,2022-02-17,"369 Meadow St, San Francisco, CA 94016",Auriculares
AA Batteries (4-pack),4,3.84,2022-02-20,"636 Park St, Boston, MA 02215",Pilas
Lightning Charging Cable,1,14.95,2022-02-25,"312 1st St, Austin, TX 73301",Cargadores
Lightning Charging Cable,1,14.95,2022-02-20,"85 4th St, New York City, NY 10001",Cargadores
AAA Batteries (4-pack),1,2.99,2022-02-22,"793 5th St, Boston, MA 02215",Pilas
ThinkPad Laptop,1,999.99,2022-02-16,"571 Lakeview St, Los Angeles, CA 90001",Portátiles
AAA Batteries (4-pack),2,2.99,2022-02-26,"91 Maple St, San Francisco, CA 94016",Pilas
Apple Airpods Headphones,1,150,2022-02-21,"522 8th St, Portland, OR 97035",Auriculares
Bose SoundSport Headphones,1,99.99,2022-02-16,"289 Lake St, Dallas, TX 75001",Auriculares
iPhone,1,700,2022-02-19,"943 Hill St, Boston, MA 02215",Teléfonos
AA Batteries (4-pack),1,3.84,2022-02-15,"865 Park St, Los Angeles, CA 90001",Pilas
34in Ultrawide Monitor,1,379.99,2022-02-18,"25 Center St, San Francisco, CA 94016",Monitores
AA Batteries (4-pack),2,3.84,2022-02-21,"215 North St, Los Angeles, CA 90001",Pilas
USB-C Charging Cable,1,11.95,2022-02-22,"820 River St, Boston, MA 02215",Cargadores
Flatscreen TV,1,300,2022-02-24,"29 Elm St, Boston, MA 02215",Televisores
Apple Airpods Headphones,1,150,2022-02-24,"29 Elm St, Boston, MA 02215",Auriculares
AA Batteries (4-pack),1,3.84,2022-02-23,"315 North St, San Francisco, CA 94016",Pilas
Macbook Pro Laptop,1,1700,2022-02-20,"216 Hill St, San Francisco, CA 94016",Portátiles
Apple Airpods Headphones,1,150,2022-02-14,"733 Elm St, San Francisco, CA 94016",Auriculares
AA Batteries (4-pack),1,3.84,2022-02-15,"616 Center St, San Francisco, CA 94016",Pilas
27in 4K Gaming Monitor,1,389.99,2022-02-17,"28 Jackson St, San Francisco, CA 94016",Monitores
USB-C Charging Cable,1,11.95,2022-02-27,"364 1st St, Portland, ME 04101",Cargadores
Lightning Charging Cable,1,14.95,2022-02-23,"961 Washington St, New York City, NY 10001",Cargadores
AAA Batteries (4-pack),2,2.99,2022-02-28,"730 Cedar St, Los Angeles, CA 90001",Pilas
Lightning Charging Cable,1,14.95,2022-02-13,"693 Johnson St, San Francisco, CA 94016",Cargadores
AA Batteries (4-pack),1,3.84,2022-02-13,"969 2nd St, San Francisco, CA 94016",Pilas
Vareebadd Phone,1,400,2022-02-28,"168 2nd St, Los Angeles, CA 90001",Teléfonos
AA Batteries (4-pack),1,3.84,2022-02-16,"737 Church St, Austin, TX 73301",Pilas
Apple Airpods Headphones,1,150,2022-02-17,"590 Lakeview St, Los Angeles, CA 90001",Auriculares
AAA Batteries (4-pack),1,2.99,2022-02-20,"662 Lincoln St, Atlanta, GA 30301",Pilas
AA Batteries (4-pack),1,3.84,2022-02-26,"493 4th St, Portland, OR 97035",Pilas
Lightning Charging Cable,1,14.95,2022-02-22,"826 14th St, San Francisco, CA 94016",Cargadores
iPhone,1,700,2022-02-20,"446 Lake St, San Francisco, CA 94016",Teléfonos
AA Batteries (4-pack),2,3.84,2022-02-14,"630 12th St, San Francisco, CA 94016",Pilas
USB-C Charging Cable,1,11.95,2022-02-15,"109 River St, New York City, NY 10001",Cargadores
Lightning Charging Cable,1,14.95,2022-02-20,"768 Sunset St, Seattle, WA 98101",Cargadores
Apple Airpods Headphones,1,150,2022-02-28,"561 West St, Dallas, TX 75001",Auriculares
AAA Batteries (4-pack),1,2.99,2022-02-19,"552 Dogwood St, Boston, MA 02215",Pilas
Macbook Pro Laptop,1,1700,2022-02-17,"862 River St, Los Angeles, CA 90001",Portátiles
20in Monitor,1,109.99,2022-02-16,"112 Walnut St, Boston, MA 02215",Monitores
AAA Batteries (4-pack),1,2.99,2022-02-20,"42 Church St, Boston, MA 02215",Pilas
USB-C Charging Cable,1,11.95,2022-02-14,"689 Cherry St, San Francisco, CA 94016",Cargadores
Macbook Pro Laptop,1,1700,2022-02-19,"614 1st St, Atlanta, GA 30301",Portátiles
34in Ultrawide Monitor,1,379.99,2022-02-16,"942 10th St, San Francisco, CA 94016",Monitores
Bose SoundSport Headphones,1,99.99,2022-02-14,"302 Pine St, Austin, TX 73301",Auriculares
Bose SoundSport Headphones,1,99.99,2022-02-27,"338 2nd St, San Francisco, CA 94016",Auriculares
34in Ultrawide Monitor,1,379.99,2022-02-22,"929 10th St, San Francisco, CA 94016",Monitores
27in 4K Gaming Monitor,1,389.99,2022-02-21,"545 Meadow St, Los Angeles, CA 90001",Monitores
AAA Batteries (4-pack),1,2.99,2022-02-26,"599 Lincoln St, Atlanta, GA 30301",Pilas
iPhone,1,700,2022-02-14,"942 Lakeview St, Portland, OR 97035",Teléfonos
Bose SoundSport Headphones,1,99.99,2022-02-20,"722 Elm St, Austin, TX 73301",Auriculares
Apple Airpods Headphones,1,150,2022-02-28,"852 Main St, New York City, NY 10001",Auriculares
Apple Airpods Headphones,1,150,2022-02-21,"367 10th St, Austin, TX 73301",Auriculares
Lightning Charging Cable,1,14.95,2022-02-24,"131 8th St, San Francisco, CA 94016",Cargadores
Apple Airpods Headphones,1,150,2022-02-16,"272 Hickory St, New York City, NY 10001",Auriculares
AA Batteries (4-pack),2,3.84,2022-02-22,"215 Hickory St, New York City, NY 10001",Pilas
20in Monitor,1,109.99,2022-02-27,"899 Jackson St, Seattle, WA 98101",Monitores
Macbook Pro Laptop,1,1700,2022-02-27,"899 Jackson St, Seattle, WA 98101",Portátiles
ThinkPad Laptop,1,999.99,2022-02-17,"914 South St, Austin, TX 73301",Portátiles
Apple Airpods Headphones,1,150,2022-02-14,"184 1st St, San Francisco, CA 94016",Auriculares
Lightning Charging Cable,1,14.95,2022-02-15,"45 Lake St, Dallas, TX 75001",Cargadores
AAA Batteries (4-pack),1,2.99,2022-02-13,"733 Chestnut St, Austin, TX 73301",Pilas
Apple Airpods Headphones,1,150,2022-02-14,"183 South St, New York City, NY 10001",Auriculares
Lightning Charging Cable,2,14.95,2022-02-15,"998 Elm St, Dallas, TX 75001",Cargadores
Wired Headphones,1,11.99,2022-02-21,"728 Dogwood St, Dallas, TX 75001",Auriculares
Wired Headphones,1,11.99,2022-02-25,"50 Meadow St, San Francisco, CA 94016",Auriculares
Bose SoundSport Headphones,1,99.99,2022-02-28,"215 Johnson St, San Francisco, CA 94016",Auriculares
Lightning Charging Cable,1,14.95,2022-02-22,"224 Johnson St, Boston, MA 02215",Cargadores
Apple Airpods Headphones,1,150,2022-02-16,"778 West St, Atlanta, GA 30301",Auriculares
AAA Batteries (4-pack),2,2.99,2022-02-18,"457 Highland St, Los Angeles, CA 90001",Pilas
AAA Batteries (4-pack),1,2.99,2022-02-20,"98 7th St, New York City, NY 10001",Pilas
Lightning Charging Cable,1,14.95,2022-02-28,"88 Highland St, Los Angeles, CA 90001",Cargadores
Apple Airpods Headphones,1,150,2022-02-13,"704 Meadow St, San Francisco, CA 94016",Auriculares
Apple Airpods Headphones,1,150,2022-02-21,"346 8th St, Los Angeles, CA 90001",Auriculares
34in Ultrawide Monitor,1,379.99,2022-02-27,"838 Lake St, New York City, NY 10001",Monitores
AA Batteries (4-pack),1,3.84,2022-02-16,"331 11th St, San Francisco, CA 94016",Pilas
27in FHD Monitor,1,149.99,2022-02-26,"886 Wilson St, Los Angeles, CA 90001",Monitores
AA Batteries (4-pack),1,3.84,2022-02-22,"335 Forest St, Dallas, TX 75001",Pilas
AA Batteries (4-pack),1,3.84,2022-02-15,"968 Madison St, San Francisco, CA 94016",Pilas
20in Monitor,1,109.99,2022-02-19,"810 10th St, San Francisco, CA 94016",Monitores
AAA Batteries (4-pack),1,2.99,2022-02-18,"472 Highland St, New York City, NY 10001",Pilas
Macbook Pro Laptop,1,1700,2022-02-25,"67 Forest St, Los Angeles, CA 90001",Portátiles
iPhone,1,700,2022-02-21,"66 Spruce St, Dallas, TX 75001",Teléfonos
Lightning Charging Cable,1,14.95,2022-02-13,"794 Main St, San Francisco, CA 94016",Cargadores
Apple Airpods Headphones,1,150,2022-02-27,"329 Adams St, San Francisco, CA 94016",Auriculares
USB-C Charging Cable,1,11.95,2022-02-26,"100 Lincoln St, Dallas, TX 75001",Cargadores
Apple Airpods Headphones,1,150,2022-02-20,"663 13th St, Seattle, WA 98101",Auriculares
AA Batteries (4-pack),2,3.84,2022-02-18,"17 Lakeview St, Los Angeles, CA 90001",Pilas
Apple Airpods Headphones,1,150,2022-02-14,"632 Chestnut St, New York City, NY 10001",Auriculares
USB-C Charging Cable,1,11.95,2022-02-23,"843 2nd St, New York City, NY 10001",Cargadores
USB-C Charging Cable,1,11.95,2022-02-16,"319 11th St, New York City, NY 10001",Cargadores
AAA Batteries (4-pack),1,2.99,2022-02-20,"801 Madison St, Portland, OR 97035",Pilas
ThinkPad Laptop,1,999.99,2022-02-25,"506 9th St, San Francisco, CA 94016",Portátiles
USB-C Charging Cable,1,11.95,2022-02-23,"602 Church St, San Francisco, CA 94016",Cargadores
USB-C Charging Cable,1,11.95,2022-02-18,"857 6th St, San Francisco, CA 94016",Cargadores
Wired Headphones,1,11.99,2022-02-21,"420 Sunset St, San Francisco, CA 94016",Auriculares
Flatscreen TV,1,300,2022-02-21,"256 Madison St, San Francisco, CA 94016",Televisores
Bose SoundSport Headphones,1,99.99,2022-02-27,"700 Main St, Dallas, TX 75001",Auriculares
Lightning Charging Cable,1,14.95,2022-02-28,"766 12th St, Austin, TX 73301",Cargadores
USB-C Charging Cable,1,11.95,2022-02-28,"382 Center St, Los Angeles, CA 90001",Cargadores
ThinkPad Laptop,1,999.99,2022-02-19,"136 South St, Austin, TX 73301",Portátiles
AAA Batteries (4-pack),1,2.99,2022-02-23,"488 11th St, Los Angeles, CA 90001",Pilas
Apple Airpods Headphones,1,150,2022-02-14,"661 9th St, Atlanta, GA 30301",Auriculares
Wired Headphones,1,11.99,2022-02-20,"242 West St, New York City, NY 10001",Auriculares
27in 4K Gaming Monitor,1,389.99,2022-02-23,"657 Dogwood St, Atlanta, GA 30301",Monitores
AAA Batteries (4-pack),1,2.99,2022-02-22,"123 8th St, Portland, OR 97035",Pilas
USB-C Charging Cable,1,11.95,2022-02-15,"51 4th St, New York City, NY 10001",Cargadores
Google Phone,1,600,2022-02-21,"810 Lincoln St, Atlanta, GA 30301",Teléfonos
AA Batteries (4-pack),1,3.84,2022-02-13,"531 West St, Seattle, WA 98101",Pilas
Wired Headphones,1,11.99,2022-02-20,"731 Madison St, Austin, TX 73301",Auriculares
iPhone,1,700,2022-02-25,"756 Lake St, San Francisco, CA 94016",Teléfonos
AA Batteries (4-pack),1,3.84,2022-02-22,"205 South St, Boston, MA 02215",Pilas
27in FHD Monitor,1,149.99,2022-02-21,"380 13th St, San Francisco, CA 94016",Monitores
AA Batteries (4-pack),1,3.84,2022-02-20,"765 Hill St, Portland, OR 97035",Pilas
Lightning Charging Cable,1,14.95,2022-02-16,"624 North St, Los Angeles, CA 90001",Cargadores
27in FHD Monitor,1,149.99,2022-02-15,"631 5th St, Boston, MA 02215",Monitores
Flatscreen TV,1,300,2022-02-20,"670 Adams St, San Francisco, CA 94016",Televisores
AAA Batteries (4-pack),2,2.99,2022-02-22,"897 Center St, New York City, NY 10001",Pilas
USB-C Charging Cable,1,11.95,2022-02-28,"293 1st St, Boston, MA 02215",Cargadores
iPhone,1,700,2022-02-19,"485 Lakeview St, Los Angeles, CA 90001",Teléfonos
AA Batteries (4-pack),2,3.84,2022-02-16,"723 Jefferson St, Boston, MA 02215",Pilas
Wired Headphones,1,11.99,2022-02-13,"671 Willow St, San Francisco, CA 94016",Auriculares
Lightning Charging Cable,1,14.95,2022-02-15,"926 Lake St, Boston, MA 02215",Cargadores
Wired Headphones,1,11.99,2022-02-18,"851 Main St, Boston, MA 02215",Auriculares
27in 4K Gaming Monitor,1,389.99,2022-02-23,"882 5th St, San Francisco, CA 94016",Monitores
Lightning Charging Cable,1,14.95,2022-02-16,"997 Lake St, Austin, TX 73301",Cargadores
Bose SoundSport Headphones,1,99.99,2022-02-20,"727 Washington St, Los Angeles, CA 90001",Auriculares
USB-C Charging Cable,1,11.95,2022-02-27,"603 4th St, Portland, ME 04101",Cargadores
AA Batteries (4-pack),1,3.84,2022-02-20,"123 1st St, Dallas, TX 75001",Pilas
Bose SoundSport Headphones,1,99.99,2022-02-16,"311 14th St, Los Angeles, CA 90001",Auriculares
AAA Batteries (4-pack),1,2.99,2022-02-26,"497 Adams St, Atlanta, GA 30301",Pilas
Apple Airpods Headphones,1,150,2022-02-24,"277 Maple St, Atlanta, GA 30301",Auriculares
Bose SoundSport Headphones,1,99.99,2022-02-28,"304 Washington St, Boston, MA 02215",Auriculares
Apple Airpods Headphones,1,150,2022-02-20,"345 Meadow St, San Francisco, CA 94016",Auriculares
34in Ultrawide Monitor,1,379.99,2022-02-13,"107 Walnut St, Atlanta, GA 30301",Monitores
AA Batteries (4-pack),3,3.84,2022-02-25,"453 1st St, Seattle, WA 98101",Pilas
Wired Headphones,1,11.99,2022-02-24,"128 Lake St, Portland, ME 04101",Auriculares
Wired Headphones,1,11.99,2022-02-13,"746 Cherry St, Boston, MA 02215",Auriculares
34in Ultrawide Monitor,1,379.99,2022-02-28,"839 11th St, New York City, NY 10001",Monitores
Apple Airpods Headphones,1,150,2022-02-13,"582 Jefferson St, San Francisco, CA 94016",Auriculares
AAA Batteries (4-pack),1,2.99,2022-02-19,"732 14th St, San Francisco, CA 94016",Pilas
Flatscreen TV,1,300,2022-02-28,"723 Willow St, Dallas, TX 75001",Televisores
27in 4K Gaming Monitor,1,389.99,2022-02-22,"26 Meadow St, Austin, TX 73301",Monitores
USB-C Charging Cable,1,11.95,2022-02-14,"28 Lake St, New York City, NY 10001",Cargadores
Apple Airpods Headphones,1,150,2022-02-25,"168 Wilson St, Dallas, TX 75001",Auriculares
Macbook Pro Laptop,1,1700,2022-02-25,"475 Madison St, San Francisco, CA 94016",Portátiles
Apple Airpods Headphones,1,150,2022-02-18,"721 7th St, San Francisco, CA 94016",Auriculares
AA Batteries (4-pack),1,3.84,2022-02-18,"321 Johnson St, New York City, NY 10001",Pilas
iPhone,1,700,2022-02-25,"221 9th St, Los Angeles, CA 90001",Teléfonos
Google Phone,1,600,2022-02-13,"734 Cedar St, New York City, NY 10001",Teléfonos
34in Ultrawide Monitor,1,379.99,2022-02-24,"863 Cherry St, San Francisco, CA 94016",Monitores
AAA Batteries (4-pack),2,2.99,2022-02-27,"989 Jackson St, San Francisco, CA 94016",Pilas
27in 4K Gaming Monitor,1,389.99,2022-02-26,"974 8th St, San Francisco, CA 94016",Monitores
AA Batteries (4-pack),1,3.84,2022-02-23,"983 Johnson St, Los Angeles, CA 90001",Pilas
Wired Headphones,1,11.99,2022-02-18,"400 5th St, Austin, TX 73301",Auriculares
Wired Headphones,1,11.99,2022-02-14,"174 7th St, Atlanta, GA 30301",Auriculares
Google Phone,1,600,2022-02-22,"588 Elm St, Seattle, WA 98101",Teléfonos
AAA Batteries (4-pack),2,2.99,2022-02-19,"806 Sunset St, Los Angeles, CA 90001",Pilas
27in FHD Monitor,1,149.99,2022-02-22,"400 6th St, San Francisco, CA 94016",Monitores
USB-C Charging Cable,1,11.95,2022-02-15,"295 6th St, Los Angeles, CA 90001",Cargadores
AA Batteries (4-pack),1,3.84,2022-02-18,"754 Washington St, Boston, MA 02215",Pilas
AA Batteries (4-pack),2,3.84,2022-02-19,"132 Center St, New York City, NY 10001",Pilas
Apple Airpods Headphones,1,150,2022-02-26,"289 12th St, New York City, NY 10001",Auriculares
Macbook Pro Laptop,1,1700,2022-02-21,"844 12th St, Seattle, WA 98101",Portátiles
AAA Batteries (4-pack),2,2.99,2022-02-22,"818 Lake St, Portland, OR 97035",Pilas
Bose SoundSport Headphones,1,99.99,2022-02-16,"64 10th St, San Francisco, CA 94016",Auriculares
Macbook Pro Laptop,1,1700,2022-02-15,"87 1st St, San Francisco, CA 94016",Portátiles
Lightning Charging Cable,1,14.95,2022-02-17,"135 9th St, Dallas, TX 75001",Cargadores
Apple Airpods Headphones,1,150,2022-02-13,"742 10th St, New York City, NY 10001",Auriculares
USB-C Charging Cable,2,11.95,2022-02-20,"198 2nd St, Seattle, WA 98101",Cargadores
Bose SoundSport Headphones,1,99.99,2022-02-25,"915 Meadow St, New York City, NY 10001",Auriculares
27in 4K Gaming Monitor,1,389.99,2022-02-17,"818 Cherry St, San Francisco, CA 94016",Monitores
Bose SoundSport Headphones,1,99.99,2022-02-25,"619 Lincoln St, Portland, OR 97035",Auriculares
Flatscreen TV,1,300,2022-02-22,"925 8th St, San Francisco, CA 94016",Televisores
Lightning Charging Cable,1,14.95,2022-02-14,"68 2nd St, Dallas, TX 75001",Cargadores
USB-C Charging Cable,1,11.95,2022-02-18,"846 North St, Austin, TX 73301",Cargadores
AAA Batteries (4-pack),1,2.99,2022-02-17,"452 Hill St, Los Angeles, CA 90001",Pilas
Apple Airpods Headphones,1,150,2022-02-13,"932 West St, Seattle, WA 98101",Auriculares
USB-C Charging Cable,1,11.95,2022-02-19,"284 Church St, Atlanta, GA 30301",Cargadores
Wired Headphones,1,11.99,2022-02-25,"916 1st St, Boston, MA 02215",Auriculares
Lightning Charging Cable,1,14.95,2022-02-20,"877 Forest St, San Francisco, CA 94016",Cargadores
AA Batteries (4-pack),1,3.84,2022-02-20,"814 Main St, Boston, MA 02215",Pilas
LG Dryer,1,600.0,2022-02-24,"53 Elm St, New York City, NY 10001",Electrodomésticos
Apple Airpods Headphones,1,150,2022-02-14,"439 Walnut St, Austin, TX 73301",Auriculares
Macbook Pro Laptop,1,1700,2022-02-13,"358 7th St, Austin, TX 73301",Portátiles
Lightning Charging Cable,1,14.95,2022-02-17,"571 Jefferson St, Dallas, TX 75001",Cargadores
USB-C Charging Cable,1,11.95,2022-02-14,"892 Main St, San Francisco, CA 94016",Cargadores
27in 4K Gaming Monitor,1,389.99,2022-02-21,"238 Lincoln St, Portland, OR 97035",Monitores
27in FHD Monitor,1,149.99,2022-02-25,"697 Dogwood St, Los Angeles, CA 90001",Monitores
AAA Batteries (4-pack),4,2.99,2022-02-25,"752 Spruce St, Dallas, TX 75001",Pilas
Lightning Charging Cable,2,14.95,2022-02-28,"646 West St, San Francisco, CA 94016",Cargadores
USB-C Charging Cable,1,11.95,2022-02-26,"305 Ridge St, Los Angeles, CA 90001",Cargadores
AAA Batteries (4-pack),1,2.99,2022-02-27,"734 Wilson St, New York City, NY 10001",Pilas
AA Batteries (4-pack),2,3.84,2022-02-27,"561 Lakeview St, San Francisco, CA 94016",Pilas
USB-C Charging Cable,1,11.95,2022-02-16,"336 Lake St, New York City, NY 10001",Cargadores
Wired Headphones,1,11.99,2022-02-22,"65 11th St, New York City, NY 10001",Auriculares
27in FHD Monitor,1,149.99,2022-02-20,"235 Church St, San Francisco, CA 94016",Monitores
Wired Headphones,1,11.99,2022-02-16,"504 Jackson St, Seattle, WA 98101",Auriculares
USB-C Charging Cable,1,11.95,2022-02-21,"916 Washington St, San Francisco, CA 94016",Cargadores
27in 4K Gaming Monitor,1,389.99,2022-02-22,"66 12th St, San Francisco, CA 94016",Monitores
Wired Headphones,1,11.99,2022-02-19,"974 Forest St, San Francisco, CA 94016",Auriculares
Wired Headphones,1,11.99,2022-02-18,"891 11th St, San Francisco, CA 94016",Auriculares
Apple Airpods Headphones,1,150,2022-02-18,"434 7th St, Atlanta, GA 30301",Auriculares
AAA Batteries (4-pack),1,2.99,2022-02-13,"539 9th St, Seattle, WA 98101",Pilas
27in 4K Gaming Monitor,2,389.99,2022-02-13,"511 Johnson St, Seattle, WA 98101",Monitores
AAA Batteries (4-pack),4,2.99,2022-02-14,"598 Madison St, New York City, NY 10001",Pilas
LG Dryer,1,600.0,2022-02-14,"825 12th St, Los Angeles, CA 90001",Electrodomésticos
Wired Headphones,1,11.99,2022-02-22,"553 9th St, New York City, NY 10001",Auriculares
AA Batteries (4-pack),3,3.84,2022-02-25,"767 11th St, New York City, NY 10001",Pilas
27in 4K Gaming Monitor,1,389.99,2022-02-23,"799 Center St, Los Angeles, CA 90001",Monitores
Lightning Charging Cable,1,14.95,2022-02-16,"490 Johnson St, Portland, ME 04101",Cargadores
AA Batteries (4-pack),2,3.84,2022-02-19,"199 Maple St, Dallas, TX 75001",Pilas
AAA Batteries (4-pack),2,2.99,2022-02-17,"728 12th St, Los Angeles, CA 90001",Pilas
34in Ultrawide Monitor,1,379.99,2022-02-16,"836 Pine St, Atlanta, GA 30301",Monitores
Bose SoundSport Headphones,1,99.99,2022-02-21,"400 Church St, Austin, TX 73301",Auriculares
USB-C Charging Cable,1,11.95,2022-02-19,"724 Lake St, New York City, NY 10001",Cargadores
Wired Headphones,1,11.99,2022-02-28,"994 West St, San Francisco, CA 94016",Auriculares
Flatscreen TV,1,300,2022-02-19,"955 1st St, Dallas, TX 75001",Televisores
Lightning Charging Cable,1,14.95,2022-02-28,"928 Highland St, San Francisco, CA 94016",Cargadores
Flatscreen TV,1,300,2022-02-22,"387 Dogwood St, Boston, MA 02215",Televisores
AAA Batteries (4-pack),1,2.99,2022-02-23,"438 Cedar St, Boston, MA 02215",Pilas
AAA Batteries (4-pack),1,2.99,2022-02-24,"924 1st St, Seattle, WA 98101",Pilas
Lightning Charging Cable,1,14.95,2022-02-21,"852 14th St, Seattle, WA 98101",Cargadores
Lightning Charging Cable,1,14.95,2022-02-28,"860 Jackson St, San Francisco, CA 94016",Cargadores
Wired Headphones,1,11.99,2022-02-16,"350 Ridge St, Portland, OR 97035",Auriculares
Wired Headphones,1,11.99,2022-02-16,"380 10th St, New York City, NY 10001",Auriculares
Lightning Charging Cable,1,14.95,2022-02-18,"640 Chestnut St, Boston, MA 02215",Cargadores
Macbook Pro Laptop,1,1700,2022-02-18,"640 Chestnut St, Boston, MA 02215",Portátiles
AA Batteries (4-pack),1,3.84,2022-02-16,"453 Church St, Boston, MA 02215",Pilas
ThinkPad Laptop,1,999.99,2022-02-15,"471 Chestnut St, Boston, MA 02215",Portátiles
Bose SoundSport Headphones,1,99.99,2022-02-18,"590 Elm St, San Francisco, CA 94016",Auriculares
Google Phone,1,600,2022-02-14,"230 Wilson St, San Francisco, CA 94016",Teléfonos
Macbook Pro Laptop,1,1700,2022-02-18,"786 Washington St, Atlanta, GA 30301",Portátiles
Apple Airpods Headphones,1,150,2022-02-18,"423 Forest St, Los Angeles, CA 90001",Auriculares
Apple Airpods Headphones,1,150,2022-02-24,"117 Sunset St, San Francisco, CA 94016",Auriculares
Wired Headphones,1,11.99,2022-02-13,"914 Pine St, Seattle, WA 98101",Auriculares
Google Phone,1,600,2022-02-19,"653 River St, San Francisco, CA 94016",Teléfonos
USB-C Charging Cable,2,11.95,2022-02-13,"339 Madison St, San Francisco, CA 94016",Cargadores
34in Ultrawide Monitor,1,379.99,2022-02-28,"235 7th St, San Francisco, CA 94016",Monitores
AAA Batteries (4-pack),2,2.99,2022-02-22,"738 13th St, San Francisco, CA 94016",Pilas
Bose SoundSport Headphones,1,99.99,2022-02-16,"555 River St, San Francisco, CA 94016",Auriculares
Bose SoundSport Headphones,1,99.99,2022-02-14,"80 Meadow St, Austin, TX 73301",Auriculares
Wired Headphones,1,11.99,2022-02-28,"806 Center St, Portland, ME 04101",Auriculares
USB-C Charging Cable,1,11.95,2022-02-24,"537 Highland St, San Francisco, CA 94016",Cargadores
AA Batteries (4-pack),1,3.84,2022-02-26,"436 Washington St, Seattle, WA 98101",Pilas
Google Phone,1,600,2022-02-28,"375 Church St, New York City, NY 10001",Teléfonos
27in 4K Gaming Monitor,1,389.99,2022-02-16,"443 Maple St, New York City, NY 10001",Monitores
USB-C Charging Cable,1,11.95,2022-02-16,"942 Willow St, Boston, MA 02215",Cargadores
27in 4K Gaming Monitor,1,389.99,2022-02-23,"603 Ridge St, San Francisco, CA 94016",Monitores
Bose SoundSport Headphones,1,99.99,2022-02-25,"991 Center St, Boston, MA 02215",Auriculares
27in FHD Monitor,1,149.99,2022-02-23,"866 9th St, Los Angeles, CA 90001",Monitores
34in Ultrawide Monitor,1,379.99,2022-02-25,"71 7th St, Los Angeles, CA 90001",Monitores
34in Ultrawide Monitor,1,379.99,2022-02-27,"415 Lake St, New York City, NY 10001",Monitores
Apple Airpods Headphones,1,150,2022-02-20,"558 Washington St, Seattle, WA 98101",Auriculares
Apple Airpods Headphones,1,150,2022-02-17,"149 Forest St, Seattle, WA 98101",Auriculares
USB-C Charging Cable,1,11.95,2022-02-18,"951 Spruce St, San Francisco, CA 94016",Cargadores
AA Batteries (4-pack),1,3.84,2022-02-18,"951 Spruce St, San Francisco, CA 94016",Pilas
AAA Batteries (4-pack),1,2.99,2022-02-25,"676 Church St, San Francisco, CA 94016",Pilas
Lightning Charging Cable,1,14.95,2022-02-22,"583 11th St, Los Angeles, CA 90001",Cargadores
iPhone,1,700,2022-02-20,"38 Cedar St, Atlanta, GA 30301",Teléfonos
Lightning Charging Cable,1,14.95,2022-02-20,"38 Cedar St, Atlanta, GA 30301",Cargadores
Wired Headphones,1,11.99,2022-02-15,"590 South St, Los Angeles, CA 90001",Auriculares
Wired Headphones,1,11.99,2022-02-16,"10 North St, Portland, OR 97035",Auriculares
Bose SoundSport Headphones,1,99.99,2022-02-17,"77 Main St, Portland, ME 04101",Auriculares
34in Ultrawide Monitor,1,379.99,2022-02-17,"388 Chestnut St, Austin, TX 73301",Monitores
USB-C Charging Cable,1,11.95,2022-02-20,"152 South St, New York City, NY 10001",Cargadores
AA Batteries (4-pack),2,3.84,2022-02-17,"22 5th St, Los Angeles, CA 90001",Pilas
Apple Airpods Headphones,1,150,2022-02-28,"925 Park St, San Francisco, CA 94016",Auriculares
Wired Headphones,1,11.99,2022-02-18,"433 Hill St, Seattle, WA 98101",Auriculares
Apple Airpods Headphones,1,150,2022-02-25,"606 11th St, San Francisco, CA 94016",Auriculares
Lightning Charging Cable,1,14.95,2022-02-14,"408 Wilson St, New York City, NY 10001",Cargadores
Wired Headphones,2,11.99,2022-02-20,"778 Spruce St, Los Angeles, CA 90001",Auriculares
Google Phone,1,600,2022-02-14,"443 Pine St, Los Angeles, CA 90001",Teléfonos
USB-C Charging Cable,1,11.95,2022-02-27,"637 14th St, San Francisco, CA 94016",Cargadores
34in Ultrawide Monitor,1,379.99,2022-02-27,"990 Ridge St, Seattle, WA 98101",Monitores
Lightning Charging Cable,1,14.95,2022-02-28,"180 Ridge St, New York City, NY 10001",Cargadores
Apple Airpods Headphones,1,150,2022-02-28,"180 Ridge St, New York City, NY 10001",Auriculares
ThinkPad Laptop,1,999.99,2022-02-26,"526 Maple St, New York City, NY 10001",Portátiles
AAA Batteries (4-pack),1,2.99,2022-02-20,"367 Lake St, Dallas, TX 75001",Pilas
Lightning Charging Cable,2,14.95,2022-02-13,"310 4th St, Dallas, TX 75001",Cargadores
iPhone,1,700,2022-02-20,"958 Cherry St, Los Angeles, CA 90001",Teléfonos
Lightning Charging Cable,1,14.95,2022-02-20,"958 Cherry St, Los Angeles, CA 90001",Cargadores
Wired Headphones,1,11.99,2022-02-22,"891 7th St, Los Angeles, CA 90001",Auriculares
Wired Headphones,1,11.99,2022-02-24,"256 2nd St, New York City, NY 10001",Auriculares
AAA Batteries (4-pack),1,2.99,2022-02-15,"287 Chestnut St, Atlanta, GA 30301",Pilas
Macbook Pro Laptop,1,1700,2022-02-25,"238 Willow St, San Francisco, CA 94016",Portátiles
AA Batteries (4-pack),1,3.84,2022-02-25,"351 8th St, San Francisco, CA 94016",Pilas
20in Monitor,1,109.99,2022-02-26,"162 Pine St, San Francisco, CA 94016",Monitores
Apple Airpods Headphones,1,150,2022-02-18,"492 Cedar St, Seattle, WA 98101",Auriculares
27in 4K Gaming Monitor,1,389.99,2022-02-14,"900 Willow St, New York City, NY 10001",Monitores
USB-C Charging Cable,1,11.95,2022-02-20,"77 Walnut St, San Francisco, CA 94016",Cargadores
ThinkPad Laptop,1,999.99,2022-02-19,"771 Elm St, Seattle, WA 98101",Portátiles
USB-C Charging Cable,2,11.95,2022-02-23,"816 Elm St, Atlanta, GA 30301",Cargadores
Google Phone,1,600,2022-02-19,"151 Cherry St, Dallas, TX 75001",Teléfonos
Flatscreen TV,1,300,2022-02-26,"113 14th St, Dallas, TX 75001",Televisores
Bose SoundSport Headphones,1,99.99,2022-02-28,"724 Jefferson St, New York City, NY 10001",Auriculares
Google Phone,1,600,2022-02-15,"708 Lakeview St, Dallas, TX 75001",Teléfonos
Bose SoundSport Headphones,1,99.99,2022-02-15,"654 River St, San Francisco, CA 94016",Auriculares
AA Batteries (4-pack),3,3.84,2022-02-27,"726 Chestnut St, Boston, MA 02215",Pilas
AA Batteries (4-pack),1,3.84,2022-02-25,"483 Lake St, San Francisco, CA 94016",Pilas
Google Phone,1,600,2022-02-22,"791 South St, San Francisco, CA 94016",Teléfonos
Lightning Charging Cable,1,14.95,2022-02-21,"784 13th St, Boston, MA 02215",Cargadores
20in Monitor,1,109.99,2022-02-15,"154 11th St, Portland, OR 97035",Monitores
AAA Batteries (4-pack),1,2.99,2022-02-23,"627 Meadow St, San Francisco, CA 94016",Pilas
Lightning Charging Cable,1,14.95,2022-02-16,"871 1st St, San Francisco, CA 94016",Cargadores
34in Ultrawide Monitor,1,379.99,2022-02-13,"760 14th St, Dallas, TX 75001",Monitores
iPhone,1,700,2022-02-17,"100 Maple St, Portland, OR 97035",Teléfonos
27in FHD Monitor,2,149.99,2022-02-19,"792 5th St, Portland, OR 97035",Monitores
Wired Headphones,1,11.99,2022-02-21,"391 5th St, Austin, TX 73301",Auriculares
iPhone,1,700,2022-02-25,"419 4th St, Los Angeles, CA 90001",Teléfonos
USB-C Charging Cable,1,11.95,2022-02-15,"769 Highland St, Boston, MA 02215",Cargadores
27in FHD Monitor,1,149.99,2022-02-17,"311 Johnson St, Los Angeles, CA 90001",Monitores
Macbook Pro Laptop,1,1700,2022-02-26,"40 Ridge St, Atlanta, GA 30301",Portátiles
AA Batteries (4-pack),1,3.84,2022-02-14,"695 Lakeview St, Atlanta, GA 30301",Pilas
AA Batteries (4-pack),1,3.84,2022-02-22,"222 4th St, Atlanta, GA 30301",Pilas
Lightning Charging Cable,1,14.95,2022-02-23,"274 Park St, Los Angeles, CA 90001",Cargadores
AA Batteries (4-pack),2,3.84,2022-02-21,"946 River St, Los Angeles, CA 90001",Pilas
AA Batteries (4-pack),1,3.84,2022-02-26,"917 West St, Austin, TX 73301",Pilas
AAA Batteries (4-pack),1,2.99,2022-02-14,"579 12th St, Seattle, WA 98101",Pilas
AAA Batteries (4-pack),1,2.99,2022-02-23,"580 Spruce St, Portland, OR 97035",Pilas
USB-C Charging Cable,1,11.95,2022-02-22,"673 12th St, Austin, TX 73301",Cargadores
Apple Airpods Headphones,1,150,2022-02-18,"331 Sunset St, Austin, TX 73301",Auriculares
Bose SoundSport Headphones,1,99.99,2022-02-23,"560 Cedar St, New York City, NY 10001",Auriculares
27in FHD Monitor,1,149.99,2022-02-17,"519 1st St, Atlanta, GA 30301",Monitores
Lightning Charging Cable,1,14.95,2022-02-19,"524 Maple St, Atlanta, GA 30301",Cargadores
34in Ultrawide Monitor,1,379.99,2022-02-22,"270 Church St, Dallas, TX 75001",Monitores
27in FHD Monitor,1,149.99,2022-02-22,"812 River St, Seattle, WA 98101",Monitores
ThinkPad Laptop,1,999.99,2022-02-18,"690 14th St, Atlanta, GA 30301",Portátiles
Wired Headphones,1,11.99,2022-02-26,"884 8th St, San Francisco, CA 94016",Auriculares
Lightning Charging Cable,1,14.95,2022-02-28,"205 10th St, San Francisco, CA 94016",Cargadores
Bose SoundSport Headphones,1,99.99,2022-02-23,"630 Sunset St, San Francisco, CA 94016",Auriculares
27in 4K Gaming Monitor,1,389.99,2022-02-25,"367 Cherry St, San Francisco, CA 94016",Monitores
Vareebadd Phone,1,400,2022-02-20,"540 4th St, Los Angeles, CA 90001",Teléfonos
Lightning Charging Cable,1,14.95,2022-02-19,"660 6th St, Los Angeles, CA 90001",Cargadores
AA Batteries (4-pack),1,3.84,2022-02-19,"788 Dogwood St, Dallas, TX 75001",Pilas
AA Batteries (4-pack),2,3.84,2022-02-22,"397 5th St, Portland, OR 97035",Pilas
20in Monitor,1,109.99,2022-02-18,"368 6th St, Los Angeles, CA 90001",Monitores
Lightning Charging Cable,1,14.95,2022-02-19,"59 Sunset St, Los Angeles, CA 90001",Cargadores
ThinkPad Laptop,1,999.99,2022-02-13,"578 9th St, Seattle, WA 98101",Portátiles
AA Batteries (4-pack),2,3.84,2022-02-28,"959 Johnson St, Dallas, TX 75001",Pilas
Apple Airpods Headphones,1,150,2022-02-28,"988 Walnut St, Los Angeles, CA 90001",Auriculares
USB-C Charging Cable,1,11.95,2022-02-28,"752 Walnut St, Portland, OR 97035",Cargadores
Lightning Charging Cable,1,14.95,2022-02-13,"98 Ridge St, Los Angeles, CA 90001",Cargadores
Macbook Pro Laptop,1,1700,2022-02-25,"207 Jefferson St, Los Angeles, CA 90001",Portátiles
27in 4K Gaming Monitor,1,389.99,2022-02-18,"584 Highland St, San Francisco, CA 94016",Monitores
Lightning Charging Cable,1,14.95,2022-02-26,"64 Cherry St, New York City, NY 10001",Cargadores
Bose SoundSport Headphones,1,99.99,2022-02-15,"757 Washington St, Atlanta, GA 30301",Auriculares
ThinkPad Laptop,1,999.99,2022-02-23,"671 Lakeview St, Los Angeles, CA 90001",Portátiles
AA Batteries (4-pack),1,3.84,2022-02-26,"890 7th St, New York City, NY 10001",Pilas
AA Batteries (4-pack),1,3.84,2022-02-26,"463 Jefferson St, San Francisco, CA 94016",Pilas
ThinkPad Laptop,1,999.99,2022-02-18,"267 Johnson St, Seattle, WA 98101",Portátiles
LG Dryer,1,600.0,2022-02-16,"229 Lakeview St, Boston, MA 02215",Electrodomésticos
Wired Headphones,1,11.99,2022-02-28,"910 4th St, Atlanta, GA 30301",Auriculares
Bose SoundSport Headphones,1,99.99,2022-02-13,"627 12th St, San Francisco, CA 94016",Auriculares
AA Batteries (4-pack),1,3.84,2022-02-13,"908 Meadow St, San Francisco, CA 94016",Pilas
Apple Airpods Headphones,1,150,2022-02-21,"458 Main St, New York City, NY 10001",Auriculares
Apple Airpods Headphones,1,150,2022-02-23,"768 Hickory St, Los Angeles, CA 90001",Auriculares
Vareebadd Phone,1,400,2022-02-26,"34 Maple St, Portland, OR 97035",Teléfonos
Wired Headphones,1,11.99,2022-02-28,"410 North St, Los Angeles, CA 90001",Auriculares
27in FHD Monitor,1,149.99,2022-02-16,"720 9th St, San Francisco, CA 94016",Monitores
27in FHD Monitor,1,149.99,2022-02-27,"337 Forest St, Atlanta, GA 30301",Monitores
Bose SoundSport Headphones,1,99.99,2022-02-16,"454 Center St, Dallas, TX 75001",Auriculares
Wired Headphones,1,11.99,2022-02-22,"710 Maple St, Austin, TX 73301",Auriculares
Bose SoundSport Headphones,1,99.99,2022-02-25,"154 13th St, Seattle, WA 98101",Auriculares
Apple Airpods Headphones,1,150,2022-02-16,"980 West St, Los Angeles, CA 90001",Auriculares
AA Batteries (4-pack),1,3.84,2022-02-17,"681 Pine St, New York City, NY 10001",Pilas
34in Ultrawide Monitor,1,379.99,2022-02-21,"185 Washington St, New York City, NY 10001",Monitores
Wired Headphones,1,11.99,2022-02-22,"44 Hickory St, Austin, TX 73301",Auriculares
Wired Headphones,1,11.99,2022-02-18,"270 North St, Los Angeles, CA 90001",Auriculares
Google Phone,1,600,2022-02-22,"657 Sunset St, Los Angeles, CA 90001",Teléfonos
LG Washing Machine,1,600.0,2022-02-28,"614 Sunset St, San Francisco, CA 94016",Electrodomésticos
AAA Batteries (4-pack),3,2.99,2022-02-14,"147 Lake St, Portland, OR 97035",Pilas
27in FHD Monitor,1,149.99,2022-02-14,"433 Hickory St, Dallas, TX 75001",Monitores
USB-C Charging Cable,1,11.95,2022-02-15,"270 Highland St, San Francisco, CA 94016",Cargadores
34in Ultrawide Monitor,1,379.99,2022-02-21,"704 Sunset St, Austin, TX 73301",Monitores
Lightning Charging Cable,1,14.95,2022-02-28,"711 5th St, Seattle, WA 98101",Cargadores
Bose SoundSport Headphones,1,99.99,2022-02-14,"380 11th St, Austin, TX 73301",Auriculares
27in 4K Gaming Monitor,1,389.99,2022-02-15,"22 Johnson St, Dallas, TX 75001",Monitores
20in Monitor,1,109.99,2022-02-27,"196 Lakeview St, Portland, OR 97035",Monitores
USB-C Charging Cable,1,11.95,2022-02-15,"301 Cedar St, San Francisco, CA 94016",Cargadores
Lightning Charging Cable,1,14.95,2022-02-13,"838 Cedar St, San Francisco, CA 94016",Cargadores
Macbook Pro Laptop,1,1700,2022-02-17,"761 Jefferson St, Dallas, TX 75001",Portátiles
AA Batteries (4-pack),1,3.84,2022-02-28,"916 Madison St, Los Angeles, CA 90001",Pilas
Lightning Charging Cable,1,14.95,2022-02-13,"620 10th St, San Francisco, CA 94016",Cargadores
27in FHD Monitor,1,149.99,2022-02-19,"210 Lakeview St, San Francisco, CA 94016",Monitores
Flatscreen TV,1,300,2022-02-15,"156 14th St, Los Angeles, CA 90001",Televisores
iPhone,1,700,2022-02-13,"440 Maple St, Atlanta, GA 30301",Teléfonos
20in Monitor,1,109.99,2022-02-23,"459 Washington St, San Francisco, CA 94016",Monitores
Lightning Charging Cable,1,14.95,2022-02-22,"25 Main St, Los Angeles, CA 90001",Cargadores
USB-C Charging Cable,1,11.95,2022-02-26,"680 Hill St, Portland, ME 04101",Cargadores
ThinkPad Laptop,1,999.99,2022-02-15,"794 Lake St, Los Angeles, CA 90001",Portátiles
Apple Airpods Headphones,1,150,2022-02-22,"253 Forest St, Austin, TX 73301",Auriculares
Bose SoundSport Headphones,1,99.99,2022-02-13,"968 14th St, Atlanta, GA 30301",Auriculares
27in FHD Monitor,1,149.99,2022-02-16,"311 Ridge St, Seattle, WA 98101",Monitores
Lightning Charging Cable,1,14.95,2022-02-21,"376 Church St, Los Angeles, CA 90001",Cargadores
AAA Batteries (4-pack),1,2.99,2022-02-25,"320 Highland St, Portland, OR 97035",Pilas
AA Batteries (4-pack),4,3.84,2022-02-25,"72 Jackson St, Boston, MA 02215",Pilas
Macbook Pro Laptop,1,1700,2022-02-15,"375 Lincoln St, Portland, OR 97035",Portátiles
20in Monitor,1,109.99,2022-02-26,"975 Chestnut St, Seattle, WA 98101",Monitores
Apple Airpods Headphones,1,150,2022-02-19,"724 Main St, San Francisco, CA 94016",Auriculares
ThinkPad Laptop,1,999.99,2022-02-15,"209 Cherry St, Los Angeles, CA 90001",Portátiles
AAA Batteries (4-pack),1,2.99,2022-02-28,"839 Lakeview St, San Francisco, CA 94016",Pilas
Wired Headphones,1,11.99,2022-02-14,"568 Wilson St, San Francisco, CA 94016",Auriculares
Apple Airpods Headphones,1,150,2022-02-21,"497 Lakeview St, San Francisco, CA 94016",Auriculares
AAA Batteries (4-pack),4,2.99,2022-02-20,"535 Main St, New York City, NY 10001",Pilas
Lightning Charging Cable,3,14.95,2022-02-14,"585 Lincoln St, Los Angeles, CA 90001",Cargadores
AAA Batteries (4-pack),2,2.99,2022-02-16,"217 8th St, Boston, MA 02215",Pilas
Lightning Charging Cable,1,14.95,2022-02-27,"715 Dogwood St, Atlanta, GA 30301",Cargadores
Google Phone,1,600,2022-02-14,"18 10th St, San Francisco, CA 94016",Teléfonos
USB-C Charging Cable,2,11.95,2022-02-14,"18 10th St, San Francisco, CA 94016",Cargadores
ThinkPad Laptop,1,999.99,2022-02-16,"614 Lake St, Seattle, WA 98101",Portátiles
27in 4K Gaming Monitor,1,389.99,2022-02-24,"777 Lake St, Los Angeles, CA 90001",Monitores
AA Batteries (4-pack),1,3.84,2022-02-28,"246 Lakeview St, Seattle, WA 98101",Pilas
Apple Airpods Headphones,1,150,2022-02-17,"352 Meadow St, San Francisco, CA 94016",Auriculares
Lightning Charging Cable,1,14.95,2022-02-14,"441 Jackson St, Austin, TX 73301",Cargadores
Vareebadd Phone,1,400,2022-02-23,"783 4th St, San Francisco, CA 94016",Teléfonos
AA Batteries (4-pack),1,3.84,2022-02-14,"974 Sunset St, San Francisco, CA 94016",Pilas
USB-C Charging Cable,2,11.95,2022-02-28,"542 2nd St, Los Angeles, CA 90001",Cargadores
Wired Headphones,1,11.99,2022-02-22,"191 Adams St, Los Angeles, CA 90001",Auriculares
ThinkPad Laptop,1,999.99,2022-02-19,"485 Washington St, Los Angeles, CA 90001",Portátiles
27in 4K Gaming Monitor,1,389.99,2022-02-23,"520 Lake St, New York City, NY 10001",Monitores
LG Dryer,1,600.0,2022-02-28,"713 Center St, Portland, ME 04101",Electrodomésticos
27in FHD Monitor,1,149.99,2022-02-21,"59 5th St, San Francisco, CA 94016",Monitores
27in 4K Gaming Monitor,1,389.99,2022-02-22,"921 Elm St, San Francisco, CA 94016",Monitores
Wired Headphones,1,11.99,2022-02-16,"600 6th St, Seattle, WA 98101",Auriculares
Lightning Charging Cable,1,14.95,2022-02-19,"374 Washington St, Austin, TX 73301",Cargadores
AAA Batteries (4-pack),1,2.99,2022-02-24,"309 5th St, New York City, NY 10001",Pilas
AA Batteries (4-pack),1,3.84,2022-02-24,"309 5th St, New York City, NY 10001",Pilas
Apple Airpods Headphones,1,150,2022-02-19,"491 12th St, San Francisco, CA 94016",Auriculares
Lightning Charging Cable,1,14.95,2022-02-14,"703 Lincoln St, Atlanta, GA 30301",Cargadores
Apple Airpods Headphones,1,150,2022-02-21,"813 Jefferson St, San Francisco, CA 94016",Auriculares
Apple Airpods Headphones,1,150,2022-02-18,"670 11th St, Portland, OR 97035",Auriculares
USB-C Charging Cable,1,11.95,2022-02-24,"59 Walnut St, New York City, NY 10001",Cargadores
Flatscreen TV,1,300,2022-02-22,"239 Adams St, Boston, MA 02215",Televisores
Lightning Charging Cable,1,14.95,2022-02-28,"111 Elm St, Atlanta, GA 30301",Cargadores
AAA Batteries (4-pack),1,2.99,2022-02-18,"298 10th St, Los Angeles, CA 90001",Pilas
iPhone,1,700,2022-02-18,"624 Lake St, Austin, TX 73301",Teléfonos
Bose SoundSport Headphones,1,99.99,2022-02-23,"195 Jefferson St, Los Angeles, CA 90001",Auriculares
Wired Headphones,1,11.99,2022-02-22,"315 2nd St, Los Angeles, CA 90001",Auriculares
Bose SoundSport Headphones,1,99.99,2022-02-23,"941 Jefferson St, Seattle, WA 98101",Auriculares
Lightning Charging Cable,1,14.95,2022-02-20,"757 Maple St, Portland, OR 97035",Cargadores
Wired Headphones,1,11.99,2022-02-15,"870 6th St, Los Angeles, CA 90001",Auriculares
AAA Batteries (4-pack),1,2.99,2022-02-15,"967 Hill St, Los Angeles, CA 90001",Pilas
AAA Batteries (4-pack),1,2.99,2022-02-28,"291 Maple St, Atlanta, GA 30301",Pilas
Lightning Charging Cable,1,14.95,2022-02-15,"985 West St, Austin, TX 73301",Cargadores
34in Ultrawide Monitor,1,379.99,2022-02-17,"974 Lakeview St, Los Angeles, CA 90001",Monitores
USB-C Charging Cable,2,11.95,2022-02-22,"70 Center St, Atlanta, GA 30301",Cargadores
USB-C Charging Cable,1,11.95,2022-02-17,"507 Washington St, Portland, ME 04101",Cargadores
AA Batteries (4-pack),1,3.84,2022-02-27,"358 Dogwood St, San Francisco, CA 94016",Pilas
USB-C Charging Cable,2,11.95,2022-02-24,"578 6th St, Los Angeles, CA 90001",Cargadores
Lightning Charging Cable,1,14.95,2022-02-19,"975 Johnson St, Dallas, TX 75001",Cargadores
27in 4K Gaming Monitor,1,389.99,2022-02-25,"914 Walnut St, Los Angeles, CA 90001",Monitores
USB-C Charging Cable,1,11.95,2022-02-23,"953 1st St, Boston, MA 02215",Cargadores
Flatscreen TV,1,300,2022-02-23,"47 7th St, Atlanta, GA 30301",Televisores
34in Ultrawide Monitor,1,379.99,2022-02-18,"925 4th St, Dallas, TX 75001",Monitores
ThinkPad Laptop,1,999.99,2022-02-23,"117 Chestnut St, Portland, OR 97035",Portátiles
AAA Batteries (4-pack),2,2.99,2022-02-18,"994 Madison St, Los Angeles, CA 90001",Pilas
AAA Batteries (4-pack),1,2.99,2022-02-27,"163 Main St, Los Angeles, CA 90001",Pilas
USB-C Charging Cable,1,11.95,2022-02-27,"124 10th St, Atlanta, GA 30301",Cargadores
Lightning Charging Cable,1,14.95,2022-02-22,"596 Elm St, New York City, NY 10001",Cargadores
Apple Airpods Headphones,1,150,2022-02-28,"786 Adams St, New York City, NY 10001",Auriculares
Google Phone,1,600,2022-02-14,"60 Washington St, New York City, NY 10001",Teléfonos
Apple Airpods Headphones,1,150,2022-02-14,"8 6th St, Austin, TX 73301",Auriculares
Flatscreen TV,1,300,2022-02-21,"332 6th St, San Francisco, CA 94016",Televisores
Flatscreen TV,1,300,2022-02-18,"960 Jackson St, Los Angeles, CA 90001",Televisores
AAA Batteries (4-pack),1,2.99,2022-02-13,"360 Jackson St, Dallas, TX 75001",Pilas
Wired Headphones,1,11.99,2022-02-21,"732 Highland St, San Francisco, CA 94016",Auriculares
Vareebadd Phone,1,400,2022-02-22,"893 Ridge St, Los Angeles, CA 90001",Teléfonos
34in Ultrawide Monitor,1,379.99,2022-02-25,"102 14th St, Boston, MA 02215",Monitores
27in FHD Monitor,1,149.99,2022-02-19,"894 4th St, San Francisco, CA 94016",Monitores
USB-C Charging Cable,1,11.95,2022-02-15,"460 9th St, New York City, NY 10001",Cargadores
Bose SoundSport Headphones,1,99.99,2022-02-20,"895 Maple St, Austin, TX 73301",Auriculares
27in FHD Monitor,1,149.99,2022-02-17,"536 South St, San Francisco, CA 94016",Monitores
AA Batteries (4-pack),1,3.84,2022-02-14,"114 6th St, Austin, TX 73301",Pilas
34in Ultrawide Monitor,1,379.99,2022-02-16,"825 Meadow St, Portland, OR 97035",Monitores
Google Phone,1,600,2022-02-20,"93 11th St, San Francisco, CA 94016",Teléfonos
USB-C Charging Cable,1,11.95,2022-02-20,"93 11th St, San Francisco, CA 94016",Cargadores
Wired Headphones,1,11.99,2022-02-20,"93 11th St, San Francisco, CA 94016",Auriculares
AA Batteries (4-pack),3,3.84,2022-02-25,"430 12th St, San Francisco, CA 94016",Pilas
Wired Headphones,1,11.99,2022-02-19,"593 Cherry St, Los Angeles, CA 90001",Auriculares
Apple Airpods Headphones,1,150,2022-02-18,"99 North St, San Francisco, CA 94016",Auriculares
AA Batteries (4-pack),1,3.84,2022-02-14,"143 Hickory St, San Francisco, CA 94016",Pilas
Lightning Charging Cable,1,14.95,2022-02-13,"488 Main St, Boston, MA 02215",Cargadores
Apple Airpods Headphones,1,150,2022-02-24,"233 Church St, San Francisco, CA 94016",Auriculares
Lightning Charging Cable,1,14.95,2022-02-14,"989 Wilson St, Seattle, WA 98101",Cargadores
AAA Batteries (4-pack),1,2.99,2022-02-18,"592 Lake St, San Francisco, CA 94016",Pilas
AA Batteries (4-pack),1,3.84,2022-02-17,"713 Walnut St, Austin, TX 73301",Pilas
27in FHD Monitor,2,149.99,2022-02-17,"941 Dogwood St, Los Angeles, CA 90001",Monitores
27in 4K Gaming Monitor,1,389.99,2022-02-27,"687 Lakeview St, Los Angeles, CA 90001",Monitores
34in Ultrawide Monitor,1,379.99,2022-02-20,"486 Dogwood St, New York City, NY 10001",Monitores
Bose SoundSport Headphones,1,99.99,2022-02-21,"922 8th St, San Francisco, CA 94016",Auriculares
Apple Airpods Headphones,1,150,2022-02-24,"534 Wilson St, Atlanta, GA 30301",Auriculares
AA Batteries (4-pack),1,3.84,2022-02-23,"469 Lake St, San Francisco, CA 94016",Pilas
Lightning Charging Cable,1,14.95,2022-02-27,"411 Dogwood St, Los Angeles, CA 90001",Cargadores
Bose SoundSport Headphones,1,99.99,2022-02-14,"209 7th St, San Francisco, CA 94016",Auriculares
Wired Headphones,1,11.99,2022-02-28,"328 Dogwood St, Atlanta, GA 30301",Auriculares
27in FHD Monitor,1,149.99,2022-02-26,"850 Cedar St, Los Angeles, CA 90001",Monitores
Flatscreen TV,1,300,2022-02-21,"374 Cherry St, Boston, MA 02215",Televisores
Wired Headphones,1,11.99,2022-02-15,"694 West St, Boston, MA 02215",Auriculares
Wired Headphones,1,11.99,2022-02-24,"403 Sunset St, Austin, TX 73301",Auriculares
Apple Airpods Headphones,1,150,2022-02-15,"595 9th St, Dallas, TX 75001",Auriculares
USB-C Charging Cable,1,11.95,2022-02-14,"982 Pine St, San Francisco, CA 94016",Cargadores
USB-C Charging Cable,2,11.95,2022-02-27,"629 Sunset St, Boston, MA 02215",Cargadores
USB-C Charging Cable,1,11.95,2022-02-26,"678 Lincoln St, San Francisco, CA 94016",Cargadores
iPhone,1,700,2022-02-13,"563 Lincoln St, Los Angeles, CA 90001",Teléfonos
27in 4K Gaming Monitor,1,389.99,2022-02-24,"626 Madison St, Dallas, TX 75001",Monitores
Lightning Charging Cable,1,14.95,2022-02-27,"103 Spruce St, Boston, MA 02215",Cargadores
Apple Airpods Headphones,1,150,2022-02-24,"825 13th St, Los Angeles, CA 90001",Auriculares
20in Monitor,1,109.99,2022-02-21,"964 Lakeview St, Los Angeles, CA 90001",Monitores
AAA Batteries (4-pack),1,2.99,2022-02-13,"284 Sunset St, San Francisco, CA 94016",Pilas
Lightning Charging Cable,1,14.95,2022-02-23,"94 Church St, Austin, TX 73301",Cargadores
Flatscreen TV,1,300,2022-02-14,"948 5th St, New York City, NY 10001",Televisores
Apple Airpods Headphones,1,150,2022-02-22,"839 9th St, San Francisco, CA 94016",Auriculares
Wired Headphones,1,11.99,2022-02-15,"870 North St, New York City, NY 10001",Auriculares
Bose SoundSport Headphones,1,99.99,2022-02-23,"217 10th St, San Francisco, CA 94016",Auriculares
34in Ultrawide Monitor,1,379.99,2022-02-18,"860 Chestnut St, San Francisco, CA 94016",Monitores
27in FHD Monitor,1,149.99,2022-02-13,"786 Adams St, Seattle, WA 98101",Monitores
Macbook Pro Laptop,1,1700,2022-02-28,"151 Hill St, New York City, NY 10001",Portátiles
Flatscreen TV,1,300,2022-02-15,"531 Jackson St, Boston, MA 02215",Televisores
USB-C Charging Cable,1,11.95,2022-02-20,"138 11th St, Portland, OR 97035",Cargadores
Lightning Charging Cable,1,14.95,2022-02-22,"541 Hickory St, Seattle, WA 98101",Cargadores
27in 4K Gaming Monitor,1,389.99,2022-02-21,"566 Sunset St, Boston, MA 02215",Monitores
Bose SoundSport Headphones,1,99.99,2022-02-17,"871 10th St, San Francisco, CA 94016",Auriculares
Wired Headphones,1,11.99,2022-02-25,"815 Chestnut St, San Francisco, CA 94016",Auriculares
Wired Headphones,1,11.99,2022-02-13,"901 Walnut St, New York City, NY 10001",Auriculares
AAA Batteries (4-pack),1,2.99,2022-02-23,"716 Willow St, San Francisco, CA 94016",Pilas
Lightning Charging Cable,1,14.95,2022-02-16,"168 13th St, Los Angeles, CA 90001",Cargadores
34in Ultrawide Monitor,1,379.99,2022-02-27,"47 11th St, Seattle, WA 98101",Monitores
Macbook Pro Laptop,1,1700,2022-02-23,"289 7th St, San Francisco, CA 94016",Portátiles
Lightning Charging Cable,1,14.95,2022-02-20,"917 Lincoln St, Los Angeles, CA 90001",Cargadores
Bose SoundSport Headphones,1,99.99,2022-02-14,"6 12th St, New York City, NY 10001",Auriculares
AA Batteries (4-pack),1,3.84,2022-02-25,"633 4th St, Atlanta, GA 30301",Pilas
Bose SoundSport Headphones,1,99.99,2022-02-28,"840 Hickory St, San Francisco, CA 94016",Auriculares
27in 4K Gaming Monitor,1,389.99,2022-02-20,"60 Walnut St, Seattle, WA 98101",Monitores
AAA Batteries (4-pack),1,2.99,2022-02-21,"497 8th St, New York City, NY 10001",Pilas
Lightning Charging Cable,1,14.95,2022-02-27,"467 11th St, Portland, ME 04101",Cargadores
27in 4K Gaming Monitor,1,389.99,2022-02-16,"356 Spruce St, Austin, TX 73301",Monitores
USB-C Charging Cable,3,11.95,2022-02-13,"319 14th St, San Francisco, CA 94016",Cargadores
AA Batteries (4-pack),1,3.84,2022-02-17,"857 Hill St, Atlanta, GA 30301",Pilas
Wired Headphones,1,11.99,2022-02-15,"72 2nd St, San Francisco, CA 94016",Auriculares
iPhone,1,700,2022-02-17,"970 10th St, Los Angeles, CA 90001",Teléfonos
USB-C Charging Cable,1,11.95,2022-02-27,"882 10th St, Los Angeles, CA 90001",Cargadores
AAA Batteries (4-pack),2,2.99,2022-02-26,"296 Cedar St, San Francisco, CA 94016",Pilas
Apple Airpods Headphones,1,150,2022-02-19,"278 8th St, New York City, NY 10001",Auriculares
Apple Airpods Headphones,1,150,2022-02-23,"285 4th St, Austin, TX 73301",Auriculares
27in 4K Gaming Monitor,1,389.99,2022-02-13,"809 Park St, Los Angeles, CA 90001",Monitores
AAA Batteries (4-pack),1,2.99,2022-02-18,"108 4th St, Los Angeles, CA 90001",Pilas
AA Batteries (4-pack),2,3.84,2022-02-22,"814 7th St, Portland, OR 97035",Pilas
ThinkPad Laptop,1,999.99,2022-02-24,"273 Cedar St, San Francisco, CA 94016",Portátiles
27in 4K Gaming Monitor,1,389.99,2022-02-16,"192 Madison St, Seattle, WA 98101",Monitores
USB-C Charging Cable,1,11.95,2022-02-28,"534 1st St, New York City, NY 10001",Cargadores
AA Batteries (4-pack),1,3.84,2022-02-18,"807 9th St, San Francisco, CA 94016",Pilas
AAA Batteries (4-pack),2,2.99,2022-02-25,"186 Cherry St, Boston, MA 02215",Pilas
Bose SoundSport Headphones,1,99.99,2022-02-15,"966 Lake St, Los Angeles, CA 90001",Auriculares
27in FHD Monitor,1,149.99,2022-02-26,"443 10th St, Boston, MA 02215",Monitores
Wired Headphones,1,11.99,2022-02-20,"998 13th St, Portland, OR 97035",Auriculares
Bose SoundSport Headphones,1,99.99,2022-02-28,"81 1st St, Atlanta, GA 30301",Auriculares
27in FHD Monitor,1,149.99,2022-02-16,"481 4th St, San Francisco, CA 94016",Monitores
Wired Headphones,1,11.99,2022-02-27,"670 Lincoln St, San Francisco, CA 94016",Auriculares
USB-C Charging Cable,1,11.95,2022-02-20,"532 2nd St, Austin, TX 73301",Cargadores
Wired Headphones,1,11.99,2022-02-13,"875 Adams St, Los Angeles, CA 90001",Auriculares
iPhone,1,700,2022-02-20,"20 Lincoln St, Atlanta, GA 30301",Teléfonos
AA Batteries (4-pack),1,3.84,2022-02-22,"414 10th St, Seattle, WA 98101",Pilas
AAA Batteries (4-pack),1,2.99,2022-02-25,"261 Main St, Portland, OR 97035",Pilas
Bose SoundSport Headphones,1,99.99,2022-02-25,"395 9th St, Los Angeles, CA 90001",Auriculares
Lightning Charging Cable,1,14.95,2022-02-17,"572 Maple St, Dallas, TX 75001",Cargadores
Lightning Charging Cable,1,14.95,2022-02-13,"123 Dogwood St, Portland, OR 97035",Cargadores
Google Phone,1,600,2022-02-21,"109 1st St, Portland, OR 97035",Teléfonos
AA Batteries (4-pack),1,3.84,2022-02-19,"422 Main St, San Francisco, CA 94016",Pilas
Wired Headphones,1,11.99,2022-02-21,"832 1st St, Boston, MA 02215",Auriculares
AAA Batteries (4-pack),4,2.99,2022-02-23,"436 West St, Seattle, WA 98101",Pilas
AA Batteries (4-pack),1,3.84,2022-02-14,"178 Ridge St, Los Angeles, CA 90001",Pilas
34in Ultrawide Monitor,1,379.99,2022-02-25,"62 Elm St, New York City, NY 10001",Monitores
USB-C Charging Cable,1,11.95,2022-02-22,"791 Park St, Boston, MA 02215",Cargadores
Apple Airpods Headphones,1,150,2022-02-26,"266 Cherry St, Los Angeles, CA 90001",Auriculares
Apple Airpods Headphones,1,150,2022-02-17,"678 Ridge St, New York City, NY 10001",Auriculares
Lightning Charging Cable,1,14.95,2022-02-27,"757 Walnut St, New York City, NY 10001",Cargadores
USB-C Charging Cable,1,11.95,2022-02-14,"106 River St, San Francisco, CA 94016",Cargadores
Apple Airpods Headphones,1,150,2022-02-22,"614 Ridge St, New York City, NY 10001",Auriculares
Apple Airpods Headphones,1,150,2022-02-27,"757 Chestnut St, Dallas, TX 75001",Auriculares
Google Phone,1,600,2022-02-24,"758 River St, New York City, NY 10001",Teléfonos
Lightning Charging Cable,1,14.95,2022-02-16,"844 Johnson St, Dallas, TX 75001",Cargadores
27in FHD Monitor,1,149.99,2022-02-14,"894 Cedar St, San Francisco, CA 94016",Monitores
iPhone,1,700,2022-02-21,"716 7th St, Boston, MA 02215",Teléfonos
ThinkPad Laptop,1,999.99,2022-02-14,"700 River St, San Francisco, CA 94016",Portátiles
USB-C Charging Cable,1,11.95,2022-02-16,"854 Lake St, San Francisco, CA 94016",Cargadores
Bose SoundSport Headphones,1,99.99,2022-02-16,"708 Lake St, San Francisco, CA 94016",Auriculares
20in Monitor,1,109.99,2022-02-16,"786 Church St, San Francisco, CA 94016",Monitores
Lightning Charging Cable,1,14.95,2022-02-25,"142 Washington St, San Francisco, CA 94016",Cargadores
AA Batteries (4-pack),1,3.84,2022-02-26,"838 Meadow St, New York City, NY 10001",Pilas
Google Phone,1,600,2022-02-22,"610 Washington St, Los Angeles, CA 90001",Teléfonos
34in Ultrawide Monitor,1,379.99,2022-02-28,"414 River St, San Francisco, CA 94016",Monitores
AAA Batteries (4-pack),1,2.99,2022-02-25,"781 Washington St, San Francisco, CA 94016",Pilas
AA Batteries (4-pack),1,3.84,2022-02-19,"747 Chestnut St, Dallas, TX 75001",Pilas
Lightning Charging Cable,1,14.95,2022-02-26,"403 Jackson St, Seattle, WA 98101",Cargadores
Apple Airpods Headphones,1,150,2022-02-25,"827 North St, Boston, MA 02215",Auriculares
20in Monitor,1,109.99,2022-02-17,"954 Walnut St, New York City, NY 10001",Monitores
Google Phone,1,600,2022-02-13,"556 9th St, Seattle, WA 98101",Teléfonos
Bose SoundSport Headphones,1,99.99,2022-02-21,"861 Park St, Los Angeles, CA 90001",Auriculares
Apple Airpods Headphones,1,150,2022-02-23,"176 9th St, Austin, TX 73301",Auriculares
27in FHD Monitor,1,149.99,2022-02-13,"779 14th St, San Francisco, CA 94016",Monitores
27in 4K Gaming Monitor,1,389.99,2022-02-28,"639 Walnut St, Los Angeles, CA 90001",Monitores
Google Phone,1,600,2022-02-25,"738 Jefferson St, Los Angeles, CA 90001",Teléfonos
Flatscreen TV,1,300,2022-02-22,"333 Hill St, Boston, MA 02215",Televisores
20in Monitor,1,109.99,2022-02-19,"154 Johnson St, Boston, MA 02215",Monitores
Wired Headphones,1,11.99,2022-02-13,"363 Center St, Los Angeles, CA 90001",Auriculares
Bose SoundSport Headphones,1,99.99,2022-02-23,"751 Cherry St, New York City, NY 10001",Auriculares
iPhone,1,700,2022-02-24,"420 4th St, Los Angeles, CA 90001",Teléfonos
27in 4K Gaming Monitor,1,389.99,2022-02-22,"662 Adams St, Los Angeles, CA 90001",Monitores
AA Batteries (4-pack),1,3.84,2022-02-18,"335 Sunset St, Seattle, WA 98101",Pilas
Flatscreen TV,1,300,2022-02-19,"459 Spruce St, Dallas, TX 75001",Televisores
27in FHD Monitor,1,149.99,2022-02-28,"790 Johnson St, San Francisco, CA 94016",Monitores
Apple Airpods Headphones,1,150,2022-02-15,"300 Willow St, Boston, MA 02215",Auriculares
Apple Airpods Headphones,1,150,2022-02-17,"371 Cherry St, Boston, MA 02215",Auriculares
Lightning Charging Cable,1,14.95,2022-02-24,"863 6th St, San Francisco, CA 94016",Cargadores
USB-C Charging Cable,1,11.95,2022-02-25,"527 Lincoln St, San Francisco, CA 94016",Cargadores
AAA Batteries (4-pack),1,2.99,2022-02-20,"371 Johnson St, San Francisco, CA 94016",Pilas
USB-C Charging Cable,1,11.95,2022-02-18,"234 River St, Boston, MA 02215",Cargadores
iPhone,1,700,2022-02-13,"710 Jackson St, San Francisco, CA 94016",Teléfonos
Lightning Charging Cable,1,14.95,2022-02-23,"19 Dogwood St, Boston, MA 02215",Cargadores
ThinkPad Laptop,1,999.99,2022-02-20,"202 River St, San Francisco, CA 94016",Portátiles
AAA Batteries (4-pack),3,2.99,2022-02-25,"145 14th St, San Francisco, CA 94016",Pilas
AAA Batteries (4-pack),1,2.99,2022-02-20,"257 Church St, Dallas, TX 75001",Pilas
Lightning Charging Cable,1,14.95,2022-02-24,"521 Spruce St, Los Angeles, CA 90001",Cargadores
AA Batteries (4-pack),1,3.84,2022-02-20,"722 River St, Boston, MA 02215",Pilas
USB-C Charging Cable,1,11.95,2022-02-16,"63 1st St, New York City, NY 10001",Cargadores
Apple Airpods Headphones,1,150,2022-02-16,"63 1st St, New York City, NY 10001",Auriculares
AAA Batteries (4-pack),1,2.99,2022-02-15,"547 Cedar St, Los Angeles, CA 90001",Pilas
27in FHD Monitor,1,149.99,2022-02-14,"359 2nd St, Austin, TX 73301",Monitores
Apple Airpods Headphones,1,150,2022-02-13,"837 Cedar St, Portland, ME 04101",Auriculares
AAA Batteries (4-pack),2,2.99,2022-02-28,"744 Park St, Seattle, WA 98101",Pilas
USB-C Charging Cable,1,11.95,2022-02-26,"86 Ridge St, Los Angeles, CA 90001",Cargadores
AAA Batteries (4-pack),3,2.99,2022-02-18,"92 4th St, Atlanta, GA 30301",Pilas
27in 4K Gaming Monitor,1,389.99,2022-02-21,"308 Hickory St, New York City, NY 10001",Monitores
USB-C Charging Cable,1,11.95,2022-02-20,"661 11th St, Boston, MA 02215",Cargadores
USB-C Charging Cable,1,11.95,2022-02-27,"171 River St, San Francisco, CA 94016",Cargadores
Flatscreen TV,1,300,2022-02-22,"468 4th St, Boston, MA 02215",Televisores
AAA Batteries (4-pack),2,2.99,2022-02-27,"623 North St, Boston, MA 02215",Pilas
Bose SoundSport Headphones,1,99.99,2022-02-27,"2 Park St, Los Angeles, CA 90001",Auriculares
AAA Batteries (4-pack),2,2.99,2022-02-23,"241 14th St, Atlanta, GA 30301",Pilas
AAA Batteries (4-pack),1,2.99,2022-02-20,"832 10th St, San Francisco, CA 94016",Pilas
27in 4K Gaming Monitor,1,389.99,2022-02-26,"772 8th St, San Francisco, CA 94016",Monitores
Wired Headphones,1,11.99,2022-02-22,"497 Hickory St, Boston, MA 02215",Auriculares
34in Ultrawide Monitor,1,379.99,2022-02-19,"428 Washington St, Dallas, TX 75001",Monitores
Apple Airpods Headphones,1,150,2022-02-15,"310 10th St, San Francisco, CA 94016",Auriculares
iPhone,1,700,2022-02-18,"527 Jackson St, Portland, ME 04101",Teléfonos
Lightning Charging Cable,1,14.95,2022-02-18,"527 Jackson St, Portland, ME 04101",Cargadores
Wired Headphones,1,11.99,2022-02-18,"741 6th St, New York City, NY 10001",Auriculares
Lightning Charging Cable,1,14.95,2022-02-21,"259 Hickory St, Los Angeles, CA 90001",Cargadores
Apple Airpods Headphones,1,150,2022-02-15,"662 Main St, San Francisco, CA 94016",Auriculares
Wired Headphones,1,11.99,2022-02-24,"435 Hill St, New York City, NY 10001",Auriculares
iPhone,1,700,2022-02-19,"187 Jackson St, Boston, MA 02215",Teléfonos
AA Batteries (4-pack),1,3.84,2022-02-27,"32 Lake St, New York City, NY 10001",Pilas
AA Batteries (4-pack),2,3.84,2022-02-24,"239 Washington St, Los Angeles, CA 90001",Pilas
AAA Batteries (4-pack),2,2.99,2022-02-23,"428 Church St, San Francisco, CA 94016",Pilas
Bose SoundSport Headphones,1,99.99,2022-02-17,"224 Maple St, Dallas, TX 75001",Auriculares
Wired Headphones,2,11.99,2022-02-27,"528 2nd St, Dallas, TX 75001",Auriculares
Flatscreen TV,1,300,2022-02-26,"477 Madison St, Atlanta, GA 30301",Televisores
Lightning Charging Cable,1,14.95,2022-02-28,"193 Hickory St, Dallas, TX 75001",Cargadores
Flatscreen TV,1,300,2022-02-26,"539 6th St, New York City, NY 10001",Televisores
AA Batteries (4-pack),1,3.84,2022-02-26,"979 River St, Los Angeles, CA 90001",Pilas
Lightning Charging Cable,1,14.95,2022-02-21,"462 11th St, Austin, TX 73301",Cargadores
AA Batteries (4-pack),1,3.84,2022-02-15,"88 7th St, Portland, OR 97035",Pilas
AA Batteries (4-pack),1,3.84,2022-02-25,"415 10th St, Dallas, TX 75001",Pilas
Macbook Pro Laptop,1,1700,2022-02-20,"927 Lincoln St, Dallas, TX 75001",Portátiles
AAA Batteries (4-pack),1,2.99,2022-02-23,"644 Forest St, San Francisco, CA 94016",Pilas
Google Phone,1,600,2022-02-25,"636 6th St, Dallas, TX 75001",Teléfonos
USB-C Charging Cable,1,11.95,2022-02-25,"636 6th St, Dallas, TX 75001",Cargadores
Bose SoundSport Headphones,1,99.99,2022-02-16,"946 Forest St, Boston, MA 02215",Auriculares
34in Ultrawide Monitor,1,379.99,2022-02-13,"979 West St, Los Angeles, CA 90001",Monitores
AA Batteries (4-pack),1,3.84,2022-02-23,"840 1st St, Portland, OR 97035",Pilas
USB-C Charging Cable,1,11.95,2022-02-28,"529 14th St, Boston, MA 02215",Cargadores
Bose SoundSport Headphones,1,99.99,2022-02-28,"267 Walnut St, San Francisco, CA 94016",Auriculares
Flatscreen TV,1,300,2022-02-26,"997 5th St, San Francisco, CA 94016",Televisores
ThinkPad Laptop,1,999.99,2022-02-22,"853 Meadow St, San Francisco, CA 94016",Portátiles
ThinkPad Laptop,1,999.99,2022-02-28,"346 Lincoln St, San Francisco, CA 94016",Portátiles
Wired Headphones,1,11.99,2022-02-28,"86 Forest St, Boston, MA 02215",Auriculares
Apple Airpods Headphones,1,150,2022-02-22,"720 14th St, Seattle, WA 98101",Auriculares
34in Ultrawide Monitor,1,379.99,2022-02-26,"525 Wilson St, San Francisco, CA 94016",Monitores
20in Monitor,1,109.99,2022-02-13,"606 Pine St, San Francisco, CA 94016",Monitores
Wired Headphones,1,11.99,2022-02-18,"245 13th St, San Francisco, CA 94016",Auriculares
AA Batteries (4-pack),1,3.84,2022-02-18,"122 Spruce St, Seattle, WA 98101",Pilas
Apple Airpods Headphones,1,150,2022-02-19,"169 Washington St, Dallas, TX 75001",Auriculares
20in Monitor,1,109.99,2022-02-28,"665 Madison St, New York City, NY 10001",Monitores
AAA Batteries (4-pack),1,2.99,2022-02-19,"217 Jefferson St, San Francisco, CA 94016",Pilas
Lightning Charging Cable,1,14.95,2022-02-15,"233 Highland St, Seattle, WA 98101",Cargadores
Lightning Charging Cable,1,14.95,2022-02-21,"820 2nd St, Los Angeles, CA 90001",Cargadores
LG Washing Machine,1,600.0,2022-02-15,"609 Church St, Boston, MA 02215",Electrodomésticos
Apple Airpods Headphones,1,150,2022-02-14,"571 Cherry St, Boston, MA 02215",Auriculares
Bose SoundSport Headphones,1,99.99,2022-02-16,"847 Main St, San Francisco, CA 94016",Auriculares
AAA Batteries (4-pack),1,2.99,2022-02-22,"919 Forest St, Boston, MA 02215",Pilas
Google Phone,1,600,2022-02-13,"450 South St, Portland, OR 97035",Teléfonos
Lightning Charging Cable,1,14.95,2022-02-16,"936 11th St, San Francisco, CA 94016",Cargadores
AA Batteries (4-pack),1,3.84,2022-02-25,"629 Lakeview St, San Francisco, CA 94016",Pilas
Wired Headphones,2,11.99,2022-02-17,"742 Ridge St, Atlanta, GA 30301",Auriculares
Wired Headphones,1,11.99,2022-02-20,"733 Ridge St, Dallas, TX 75001",Auriculares
USB-C Charging Cable,1,11.95,2022-02-24,"37 River St, San Francisco, CA 94016",Cargadores
USB-C Charging Cable,1,11.95,2022-02-19,"580 6th St, Seattle, WA 98101",Cargadores
Wired Headphones,1,11.99,2022-02-19,"880 Elm St, Seattle, WA 98101",Auriculares
Google Phone,1,600,2022-02-19,"566 Church St, Boston, MA 02215",Teléfonos
Wired Headphones,1,11.99,2022-02-23,"193 Cedar St, Seattle, WA 98101",Auriculares
USB-C Charging Cable,1,11.95,2022-02-15,"334 Forest St, Seattle, WA 98101",Cargadores
ThinkPad Laptop,1,999.99,2022-02-24,"354 10th St, San Francisco, CA 94016",Portátiles
iPhone,1,700,2022-02-16,"402 4th St, Boston, MA 02215",Teléfonos
AA Batteries (4-pack),1,3.84,2022-02-24,"823 Walnut St, San Francisco, CA 94016",Pilas
ThinkPad Laptop,1,999.99,2022-02-16,"339 Hickory St, Atlanta, GA 30301",Portátiles
Wired Headphones,1,11.99,2022-02-28,"344 Madison St, Dallas, TX 75001",Auriculares
27in FHD Monitor,1,149.99,2022-02-16,"571 Hill St, San Francisco, CA 94016",Monitores
AA Batteries (4-pack),1,3.84,2022-02-20,"391 Lake St, San Francisco, CA 94016",Pilas
Wired Headphones,1,11.99,2022-02-13,"833 13th St, Dallas, TX 75001",Auriculares
27in 4K Gaming Monitor,1,389.99,2022-02-25,"956 Highland St, Boston, MA 02215",Monitores
AAA Batteries (4-pack),1,2.99,2022-02-13,"97 7th St, Atlanta, GA 30301",Pilas
AA Batteries (4-pack),1,3.84,2022-02-23,"417 Wilson St, Boston, MA 02215",Pilas
Bose SoundSport Headphones,1,99.99,2022-02-26,"111 Elm St, Los Angeles, CA 90001",Auriculares
Flatscreen TV,1,300,2022-02-24,"135 South St, Atlanta, GA 30301",Televisores
20in Monitor,1,109.99,2022-02-26,"762 Walnut St, Boston, MA 02215",Monitores
USB-C Charging Cable,1,11.95,2022-02-14,"300 Main St, San Francisco, CA 94016",Cargadores
27in 4K Gaming Monitor,1,389.99,2022-02-13,"482 Hill St, Portland, OR 97035",Monitores
AAA Batteries (4-pack),1,2.99,2022-02-16,"130 Jackson St, San Francisco, CA 94016",Pilas
iPhone,1,700,2022-02-24,"369 Jefferson St, Los Angeles, CA 90001",Teléfonos
Wired Headphones,1,11.99,2022-02-20,"870 Willow St, New York City, NY 10001",Auriculares
Wired Headphones,1,11.99,2022-02-13,"856 Highland St, San Francisco, CA 94016",Auriculares
iPhone,1,700,2022-02-19,"306 North St, Los Angeles, CA 90001",Teléfonos
AAA Batteries (4-pack),1,2.99,2022-02-27,"201 Maple St, Boston, MA 02215",Pilas
Google Phone,1,600,2022-02-28,"521 14th St, New York City, NY 10001",Teléfonos
Wired Headphones,1,11.99,2022-02-15,"313 Dogwood St, San Francisco, CA 94016",Auriculares
27in 4K Gaming Monitor,1,389.99,2022-02-25,"660 9th St, San Francisco, CA 94016",Monitores
USB-C Charging Cable,2,11.95,2022-02-13,"138 5th St, San Francisco, CA 94016",Cargadores
34in Ultrawide Monitor,1,379.99,2022-02-17,"175 Lake St, Seattle, WA 98101",Monitores
Apple Airpods Headphones,1,150,2022-02-21,"526 Jefferson St, San Francisco, CA 94016",Auriculares
27in FHD Monitor,1,149.99,2022-02-18,"892 Park St, Los Angeles, CA 90001",Monitores
Apple Airpods Headphones,1,150,2022-02-14,"679 Wilson St, Dallas, TX 75001",Auriculares
USB-C Charging Cable,1,11.95,2022-02-13,"864 Adams St, Los Angeles, CA 90001",Cargadores
Bose SoundSport Headphones,1,99.99,2022-02-24,"229 Johnson St, Seattle, WA 98101",Auriculares
Bose SoundSport Headphones,1,99.99,2022-02-22,"371 Park St, Boston, MA 02215",Auriculares
27in 4K Gaming Monitor,1,389.99,2022-02-24,"795 Jackson St, Los Angeles, CA 90001",Monitores
AA Batteries (4-pack),2,3.84,2022-02-24,"795 Jackson St, Los Angeles, CA 90001",Pilas
AAA Batteries (4-pack),1,2.99,2022-02-22,"699 7th St, Boston, MA 02215",Pilas
Bose SoundSport Headphones,1,99.99,2022-02-23,"680 Sunset St, San Francisco, CA 94016",Auriculares
27in FHD Monitor,1,149.99,2022-02-21,"161 8th St, New York City, NY 10001",Monitores
Apple Airpods Headphones,1,150,2022-02-28,"214 Walnut St, Portland, OR 97035",Auriculares
Lightning Charging Cable,1,14.95,2022-02-19,"268 9th St, Austin, TX 73301",Cargadores
Bose SoundSport Headphones,1,99.99,2022-02-20,"987 10th St, San Francisco, CA 94016",Auriculares
Google Phone,1,600,2022-02-27,"220 Church St, New York City, NY 10001",Teléfonos
Lightning Charging Cable,1,14.95,2022-02-22,"593 Dogwood St, San Francisco, CA 94016",Cargadores
Apple Airpods Headphones,1,150,2022-02-19,"608 10th St, Austin, TX 73301",Auriculares
Wired Headphones,1,11.99,2022-02-17,"46 Sunset St, Seattle, WA 98101",Auriculares
Wired Headphones,1,11.99,2022-02-19,"282 Johnson St, Los Angeles, CA 90001",Auriculares
Bose SoundSport Headphones,1,99.99,2022-02-23,"695 South St, Seattle, WA 98101",Auriculares
USB-C Charging Cable,1,11.95,2022-02-20,"933 Elm St, San Francisco, CA 94016",Cargadores
Bose SoundSport Headphones,1,99.99,2022-02-22,"844 Center St, Boston, MA 02215",Auriculares
Bose SoundSport Headphones,1,99.99,2022-02-26,"262 12th St, Austin, TX 73301",Auriculares
iPhone,1,700,2022-02-13,"489 Church St, Seattle, WA 98101",Teléfonos
AAA Batteries (4-pack),2,2.99,2022-02-13,"597 Chestnut St, Austin, TX 73301",Pilas
Google Phone,1,600,2022-02-18,"92 Lake St, Dallas, TX 75001",Teléfonos
Apple Airpods Headphones,1,150,2022-02-16,"54 Washington St, Seattle, WA 98101",Auriculares
USB-C Charging Cable,2,11.95,2022-02-23,"643 Elm St, San Francisco, CA 94016",Cargadores
AA Batteries (4-pack),1,3.84,2022-02-22,"713 Church St, New York City, NY 10001",Pilas
USB-C Charging Cable,1,11.95,2022-02-19,"166 9th St, Dallas, TX 75001",Cargadores
Wired Headphones,1,11.99,2022-02-27,"802 Dogwood St, Atlanta, GA 30301",Auriculares
USB-C Charging Cable,1,11.95,2022-02-17,"893 Wilson St, New York City, NY 10001",Cargadores
Flatscreen TV,1,300,2022-02-17,"262 Walnut St, Boston, MA 02215",Televisores
USB-C Charging Cable,1,11.95,2022-02-23,"329 West St, San Francisco, CA 94016",Cargadores
Macbook Pro Laptop,1,1700,2022-02-19,"661 Madison St, Seattle, WA 98101",Portátiles
34in Ultrawide Monitor,1,379.99,2022-02-23,"156 Lakeview St, Seattle, WA 98101",Monitores
AA Batteries (4-pack),1,3.84,2022-02-16,"524 Adams St, Atlanta, GA 30301",Pilas
Macbook Pro Laptop,1,1700,2022-02-13,"630 11th St, San Francisco, CA 94016",Portátiles
Apple Airpods Headphones,1,150,2022-02-26,"674 Dogwood St, Austin, TX 73301",Auriculares
AAA Batteries (4-pack),1,2.99,2022-02-21,"297 Cherry St, Dallas, TX 75001",Pilas
AA Batteries (4-pack),5,3.84,2022-02-25,"766 Main St, Seattle, WA 98101",Pilas
AA Batteries (4-pack),1,3.84,2022-02-23,"365 Dogwood St, San Francisco, CA 94016",Pilas
AA Batteries (4-pack),1,3.84,2022-02-26,"403 Cedar St, Los Angeles, CA 90001",Pilas
Macbook Pro Laptop,1,1700,2022-02-21,"741 Sunset St, San Francisco, CA 94016",Portátiles
27in 4K Gaming Monitor,1,389.99,2022-02-13,"399 12th St, Los Angeles, CA 90001",Monitores
Lightning Charging Cable,1,14.95,2022-02-14,"852 Madison St, Seattle, WA 98101",Cargadores
Wired Headphones,1,11.99,2022-02-18,"558 Madison St, San Francisco, CA 94016",Auriculares
Apple Airpods Headphones,1,150,2022-02-25,"411 Madison St, San Francisco, CA 94016",Auriculares
27in 4K Gaming Monitor,1,389.99,2022-02-17,"843 Cherry St, Portland, OR 97035",Monitores
27in FHD Monitor,1,149.99,2022-02-14,"445 8th St, Boston, MA 02215",Monitores
Apple Airpods Headphones,1,150,2022-02-27,"839 Chestnut St, New York City, NY 10001",Auriculares
USB-C Charging Cable,2,11.95,2022-02-21,"667 River St, San Francisco, CA 94016",Cargadores
Lightning Charging Cable,1,14.95,2022-02-13,"629 Hickory St, Dallas, TX 75001",Cargadores
Google Phone,1,600,2022-02-20,"998 2nd St, Seattle, WA 98101",Teléfonos
AAA Batteries (4-pack),1,2.99,2022-02-18,"733 Church St, San Francisco, CA 94016",Pilas
Lightning Charging Cable,1,14.95,2022-02-23,"281 Dogwood St, Los Angeles, CA 90001",Cargadores
Google Phone,1,600,2022-02-28,"389 Cherry St, New York City, NY 10001",Teléfonos
Lightning Charging Cable,1,14.95,2022-02-24,"897 1st St, Los Angeles, CA 90001",Cargadores
AA Batteries (4-pack),1,3.84,2022-02-18,"74 Jackson St, Seattle, WA 98101",Pilas
AA Batteries (4-pack),1,3.84,2022-02-17,"322 8th St, Seattle, WA 98101",Pilas
USB-C Charging Cable,1,11.95,2022-02-13,"966 Elm St, Seattle, WA 98101",Cargadores
Apple Airpods Headphones,1,150,2022-02-18,"284 Main St, San Francisco, CA 94016",Auriculares
USB-C Charging Cable,1,11.95,2022-02-26,"525 Forest St, Austin, TX 73301",Cargadores
USB-C Charging Cable,1,11.95,2022-02-23,"294 West St, Los Angeles, CA 90001",Cargadores
Lightning Charging Cable,2,14.95,2022-02-26,"813 Forest St, San Francisco, CA 94016",Cargadores
Bose SoundSport Headphones,1,99.99,2022-02-28,"816 7th St, Portland, ME 04101",Auriculares
27in 4K Gaming Monitor,1,389.99,2022-02-28,"130 4th St, San Francisco, CA 94016",Monitores
Google Phone,1,600,2022-02-17,"61 Maple St, Seattle, WA 98101",Teléfonos
USB-C Charging Cable,1,11.95,2022-02-17,"61 Maple St, Seattle, WA 98101",Cargadores
AA Batteries (4-pack),1,3.84,2022-02-22,"986 Wilson St, Seattle, WA 98101",Pilas
USB-C Charging Cable,1,11.95,2022-02-16,"382 6th St, San Francisco, CA 94016",Cargadores
AAA Batteries (4-pack),1,2.99,2022-02-25,"685 West St, New York City, NY 10001",Pilas
Wired Headphones,1,11.99,2022-02-23,"687 Dogwood St, New York City, NY 10001",Auriculares
Flatscreen TV,1,300,2022-02-14,"909 Center St, Los Angeles, CA 90001",Televisores
AAA Batteries (4-pack),1,2.99,2022-02-23,"959 River St, Los Angeles, CA 90001",Pilas
Wired Headphones,1,11.99,2022-02-14,"682 4th St, Seattle, WA 98101",Auriculares
AAA Batteries (4-pack),4,2.99,2022-02-14,"424 Johnson St, Los Angeles, CA 90001",Pilas
USB-C Charging Cable,1,11.95,2022-02-19,"680 Walnut St, Los Angeles, CA 90001",Cargadores
Lightning Charging Cable,1,14.95,2022-02-22,"541 Meadow St, New York City, NY 10001",Cargadores
Wired Headphones,1,11.99,2022-02-21,"773 1st St, New York City, NY 10001",Auriculares
Apple Airpods Headphones,1,150,2022-02-16,"216 Hill St, New York City, NY 10001",Auriculares
USB-C Charging Cable,1,11.95,2022-02-25,"261 West St, San Francisco, CA 94016",Cargadores
Lightning Charging Cable,1,14.95,2022-02-23,"903 Washington St, Atlanta, GA 30301",Cargadores
Apple Airpods Headphones,1,150,2022-02-15,"957 1st St, New York City, NY 10001",Auriculares
AA Batteries (4-pack),1,3.84,2022-02-17,"85 Hill St, Dallas, TX 75001",Pilas
AAA Batteries (4-pack),2,2.99,2022-02-13,"979 Cherry St, Atlanta, GA 30301",Pilas
Lightning Charging Cable,1,14.95,2022-02-23,"717 Walnut St, Los Angeles, CA 90001",Cargadores
Bose SoundSport Headphones,1,99.99,2022-02-23,"995 Ridge St, Seattle, WA 98101",Auriculares
iPhone,1,700,2022-02-25,"712 Lakeview St, San Francisco, CA 94016",Teléfonos
Lightning Charging Cable,1,14.95,2022-02-24,"929 Meadow St, Austin, TX 73301",Cargadores
Lightning Charging Cable,1,14.95,2022-02-27,"578 Jackson St, New York City, NY 10001",Cargadores
Bose SoundSport Headphones,1,99.99,2022-02-22,"497 North St, Dallas, TX 75001",Auriculares
20in Monitor,1,109.99,2022-02-26,"458 Chestnut St, New York City, NY 10001",Monitores
Lightning Charging Cable,1,14.95,2022-02-20,"135 Hickory St, Portland, OR 97035",Cargadores
AA Batteries (4-pack),1,3.84,2022-02-15,"651 River St, San Francisco, CA 94016",Pilas
27in 4K Gaming Monitor,1,389.99,2022-02-15,"651 River St, San Francisco, CA 94016",Monitores
34in Ultrawide Monitor,1,379.99,2022-02-27,"585 Jefferson St, Boston, MA 02215",Monitores
Wired Headphones,1,11.99,2022-02-14,"499 7th St, New York City, NY 10001",Auriculares
Lightning Charging Cable,1,14.95,2022-02-26,"849 Main St, Austin, TX 73301",Cargadores
USB-C Charging Cable,1,11.95,2022-02-23,"209 Ridge St, Los Angeles, CA 90001",Cargadores
AA Batteries (4-pack),1,3.84,2022-02-21,"681 10th St, San Francisco, CA 94016",Pilas
Bose SoundSport Headphones,1,99.99,2022-02-22,"680 6th St, Portland, OR 97035",Auriculares
34in Ultrawide Monitor,1,379.99,2022-02-15,"993 9th St, Seattle, WA 98101",Monitores
Bose SoundSport Headphones,1,99.99,2022-02-13,"583 Wilson St, New York City, NY 10001",Auriculares
Wired Headphones,1,11.99,2022-02-18,"290 2nd St, New York City, NY 10001",Auriculares
AAA Batteries (4-pack),1,2.99,2022-02-22,"236 Dogwood St, Atlanta, GA 30301",Pilas
iPhone,1,700,2022-02-23,"337 14th St, San Francisco, CA 94016",Teléfonos
USB-C Charging Cable,1,11.95,2022-02-15,"721 Sunset St, San Francisco, CA 94016",Cargadores
AAA Batteries (4-pack),1,2.99,2022-02-16,"443 Washington St, Portland, OR 97035",Pilas
USB-C Charging Cable,1,11.95,2022-02-13,"190 Madison St, Boston, MA 02215",Cargadores
Bose SoundSport Headphones,1,99.99,2022-02-26,"526 Lincoln St, New York City, NY 10001",Auriculares
AA Batteries (4-pack),2,3.84,2022-02-26,"526 Lincoln St, New York City, NY 10001",Pilas
Lightning Charging Cable,1,14.95,2022-02-23,"808 Hickory St, New York City, NY 10001",Cargadores
AA Batteries (4-pack),3,3.84,2022-02-14,"652 Madison St, Dallas, TX 75001",Pilas
20in Monitor,1,109.99,2022-02-17,"48 Spruce St, Los Angeles, CA 90001",Monitores
Macbook Pro Laptop,1,1700,2022-02-17,"562 Meadow St, Atlanta, GA 30301",Portátiles
Apple Airpods Headphones,1,150,2022-02-26,"576 Elm St, Atlanta, GA 30301",Auriculares
USB-C Charging Cable,1,11.95,2022-02-18,"505 Adams St, Atlanta, GA 30301",Cargadores
Wired Headphones,1,11.99,2022-02-18,"356 8th St, Austin, TX 73301",Auriculares
Flatscreen TV,1,300,2022-02-15,"652 Spruce St, Portland, OR 97035",Televisores
Apple Airpods Headphones,1,150,2022-02-14,"699 Cedar St, New York City, NY 10001",Auriculares
Lightning Charging Cable,1,14.95,2022-02-17,"980 11th St, Los Angeles, CA 90001",Cargadores
Wired Headphones,1,11.99,2022-02-17,"987 Adams St, San Francisco, CA 94016",Auriculares
AAA Batteries (4-pack),1,2.99,2022-02-14,"333 2nd St, Austin, TX 73301",Pilas
Bose SoundSport Headphones,1,99.99,2022-02-27,"874 Chestnut St, San Francisco, CA 94016",Auriculares
Wired Headphones,1,11.99,2022-02-24,"498 Madison St, New York City, NY 10001",Auriculares
USB-C Charging Cable,1,11.95,2022-02-16,"522 5th St, Austin, TX 73301",Cargadores
USB-C Charging Cable,1,11.95,2022-02-13,"421 8th St, Boston, MA 02215",Cargadores
Lightning Charging Cable,1,14.95,2022-02-20,"350 Madison St, San Francisco, CA 94016",Cargadores
AAA Batteries (4-pack),1,2.99,2022-02-15,"298 6th St, Atlanta, GA 30301",Pilas
Wired Headphones,1,11.99,2022-02-23,"899 Sunset St, San Francisco, CA 94016",Auriculares
Wired Headphones,1,11.99,2022-02-20,"844 Lakeview St, Seattle, WA 98101",Auriculares
AAA Batteries (4-pack),1,2.99,2022-02-24,"546 Cherry St, Dallas, TX 75001",Pilas
34in Ultrawide Monitor,1,379.99,2022-02-22,"804 Wilson St, San Francisco, CA 94016",Monitores
Bose SoundSport Headphones,1,99.99,2022-02-16,"806 Pine St, San Francisco, CA 94016",Auriculares
20in Monitor,1,109.99,2022-02-13,"703 9th St, Los Angeles, CA 90001",Monitores
Google Phone,1,600,2022-02-21,"687 Sunset St, Atlanta, GA 30301",Teléfonos
Bose SoundSport Headphones,1,99.99,2022-02-14,"664 6th St, Austin, TX 73301",Auriculares
USB-C Charging Cable,1,11.95,2022-02-28,"980 Chestnut St, Dallas, TX 75001",Cargadores
Apple Airpods Headphones,1,150,2022-02-25,"73 Highland St, San Francisco, CA 94016",Auriculares
Lightning Charging Cable,1,14.95,2022-02-25,"847 9th St, Austin, TX 73301",Cargadores
USB-C Charging Cable,1,11.95,2022-02-19,"378 Main St, Los Angeles, CA 90001",Cargadores
iPhone,1,700,2022-02-20,"916 1st St, Austin, TX 73301",Teléfonos
Wired Headphones,1,11.99,2022-02-20,"916 1st St, Austin, TX 73301",Auriculares
iPhone,1,700,2022-02-15,"19 Willow St, Los Angeles, CA 90001",Teléfonos
Wired Headphones,1,11.99,2022-02-14,"457 Main St, San Francisco, CA 94016",Auriculares
20in Monitor,1,109.99,2022-02-24,"993 Lincoln St, San Francisco, CA 94016",Monitores
Bose SoundSport Headphones,1,99.99,2022-02-23,"800 11th St, Seattle, WA 98101",Auriculares
AAA Batteries (4-pack),1,2.99,2022-02-14,"501 Walnut St, Dallas, TX 75001",Pilas
Wired Headphones,1,11.99,2022-02-27,"778 4th St, New York City, NY 10001",Auriculares
Lightning Charging Cable,1,14.95,2022-02-27,"873 Maple St, Los Angeles, CA 90001",Cargadores
iPhone,1,700,2022-02-25,"665 River St, Seattle, WA 98101",Teléfonos
27in FHD Monitor,1,149.99,2022-02-25,"908 12th St, San Francisco, CA 94016",Monitores
Lightning Charging Cable,2,14.95,2022-02-27,"780 Sunset St, Boston, MA 02215",Cargadores
27in FHD Monitor,1,149.99,2022-02-21,"723 9th St, San Francisco, CA 94016",Monitores
Apple Airpods Headphones,1,150,2022-02-24,"85 5th St, San Francisco, CA 94016",Auriculares
27in 4K Gaming Monitor,1,389.99,2022-02-19,"667 Highland St, San Francisco, CA 94016",Monitores
AAA Batteries (4-pack),2,2.99,2022-02-26,"65 Chestnut St, San Francisco, CA 94016",Pilas
AAA Batteries (4-pack),2,2.99,2022-02-16,"560 Adams St, Atlanta, GA 30301",Pilas
Apple Airpods Headphones,1,150,2022-02-27,"444 Sunset St, Portland, OR 97035",Auriculares
34in Ultrawide Monitor,1,379.99,2022-02-24,"37 Ridge St, Los Angeles, CA 90001",Monitores
Bose SoundSport Headphones,1,99.99,2022-02-27,"550 Lincoln St, Portland, ME 04101",Auriculares
34in Ultrawide Monitor,1,379.99,2022-02-28,"98 Park St, San Francisco, CA 94016",Monitores
Flatscreen TV,1,300,2022-02-23,"200 Hickory St, San Francisco, CA 94016",Televisores
USB-C Charging Cable,1,11.95,2022-02-25,"427 4th St, Boston, MA 02215",Cargadores
AAA Batteries (4-pack),1,2.99,2022-02-15,"50 Park St, Los Angeles, CA 90001",Pilas
Bose SoundSport Headphones,1,99.99,2022-02-21,"235 Center St, Dallas, TX 75001",Auriculares
AA Batteries (4-pack),2,3.84,2022-02-14,"894 Highland St, Dallas, TX 75001",Pilas
34in Ultrawide Monitor,1,379.99,2022-02-16,"310 Meadow St, Los Angeles, CA 90001",Monitores
AAA Batteries (4-pack),1,2.99,2022-02-13,"729 Cherry St, Atlanta, GA 30301",Pilas
USB-C Charging Cable,1,11.95,2022-02-14,"572 Chestnut St, Austin, TX 73301",Cargadores
Bose SoundSport Headphones,1,99.99,2022-02-19,"121 Dogwood St, Seattle, WA 98101",Auriculares
Macbook Pro Laptop,1,1700,2022-02-27,"639 Ridge St, New York City, NY 10001",Portátiles
AAA Batteries (4-pack),2,2.99,2022-02-14,"27 Chestnut St, Seattle, WA 98101",Pilas
Lightning Charging Cable,1,14.95,2022-02-17,"792 13th St, Dallas, TX 75001",Cargadores
Lightning Charging Cable,1,14.95,2022-02-20,"971 Dogwood St, New York City, NY 10001",Cargadores
27in FHD Monitor,1,149.99,2022-02-20,"294 Park St, San Francisco, CA 94016",Monitores
Bose SoundSport Headphones,1,99.99,2022-02-13,"976 Cherry St, San Francisco, CA 94016",Auriculares
Bose SoundSport Headphones,1,99.99,2022-02-15,"384 11th St, San Francisco, CA 94016",Auriculares
USB-C Charging Cable,2,11.95,2022-02-15,"384 11th St, San Francisco, CA 94016",Cargadores
Bose SoundSport Headphones,1,99.99,2022-02-20,"621 Cherry St, Atlanta, GA 30301",Auriculares
Wired Headphones,1,11.99,2022-02-15,"391 Dogwood St, New York City, NY 10001",Auriculares
Apple Airpods Headphones,1,150,2022-02-14,"613 Willow St, Boston, MA 02215",Auriculares
Lightning Charging Cable,1,14.95,2022-02-27,"503 Johnson St, Seattle, WA 98101",Cargadores
Lightning Charging Cable,1,14.95,2022-02-13,"762 Adams St, Boston, MA 02215",Cargadores
iPhone,1,700,2022-02-20,"291 Jackson St, Portland, OR 97035",Teléfonos
Lightning Charging Cable,1,14.95,2022-02-20,"637 Lakeview St, San Francisco, CA 94016",Cargadores
Wired Headphones,1,11.99,2022-02-24,"544 Center St, Atlanta, GA 30301",Auriculares
Lightning Charging Cable,1,14.95,2022-02-25,"185 Center St, Dallas, TX 75001",Cargadores
Bose SoundSport Headphones,1,99.99,2022-02-25,"185 Center St, Dallas, TX 75001",Auriculares
AA Batteries (4-pack),1,3.84,2022-02-26,"30 7th St, New York City, NY 10001",Pilas
34in Ultrawide Monitor,1,379.99,2022-02-18,"989 Lake St, San Francisco, CA 94016",Monitores
Bose SoundSport Headphones,1,99.99,2022-02-25,"802 Spruce St, Los Angeles, CA 90001",Auriculares
ThinkPad Laptop,1,999.99,2022-02-15,"550 Main St, Portland, OR 97035",Portátiles
Google Phone,1,600,2022-02-17,"553 6th St, San Francisco, CA 94016",Teléfonos
Wired Headphones,1,11.99,2022-02-19,"684 Pine St, Dallas, TX 75001",Auriculares
Bose SoundSport Headphones,1,99.99,2022-02-19,"369 Jefferson St, San Francisco, CA 94016",Auriculares
Lightning Charging Cable,1,14.95,2022-02-17,"458 Lakeview St, New York City, NY 10001",Cargadores
27in FHD Monitor,1,149.99,2022-02-15,"187 Hickory St, Los Angeles, CA 90001",Monitores
AA Batteries (4-pack),2,3.84,2022-02-28,"286 Willow St, Dallas, TX 75001",Pilas
AAA Batteries (4-pack),1,2.99,2022-02-14,"875 Adams St, Boston, MA 02215",Pilas
Macbook Pro Laptop,1,1700,2022-02-21,"41 Chestnut St, Atlanta, GA 30301",Portátiles
Lightning Charging Cable,2,14.95,2022-02-20,"820 River St, Boston, MA 02215",Cargadores
ThinkPad Laptop,1,999.99,2022-02-14,"8 Dogwood St, Austin, TX 73301",Portátiles
Lightning Charging Cable,1,14.95,2022-02-22,"636 Johnson St, Austin, TX 73301",Cargadores
Google Phone,1,600,2022-02-17,"453 Dogwood St, Los Angeles, CA 90001",Teléfonos
USB-C Charging Cable,1,11.95,2022-02-17,"502 Lake St, Seattle, WA 98101",Cargadores
USB-C Charging Cable,1,11.95,2022-02-13,"694 7th St, San Francisco, CA 94016",Cargadores
Lightning Charging Cable,1,14.95,2022-02-23,"176 River St, New York City, NY 10001",Cargadores
iPhone,1,700,2022-02-28,"620 Park St, Los Angeles, CA 90001",Teléfonos
iPhone,1,700,2022-02-15,"163 Sunset St, Boston, MA 02215",Teléfonos
Lightning Charging Cable,1,14.95,2022-02-26,"123 Church St, Portland, ME 04101",Cargadores
iPhone,1,700,2022-02-21,"566 Forest St, Los Angeles, CA 90001",Teléfonos
Lightning Charging Cable,1,14.95,2022-02-14,"216 Meadow St, San Francisco, CA 94016",Cargadores
Wired Headphones,1,11.99,2022-02-17,"222 7th St, Los Angeles, CA 90001",Auriculares
AA Batteries (4-pack),1,3.84,2022-02-17,"222 7th St, Los Angeles, CA 90001",Pilas
Lightning Charging Cable,1,14.95,2022-02-19,"115 Lake St, Seattle, WA 98101",Cargadores
27in 4K Gaming Monitor,1,389.99,2022-02-19,"115 Lake St, Seattle, WA 98101",Monitores
AA Batteries (4-pack),1,3.84,2022-02-16,"537 Johnson St, Los Angeles, CA 90001",Pilas
Flatscreen TV,1,300,2022-02-21,"471 12th St, Boston, MA 02215",Televisores
20in Monitor,1,109.99,2022-02-15,"767 12th St, San Francisco, CA 94016",Monitores
Google Phone,1,600,2022-02-17,"702 Meadow St, New York City, NY 10001",Teléfonos
AA Batteries (4-pack),2,3.84,2022-02-28,"253 Chestnut St, Atlanta, GA 30301",Pilas
27in FHD Monitor,1,149.99,2022-02-27,"560 River St, San Francisco, CA 94016",Monitores
USB-C Charging Cable,1,11.95,2022-02-19,"320 Johnson St, New York City, NY 10001",Cargadores
Lightning Charging Cable,1,14.95,2022-02-27,"16 Willow St, San Francisco, CA 94016",Cargadores
AAA Batteries (4-pack),3,2.99,2022-02-27,"104 Lincoln St, Seattle, WA 98101",Pilas
AA Batteries (4-pack),1,3.84,2022-02-27,"882 4th St, Los Angeles, CA 90001",Pilas
ThinkPad Laptop,1,999.99,2022-02-26,"191 Meadow St, Boston, MA 02215",Portátiles
iPhone,1,700,2022-02-22,"702 River St, San Francisco, CA 94016",Teléfonos
Lightning Charging Cable,1,14.95,2022-02-22,"702 River St, San Francisco, CA 94016",Cargadores
Apple Airpods Headphones,1,150,2022-02-22,"702 River St, San Francisco, CA 94016",Auriculares
Wired Headphones,1,11.99,2022-02-22,"702 River St, San Francisco, CA 94016",Auriculares
Google Phone,1,600,2022-02-22,"702 River St, San Francisco, CA 94016",Teléfonos
27in 4K Gaming Monitor,1,389.99,2022-02-13,"841 Maple St, Los Angeles, CA 90001",Monitores
Flatscreen TV,1,300,2022-02-16,"386 Maple St, Boston, MA 02215",Televisores
Lightning Charging Cable,1,14.95,2022-02-19,"932 13th St, Boston, MA 02215",Cargadores
AA Batteries (4-pack),3,3.84,2022-02-18,"973 Jefferson St, Portland, ME 04101",Pilas
27in FHD Monitor,1,149.99,2022-02-24,"812 Wilson St, Dallas, TX 75001",Monitores
USB-C Charging Cable,1,11.95,2022-02-28,"451 9th St, Portland, OR 97035",Cargadores
iPhone,1,700,2022-02-28,"934 Chestnut St, Los Angeles, CA 90001",Teléfonos
Lightning Charging Cable,1,14.95,2022-02-28,"934 Chestnut St, Los Angeles, CA 90001",Cargadores
AA Batteries (4-pack),1,3.84,2022-02-22,"539 Center St, Dallas, TX 75001",Pilas
AA Batteries (4-pack),1,3.84,2022-02-22,"540 Dogwood St, Seattle, WA 98101",Pilas
AA Batteries (4-pack),1,3.84,2022-02-28,"910 Sunset St, New York City, NY 10001",Pilas
Apple Airpods Headphones,1,150,2022-02-15,"30 Elm St, Austin, TX 73301",Auriculares
Lightning Charging Cable,1,14.95,2022-02-21,"772 Washington St, Dallas, TX 75001",Cargadores
Wired Headphones,1,11.99,2022-02-22,"638 North St, Atlanta, GA 30301",Auriculares
AA Batteries (4-pack),1,3.84,2022-02-13,"162 Hill St, New York City, NY 10001",Pilas
AAA Batteries (4-pack),1,2.99,2022-02-14,"4 Hickory St, Seattle, WA 98101",Pilas
AAA Batteries (4-pack),1,2.99,2022-02-27,"299 12th St, San Francisco, CA 94016",Pilas
AAA Batteries (4-pack),1,2.99,2022-02-23,"727 Maple St, Portland, OR 97035",Pilas
Bose SoundSport Headphones,1,99.99,2022-02-18,"278 Hickory St, Portland, OR 97035",Auriculares
27in 4K Gaming Monitor,1,389.99,2022-02-21,"439 River St, Portland, ME 04101",Monitores
USB-C Charging Cable,1,11.95,2022-02-21,"439 River St, Portland, ME 04101",Cargadores
Lightning Charging Cable,1,14.95,2022-02-13,"989 South St, New York City, NY 10001",Cargadores
AA Batteries (4-pack),1,3.84,2022-02-16,"456 12th St, Dallas, TX 75001",Pilas
Apple Airpods Headphones,1,150,2022-02-24,"43 Washington St, San Francisco, CA 94016",Auriculares
Lightning Charging Cable,1,14.95,2022-02-22,"191 Hickory St, San Francisco, CA 94016",Cargadores
Lightning Charging Cable,1,14.95,2022-02-26,"181 Ridge St, Atlanta, GA 30301",Cargadores
USB-C Charging Cable,1,11.95,2022-02-27,"408 1st St, Boston, MA 02215",Cargadores
AAA Batteries (4-pack),1,2.99,2022-02-18,"387 Wilson St, Los Angeles, CA 90001",Pilas
Lightning Charging Cable,1,14.95,2022-02-15,"658 Wilson St, Atlanta, GA 30301",Cargadores
27in FHD Monitor,1,149.99,2022-02-15,"574 Willow St, New York City, NY 10001",Monitores
Flatscreen TV,1,300,2022-02-16,"522 West St, Seattle, WA 98101",Televisores
Lightning Charging Cable,1,14.95,2022-02-26,"535 Johnson St, Dallas, TX 75001",Cargadores
Lightning Charging Cable,1,14.95,2022-02-19,"38 Adams St, Atlanta, GA 30301",Cargadores
Vareebadd Phone,1,400,2022-02-25,"242 Walnut St, Los Angeles, CA 90001",Teléfonos
Wired Headphones,1,11.99,2022-02-25,"242 Walnut St, Los Angeles, CA 90001",Auriculares
27in 4K Gaming Monitor,1,389.99,2022-02-25,"242 Walnut St, Los Angeles, CA 90001",Monitores
AAA Batteries (4-pack),1,2.99,2022-02-21,"658 Lakeview St, Atlanta, GA 30301",Pilas
Bose SoundSport Headphones,1,99.99,2022-02-26,"157 North St, Seattle, WA 98101",Auriculares
Bose SoundSport Headphones,1,99.99,2022-02-14,"628 Ridge St, Los Angeles, CA 90001",Auriculares
AA Batteries (4-pack),2,3.84,2022-02-15,"514 Sunset St, San Francisco, CA 94016",Pilas
Lightning Charging Cable,1,14.95,2022-02-21,"791 River St, New York City, NY 10001",Cargadores
Lightning Charging Cable,1,14.95,2022-02-15,"603 Wilson St, Dallas, TX 75001",Cargadores
20in Monitor,1,109.99,2022-02-20,"493 Meadow St, Los Angeles, CA 90001",Monitores
USB-C Charging Cable,1,11.95,2022-02-18,"330 South St, Atlanta, GA 30301",Cargadores
27in FHD Monitor,1,149.99,2022-02-15,"56 Pine St, Seattle, WA 98101",Monitores
Lightning Charging Cable,1,14.95,2022-02-15,"11 8th St, Boston, MA 02215",Cargadores
iPhone,1,700,2022-02-28,"284 Willow St, Seattle, WA 98101",Teléfonos
AA Batteries (4-pack),3,3.84,2022-02-21,"507 Cherry St, Boston, MA 02215",Pilas
USB-C Charging Cable,1,11.95,2022-02-23,"497 Meadow St, Atlanta, GA 30301",Cargadores
20in Monitor,1,109.99,2022-02-26,"536 13th St, Los Angeles, CA 90001",Monitores
AAA Batteries (4-pack),2,2.99,2022-02-14,"497 5th St, Seattle, WA 98101",Pilas
Apple Airpods Headphones,1,150,2022-02-26,"357 Sunset St, Austin, TX 73301",Auriculares
Wired Headphones,1,11.99,2022-02-18,"677 South St, Dallas, TX 75001",Auriculares
20in Monitor,1,109.99,2022-02-26,"121 Church St, Seattle, WA 98101",Monitores
AA Batteries (4-pack),1,3.84,2022-02-26,"406 Dogwood St, Los Angeles, CA 90001",Pilas
Google Phone,1,600,2022-02-13,"380 Park St, New York City, NY 10001",Teléfonos
USB-C Charging Cable,1,11.95,2022-02-13,"380 Park St, New York City, NY 10001",Cargadores
AAA Batteries (4-pack),4,2.99,2022-02-15,"317 Cedar St, Portland, OR 97035",Pilas
Bose SoundSport Headphones,1,99.99,2022-02-19,"132 Pine St, San Francisco, CA 94016",Auriculares
27in 4K Gaming Monitor,1,389.99,2022-02-16,"707 West St, Atlanta, GA 30301",Monitores
Lightning Charging Cable,1,14.95,2022-02-22,"214 Adams St, Los Angeles, CA 90001",Cargadores
Macbook Pro Laptop,1,1700,2022-02-16,"450 Lincoln St, New York City, NY 10001",Portátiles
27in 4K Gaming Monitor,1,389.99,2022-02-16,"450 Lincoln St, New York City, NY 10001",Monitores
Flatscreen TV,1,300,2022-02-24,"939 12th St, Los Angeles, CA 90001",Televisores
AAA Batteries (4-pack),3,2.99,2022-02-25,"756 Church St, Los Angeles, CA 90001",Pilas
27in 4K Gaming Monitor,1,389.99,2022-02-26,"734 Jackson St, Dallas, TX 75001",Monitores
Wired Headphones,1,11.99,2022-02-21,"907 Walnut St, Portland, OR 97035",Auriculares
Wired Headphones,1,11.99,2022-02-28,"945 9th St, Atlanta, GA 30301",Auriculares
27in 4K Gaming Monitor,1,389.99,2022-02-20,"313 Adams St, Dallas, TX 75001",Monitores
Apple Airpods Headphones,1,150,2022-02-16,"194 Washington St, Seattle, WA 98101",Auriculares
Bose SoundSport Headphones,1,99.99,2022-02-15,"249 Highland St, San Francisco, CA 94016",Auriculares
Bose SoundSport Headphones,1,99.99,2022-02-26,"403 Pine St, Atlanta, GA 30301",Auriculares
Apple Airpods Headphones,1,150,2022-02-23,"348 10th St, San Francisco, CA 94016",Auriculares
Apple Airpods Headphones,1,150,2022-02-23,"186 Johnson St, Portland, OR 97035",Auriculares
Wired Headphones,1,11.99,2022-02-18,"577 13th St, Austin, TX 73301",Auriculares
USB-C Charging Cable,1,11.95,2022-02-14,"676 Maple St, Los Angeles, CA 90001",Cargadores
Apple Airpods Headphones,2,150,2022-02-20,"207 11th St, New York City, NY 10001",Auriculares
Lightning Charging Cable,1,14.95,2022-02-23,"492 Center St, Los Angeles, CA 90001",Cargadores
AA Batteries (4-pack),1,3.84,2022-02-18,"484 Chestnut St, Los Angeles, CA 90001",Pilas
AA Batteries (4-pack),1,3.84,2022-02-14,"369 4th St, San Francisco, CA 94016",Pilas
Bose SoundSport Headphones,1,99.99,2022-02-15,"680 Ridge St, Seattle, WA 98101",Auriculares
AAA Batteries (4-pack),2,2.99,2022-02-23,"252 7th St, Los Angeles, CA 90001",Pilas
AA Batteries (4-pack),2,3.84,2022-02-23,"946 Cherry St, Seattle, WA 98101",Pilas
Bose SoundSport Headphones,1,99.99,2022-02-27,"339 13th St, San Francisco, CA 94016",Auriculares
Bose SoundSport Headphones,1,99.99,2022-02-25,"196 Meadow St, Boston, MA 02215",Auriculares
Google Phone,1,600,2022-02-22,"563 Forest St, San Francisco, CA 94016",Teléfonos
Bose SoundSport Headphones,1,99.99,2022-02-23,"832 Washington St, Austin, TX 73301",Auriculares
iPhone,1,700,2022-02-23,"709 13th St, Dallas, TX 75001",Teléfonos
iPhone,1,700,2022-02-18,"551 13th St, Los Angeles, CA 90001",Teléfonos
AAA Batteries (4-pack),3,2.99,2022-02-22,"989 Cherry St, Portland, OR 97035",Pilas
Macbook Pro Laptop,1,1700,2022-02-28,"99 South St, Los Angeles, CA 90001",Portátiles
Google Phone,1,600,2022-02-16,"634 Cedar St, Boston, MA 02215",Teléfonos
USB-C Charging Cable,1,11.95,2022-02-16,"634 Cedar St, Boston, MA 02215",Cargadores
Vareebadd Phone,1,400,2022-02-19,"226 12th St, New York City, NY 10001",Teléfonos
Lightning Charging Cable,1,14.95,2022-02-19,"42 10th St, San Francisco, CA 94016",Cargadores
34in Ultrawide Monitor,1,379.99,2022-02-18,"385 8th St, San Francisco, CA 94016",Monitores
Bose SoundSport Headphones,1,99.99,2022-02-15,"477 Willow St, Seattle, WA 98101",Auriculares
Wired Headphones,1,11.99,2022-02-16,"245 Sunset St, Boston, MA 02215",Auriculares
Lightning Charging Cable,1,14.95,2022-02-23,"577 6th St, San Francisco, CA 94016",Cargadores
34in Ultrawide Monitor,1,379.99,2022-02-28,"375 Washington St, San Francisco, CA 94016",Monitores
USB-C Charging Cable,1,11.95,2022-02-19,"470 Johnson St, San Francisco, CA 94016",Cargadores
34in Ultrawide Monitor,1,379.99,2022-02-23,"235 West St, Austin, TX 73301",Monitores
iPhone,1,700,2022-02-23,"604 Center St, Boston, MA 02215",Teléfonos
27in 4K Gaming Monitor,1,389.99,2022-02-23,"225 1st St, San Francisco, CA 94016",Monitores
Apple Airpods Headphones,1,150,2022-02-26,"904 Lake St, Atlanta, GA 30301",Auriculares
AA Batteries (4-pack),1,3.84,2022-02-27,"611 River St, Los Angeles, CA 90001",Pilas
20in Monitor,1,109.99,2022-02-26,"697 Lake St, New York City, NY 10001",Monitores
Lightning Charging Cable,1,14.95,2022-02-27,"234 13th St, New York City, NY 10001",Cargadores
ThinkPad Laptop,1,999.99,2022-02-21,"555 Chestnut St, San Francisco, CA 94016",Portátiles
Lightning Charging Cable,1,14.95,2022-02-25,"492 Jackson St, San Francisco, CA 94016",Cargadores
Google Phone,1,600,2022-02-24,"675 8th St, New York City, NY 10001",Teléfonos
Wired Headphones,1,11.99,2022-02-23,"172 Johnson St, San Francisco, CA 94016",Auriculares
AA Batteries (4-pack),2,3.84,2022-02-22,"463 Elm St, Los Angeles, CA 90001",Pilas
Bose SoundSport Headphones,1,99.99,2022-02-22,"441 Jefferson St, Los Angeles, CA 90001",Auriculares
27in 4K Gaming Monitor,1,389.99,2022-02-21,"523 Meadow St, San Francisco, CA 94016",Monitores
AAA Batteries (4-pack),3,2.99,2022-02-23,"395 4th St, New York City, NY 10001",Pilas
Macbook Pro Laptop,1,1700,2022-02-17,"235 River St, San Francisco, CA 94016",Portátiles
Macbook Pro Laptop,1,1700,2022-02-26,"251 Forest St, San Francisco, CA 94016",Portátiles
ThinkPad Laptop,1,999.99,2022-02-24,"477 Jackson St, New York City, NY 10001",Portátiles
Google Phone,1,600,2022-02-15,"2 Ridge St, San Francisco, CA 94016",Teléfonos
USB-C Charging Cable,1,11.95,2022-02-28,"298 9th St, Seattle, WA 98101",Cargadores
Lightning Charging Cable,1,14.95,2022-02-25,"207 Jefferson St, Austin, TX 73301",Cargadores
27in 4K Gaming Monitor,1,389.99,2022-02-21,"725 Adams St, San Francisco, CA 94016",Monitores
Wired Headphones,1,11.99,2022-02-21,"42 Center St, San Francisco, CA 94016",Auriculares
27in 4K Gaming Monitor,1,389.99,2022-02-17,"392 Lincoln St, New York City, NY 10001",Monitores
AA Batteries (4-pack),1,3.84,2022-02-13,"945 6th St, Seattle, WA 98101",Pilas
Wired Headphones,1,11.99,2022-02-21,"79 13th St, Atlanta, GA 30301",Auriculares
27in FHD Monitor,1,149.99,2022-02-24,"991 River St, New York City, NY 10001",Monitores
27in 4K Gaming Monitor,1,389.99,2022-02-15,"995 Ridge St, San Francisco, CA 94016",Monitores
iPhone,1,700,2022-02-18,"571 Lakeview St, New York City, NY 10001",Teléfonos
Lightning Charging Cable,1,14.95,2022-02-14,"83 Center St, Boston, MA 02215",Cargadores
Lightning Charging Cable,1,14.95,2022-02-26,"487 Jefferson St, Los Angeles, CA 90001",Cargadores
AA Batteries (4-pack),1,3.84,2022-02-17,"997 Walnut St, New York City, NY 10001",Pilas
iPhone,1,700,2022-02-13,"680 Maple St, San Francisco, CA 94016",Teléfonos
Wired Headphones,1,11.99,2022-02-13,"680 Maple St, San Francisco, CA 94016",Auriculares
USB-C Charging Cable,1,11.95,2022-02-15,"111 Cedar St, New York City, NY 10001",Cargadores
27in 4K Gaming Monitor,1,389.99,2022-02-27,"513 9th St, New York City, NY 10001",Monitores
34in Ultrawide Monitor,1,379.99,2022-02-19,"459 Sunset St, Atlanta, GA 30301",Monitores
27in 4K Gaming Monitor,1,389.99,2022-02-26,"482 Johnson St, New York City, NY 10001",Monitores
Apple Airpods Headphones,1,150,2022-02-19,"927 West St, Portland, ME 04101",Auriculares
Google Phone,1,600,2022-02-26,"248 6th St, San Francisco, CA 94016",Teléfonos
Bose SoundSport Headphones,1,99.99,2022-02-26,"248 6th St, San Francisco, CA 94016",Auriculares
27in 4K Gaming Monitor,1,389.99,2022-02-14,"933 Center St, Los Angeles, CA 90001",Monitores
27in 4K Gaming Monitor,1,389.99,2022-02-26,"360 Center St, Boston, MA 02215",Monitores
Wired Headphones,1,11.99,2022-02-14,"387 Lake St, Seattle, WA 98101",Auriculares
USB-C Charging Cable,1,11.95,2022-02-14,"377 8th St, San Francisco, CA 94016",Cargadores
Apple Airpods Headphones,1,150,2022-02-23,"831 Church St, Los Angeles, CA 90001",Auriculares
27in FHD Monitor,1,149.99,2022-02-22,"926 Lincoln St, Boston, MA 02215",Monitores
34in Ultrawide Monitor,1,379.99,2022-02-22,"926 Lincoln St, Boston, MA 02215",Monitores
Apple Airpods Headphones,1,150,2022-02-13,"280 12th St, Boston, MA 02215",Auriculares
AA Batteries (4-pack),1,3.84,2022-02-23,"313 Chestnut St, Los Angeles, CA 90001",Pilas
27in 4K Gaming Monitor,1,389.99,2022-02-16,"94 West St, Portland, OR 97035",Monitores
USB-C Charging Cable,1,11.95,2022-02-28,"142 Wilson St, Atlanta, GA 30301",Cargadores
AAA Batteries (4-pack),6,2.99,2022-02-28,"225 11th St, Portland, ME 04101",Pilas
27in 4K Gaming Monitor,1,389.99,2022-02-21,"807 Sunset St, Los Angeles, CA 90001",Monitores
Apple Airpods Headphones,1,150,2022-02-20,"301 2nd St, Boston, MA 02215",Auriculares
AA Batteries (4-pack),1,3.84,2022-02-15,"711 Lake St, San Francisco, CA 94016",Pilas
AA Batteries (4-pack),1,3.84,2022-02-21,"472 13th St, New York City, NY 10001",Pilas
Lightning Charging Cable,1,14.95,2022-02-25,"935 Lincoln St, San Francisco, CA 94016",Cargadores
AAA Batteries (4-pack),1,2.99,2022-02-28,"302 11th St, New York City, NY 10001",Pilas
Apple Airpods Headphones,1,150,2022-02-24,"774 West St, Austin, TX 73301",Auriculares
USB-C Charging Cable,1,11.95,2022-02-24,"333 Main St, San Francisco, CA 94016",Cargadores
Apple Airpods Headphones,1,150,2022-02-15,"853 Maple St, Los Angeles, CA 90001",Auriculares
AA Batteries (4-pack),2,3.84,2022-02-13,"644 4th St, Seattle, WA 98101",Pilas
USB-C Charging Cable,1,11.95,2022-02-19,"3 1st St, Los Angeles, CA 90001",Cargadores
iPhone,1,700,2022-02-15,"326 Center St, San Francisco, CA 94016",Teléfonos
Lightning Charging Cable,2,14.95,2022-02-23,"81 7th St, Portland, OR 97035",Cargadores
27in 4K Gaming Monitor,1,389.99,2022-02-27,"549 Johnson St, Portland, OR 97035",Monitores
Wired Headphones,1,11.99,2022-02-22,"230 Chestnut St, San Francisco, CA 94016",Auriculares
Bose SoundSport Headphones,1,99.99,2022-02-14,"226 Hill St, Portland, OR 97035",Auriculares
USB-C Charging Cable,1,11.95,2022-02-23,"329 Jefferson St, Los Angeles, CA 90001",Cargadores
AAA Batteries (4-pack),1,2.99,2022-02-13,"206 1st St, Seattle, WA 98101",Pilas
34in Ultrawide Monitor,1,379.99,2022-02-20,"904 Forest St, Atlanta, GA 30301",Monitores
AA Batteries (4-pack),1,3.84,2022-02-22,"204 Lakeview St, Atlanta, GA 30301",Pilas
iPhone,1,700,2022-02-18,"640 Cedar St, San Francisco, CA 94016",Teléfonos
Bose SoundSport Headphones,1,99.99,2022-02-26,"786 North St, San Francisco, CA 94016",Auriculares
AA Batteries (4-pack),2,3.84,2022-02-15,"957 Ridge St, Atlanta, GA 30301",Pilas
AAA Batteries (4-pack),3,2.99,2022-02-16,"529 Dogwood St, San Francisco, CA 94016",Pilas
AAA Batteries (4-pack),1,2.99,2022-02-15,"32 Maple St, Austin, TX 73301",Pilas
iPhone,1,700,2022-02-14,"379 13th St, New York City, NY 10001",Teléfonos
Lightning Charging Cable,1,14.95,2022-02-14,"379 13th St, New York City, NY 10001",Cargadores
Lightning Charging Cable,1,14.95,2022-02-27,"184 2nd St, Atlanta, GA 30301",Cargadores
27in 4K Gaming Monitor,1,389.99,2022-02-14,"866 Walnut St, Boston, MA 02215",Monitores
Bose SoundSport Headphones,2,99.99,2022-02-13,"47 Cherry St, San Francisco, CA 94016",Auriculares
AA Batteries (4-pack),1,3.84,2022-02-28,"262 Hickory St, New York City, NY 10001",Pilas
27in 4K Gaming Monitor,1,389.99,2022-02-24,"142 Madison St, Portland, ME 04101",Monitores
iPhone,1,700,2022-02-26,"139 Dogwood St, San Francisco, CA 94016",Teléfonos
ThinkPad Laptop,1,999.99,2022-02-26,"139 Dogwood St, San Francisco, CA 94016",Portátiles
Bose SoundSport Headphones,1,99.99,2022-02-16,"144 Adams St, San Francisco, CA 94016",Auriculares
Apple Airpods Headphones,1,150,2022-02-24,"318 1st St, Boston, MA 02215",Auriculares
Google Phone,1,600,2022-02-28,"94 Church St, San Francisco, CA 94016",Teléfonos
AAA Batteries (4-pack),1,2.99,2022-02-28,"586 Elm St, San Francisco, CA 94016",Pilas
iPhone,1,700,2022-02-26,"808 1st St, New York City, NY 10001",Teléfonos
Wired Headphones,1,11.99,2022-02-17,"807 Maple St, Atlanta, GA 30301",Auriculares
Wired Headphones,1,11.99,2022-02-24,"937 4th St, Atlanta, GA 30301",Auriculares
Apple Airpods Headphones,1,150,2022-02-25,"946 Highland St, Seattle, WA 98101",Auriculares
AA Batteries (4-pack),1,3.84,2022-02-19,"225 2nd St, Boston, MA 02215",Pilas
AAA Batteries (4-pack),3,2.99,2022-02-19,"104 Church St, San Francisco, CA 94016",Pilas
Wired Headphones,1,11.99,2022-02-20,"773 8th St, Los Angeles, CA 90001",Auriculares
Wired Headphones,1,11.99,2022-02-27,"753 Church St, San Francisco, CA 94016",Auriculares
34in Ultrawide Monitor,1,379.99,2022-02-16,"12 Madison St, San Francisco, CA 94016",Monitores
Macbook Pro Laptop,1,1700,2022-02-20,"464 Spruce St, New York City, NY 10001",Portátiles
Lightning Charging Cable,1,14.95,2022-02-13,"41 Jackson St, San Francisco, CA 94016",Cargadores
Apple Airpods Headphones,1,150,2022-02-18,"756 6th St, Los Angeles, CA 90001",Auriculares
27in FHD Monitor,1,149.99,2022-02-25,"209 13th St, Dallas, TX 75001",Monitores
AA Batteries (4-pack),1,3.84,2022-02-25,"210 Center St, Boston, MA 02215",Pilas
iPhone,1,700,2022-02-21,"60 Walnut St, Seattle, WA 98101",Teléfonos
Lightning Charging Cable,1,14.95,2022-02-21,"60 Walnut St, Seattle, WA 98101",Cargadores
Apple Airpods Headphones,1,150,2022-02-22,"562 12th St, San Francisco, CA 94016",Auriculares
AAA Batteries (4-pack),1,2.99,2022-02-18,"359 Meadow St, New York City, NY 10001",Pilas
iPhone,1,700,2022-02-14,"191 Wilson St, Atlanta, GA 30301",Teléfonos
Flatscreen TV,1,300,2022-02-26,"665 Cedar St, San Francisco, CA 94016",Televisores
Google Phone,1,600,2022-02-24,"560 1st St, Dallas, TX 75001",Teléfonos
USB-C Charging Cable,1,11.95,2022-02-24,"560 1st St, Dallas, TX 75001",Cargadores
Apple Airpods Headphones,1,150,2022-02-18,"225 Lake St, Boston, MA 02215",Auriculares
Vareebadd Phone,1,400,2022-02-28,"285 Lakeview St, San Francisco, CA 94016",Teléfonos
Bose SoundSport Headphones,1,99.99,2022-02-15,"571 Cedar St, Austin, TX 73301",Auriculares
Bose SoundSport Headphones,1,99.99,2022-02-14,"731 Spruce St, Austin, TX 73301",Auriculares
Vareebadd Phone,1,400,2022-02-23,"693 Adams St, New York City, NY 10001",Teléfonos
Lightning Charging Cable,1,14.95,2022-02-22,"3 Wilson St, San Francisco, CA 94016",Cargadores
Wired Headphones,1,11.99,2022-02-24,"530 Jackson St, Atlanta, GA 30301",Auriculares
USB-C Charging Cable,1,11.95,2022-02-16,"418 Spruce St, New York City, NY 10001",Cargadores
USB-C Charging Cable,1,11.95,2022-02-27,"759 West St, Atlanta, GA 30301",Cargadores
Wired Headphones,1,11.99,2022-02-13,"121 2nd St, Boston, MA 02215",Auriculares
ThinkPad Laptop,1,999.99,2022-02-15,"797 Washington St, San Francisco, CA 94016",Portátiles
Lightning Charging Cable,1,14.95,2022-02-26,"173 7th St, New York City, NY 10001",Cargadores
USB-C Charging Cable,1,11.95,2022-02-20,"79 Cedar St, Los Angeles, CA 90001",Cargadores
Bose SoundSport Headphones,1,99.99,2022-02-25,"893 2nd St, New York City, NY 10001",Auriculares
USB-C Charging Cable,1,11.95,2022-02-25,"893 2nd St, New York City, NY 10001",Cargadores
AAA Batteries (4-pack),1,2.99,2022-02-18,"404 North St, San Francisco, CA 94016",Pilas
LG Washing Machine,1,600.0,2022-02-20,"282 Cedar St, San Francisco, CA 94016",Electrodomésticos
USB-C Charging Cable,1,11.95,2022-02-27,"813 1st St, Atlanta, GA 30301",Cargadores
AAA Batteries (4-pack),3,2.99,2022-02-26,"409 Lincoln St, Los Angeles, CA 90001",Pilas
USB-C Charging Cable,1,11.95,2022-02-28,"85 Sunset St, Atlanta, GA 30301",Cargadores
Macbook Pro Laptop,1,1700,2022-02-18,"516 Walnut St, Los Angeles, CA 90001",Portátiles
AAA Batteries (4-pack),1,2.99,2022-02-18,"640 Chestnut St, Austin, TX 73301",Pilas
AAA Batteries (4-pack),1,2.99,2022-02-27,"916 12th St, Atlanta, GA 30301",Pilas
Google Phone,1,600,2022-02-21,"471 7th St, Boston, MA 02215",Teléfonos
Bose SoundSport Headphones,1,99.99,2022-02-13,"819 Main St, Atlanta, GA 30301",Auriculares
AAA Batteries (4-pack),2,2.99,2022-02-13,"819 Main St, Atlanta, GA 30301",Pilas
Apple Airpods Headphones,1,150,2022-02-20,"629 10th St, Boston, MA 02215",Auriculares
Lightning Charging Cable,1,14.95,2022-02-23,"411 Dogwood St, Los Angeles, CA 90001",Cargadores
Wired Headphones,1,11.99,2022-02-17,"497 Pine St, New York City, NY 10001",Auriculares
Flatscreen TV,1,300,2022-02-17,"590 9th St, Portland, OR 97035",Televisores
Apple Airpods Headphones,1,150,2022-02-28,"85 Walnut St, Atlanta, GA 30301",Auriculares
Wired Headphones,2,11.99,2022-02-26,"579 Lakeview St, Seattle, WA 98101",Auriculares
AAA Batteries (4-pack),2,2.99,2022-02-16,"230 Johnson St, Los Angeles, CA 90001",Pilas
iPhone,1,700,2022-02-28,"811 Willow St, San Francisco, CA 94016",Teléfonos
Wired Headphones,1,11.99,2022-02-28,"811 Willow St, San Francisco, CA 94016",Auriculares
27in 4K Gaming Monitor,1,389.99,2022-02-13,"594 9th St, Dallas, TX 75001",Monitores
USB-C Charging Cable,1,11.95,2022-02-20,"760 Jackson St, San Francisco, CA 94016",Cargadores
Bose SoundSport Headphones,1,99.99,2022-02-16,"392 Sunset St, Dallas, TX 75001",Auriculares
AAA Batteries (4-pack),1,2.99,2022-02-26,"225 2nd St, Boston, MA 02215",Pilas
27in FHD Monitor,1,149.99,2022-02-19,"482 Maple St, New York City, NY 10001",Monitores
Lightning Charging Cable,1,14.95,2022-02-23,"270 Highland St, Seattle, WA 98101",Cargadores
AA Batteries (4-pack),2,3.84,2022-02-17,"300 Cherry St, San Francisco, CA 94016",Pilas
Apple Airpods Headphones,1,150,2022-02-13,"276 Forest St, San Francisco, CA 94016",Auriculares
AA Batteries (4-pack),1,3.84,2022-02-24,"970 14th St, Dallas, TX 75001",Pilas
Apple Airpods Headphones,1,150,2022-02-15,"589 9th St, San Francisco, CA 94016",Auriculares
Lightning Charging Cable,1,14.95,2022-02-27,"196 13th St, Los Angeles, CA 90001",Cargadores
USB-C Charging Cable,1,11.95,2022-02-27,"666 Chestnut St, Dallas, TX 75001",Cargadores
USB-C Charging Cable,1,11.95,2022-02-27,"316 Elm St, New York City, NY 10001",Cargadores
27in 4K Gaming Monitor,1,389.99,2022-02-26,"770 Maple St, Boston, MA 02215",Monitores
Wired Headphones,1,11.99,2022-02-20,"794 8th St, Austin, TX 73301",Auriculares
Lightning Charging Cable,1,14.95,2022-02-20,"794 8th St, Austin, TX 73301",Cargadores
iPhone,1,700,2022-02-14,"614 9th St, Seattle, WA 98101",Teléfonos
27in FHD Monitor,1,149.99,2022-02-18,"990 14th St, New York City, NY 10001",Monitores
AA Batteries (4-pack),1,3.84,2022-02-26,"424 Sunset St, Los Angeles, CA 90001",Pilas
27in FHD Monitor,1,149.99,2022-02-14,"812 Madison St, Los Angeles, CA 90001",Monitores
Wired Headphones,2,11.99,2022-02-15,"322 14th St, Dallas, TX 75001",Auriculares
Apple Airpods Headphones,1,150,2022-02-17,"37 West St, Los Angeles, CA 90001",Auriculares
USB-C Charging Cable,1,11.95,2022-02-23,"60 Cherry St, Dallas, TX 75001",Cargadores
AA Batteries (4-pack),1,3.84,2022-02-13,"358 Lakeview St, Dallas, TX 75001",Pilas
Lightning Charging Cable,1,14.95,2022-02-17,"123 Willow St, San Francisco, CA 94016",Cargadores
AAA Batteries (4-pack),1,2.99,2022-02-23,"958 Dogwood St, San Francisco, CA 94016",Pilas
ThinkPad Laptop,1,999.99,2022-02-19,"670 Johnson St, Los Angeles, CA 90001",Portátiles
Apple Airpods Headphones,1,150,2022-02-14,"979 Cedar St, New York City, NY 10001",Auriculares
Apple Airpods Headphones,1,150,2022-02-21,"946 10th St, Atlanta, GA 30301",Auriculares
Wired Headphones,1,11.99,2022-02-27,"165 Forest St, Boston, MA 02215",Auriculares
AAA Batteries (4-pack),1,2.99,2022-02-20,"367 9th St, Los Angeles, CA 90001",Pilas
Lightning Charging Cable,1,14.95,2022-02-17,"632 Park St, Portland, OR 97035",Cargadores
USB-C Charging Cable,1,11.95,2022-02-14,"689 Jefferson St, Dallas, TX 75001",Cargadores
AAA Batteries (4-pack),1,2.99,2022-02-27,"610 Walnut St, Los Angeles, CA 90001",Pilas
AAA Batteries (4-pack),2,2.99,2022-02-22,"765 10th St, Seattle, WA 98101",Pilas
AAA Batteries (4-pack),1,2.99,2022-02-19,"952 Maple St, Austin, TX 73301",Pilas
Apple Airpods Headphones,1,150,2022-02-27,"405 Jackson St, Portland, OR 97035",Auriculares
Apple Airpods Headphones,1,150,2022-02-24,"217 Johnson St, Dallas, TX 75001",Auriculares
USB-C Charging Cable,2,11.95,2022-02-19,"220 Hickory St, Austin, TX 73301",Cargadores
20in Monitor,1,109.99,2022-02-25,"195 Cherry St, San Francisco, CA 94016",Monitores
Google Phone,1,600,2022-02-26,"819 Sunset St, Austin, TX 73301",Teléfonos
Bose SoundSport Headphones,1,99.99,2022-02-17,"632 Hickory St, Boston, MA 02215",Auriculares
iPhone,1,700,2022-02-28,"235 River St, San Francisco, CA 94016",Teléfonos
Wired Headphones,1,11.99,2022-02-23,"182 Hickory St, Dallas, TX 75001",Auriculares
Bose SoundSport Headphones,1,99.99,2022-02-24,"238 Meadow St, Atlanta, GA 30301",Auriculares
Macbook Pro Laptop,1,1700,2022-02-26,"443 Center St, Portland, OR 97035",Portátiles
USB-C Charging Cable,1,11.95,2022-02-24,"226 Main St, Dallas, TX 75001",Cargadores
Lightning Charging Cable,1,14.95,2022-02-25,"841 Johnson St, San Francisco, CA 94016",Cargadores
USB-C Charging Cable,1,11.95,2022-02-22,"236 Dogwood St, Boston, MA 02215",Cargadores
ThinkPad Laptop,1,999.99,2022-02-25,"925 Cedar St, San Francisco, CA 94016",Portátiles
27in 4K Gaming Monitor,1,389.99,2022-02-20,"780 2nd St, Boston, MA 02215",Monitores
Apple Airpods Headphones,1,150,2022-02-21,"532 1st St, New York City, NY 10001",Auriculares
iPhone,1,700,2022-02-13,"740 13th St, New York City, NY 10001",Teléfonos
Bose SoundSport Headphones,1,99.99,2022-02-15,"642 Hickory St, Austin, TX 73301",Auriculares
USB-C Charging Cable,1,11.95,2022-02-23,"697 4th St, Austin, TX 73301",Cargadores
AA Batteries (4-pack),2,3.84,2022-02-13,"141 1st St, Atlanta, GA 30301",Pilas
Bose SoundSport Headphones,1,99.99,2022-02-17,"79 2nd St, Atlanta, GA 30301",Auriculares
Wired Headphones,1,11.99,2022-02-23,"991 13th St, Los Angeles, CA 90001",Auriculares
USB-C Charging Cable,1,11.95,2022-02-21,"930 7th St, Seattle, WA 98101",Cargadores
Google Phone,1,600,2022-02-17,"382 Chestnut St, Austin, TX 73301",Teléfonos
Flatscreen TV,1,300,2022-02-18,"765 14th St, Dallas, TX 75001",Televisores
34in Ultrawide Monitor,1,379.99,2022-02-20,"894 9th St, New York City, NY 10001",Monitores
Lightning Charging Cable,1,14.95,2022-02-13,"91 Sunset St, Austin, TX 73301",Cargadores
AA Batteries (4-pack),2,3.84,2022-02-25,"448 9th St, Los Angeles, CA 90001",Pilas
LG Dryer,1,600.0,2022-02-23,"238 Lakeview St, Los Angeles, CA 90001",Electrodomésticos
Wired Headphones,1,11.99,2022-02-21,"963 Center St, New York City, NY 10001",Auriculares
USB-C Charging Cable,1,11.95,2022-02-21,"337 Cherry St, Boston, MA 02215",Cargadores
Lightning Charging Cable,1,14.95,2022-02-24,"294 Madison St, Los Angeles, CA 90001",Cargadores
Vareebadd Phone,1,400,2022-02-25,"994 Cherry St, Dallas, TX 75001",Teléfonos
Bose SoundSport Headphones,1,99.99,2022-02-25,"994 Cherry St, Dallas, TX 75001",Auriculares
27in FHD Monitor,1,149.99,2022-02-21,"53 Johnson St, Los Angeles, CA 90001",Monitores
AA Batteries (4-pack),1,3.84,2022-02-26,"883 Elm St, San Francisco, CA 94016",Pilas
20in Monitor,1,109.99,2022-02-22,"452 Cherry St, Atlanta, GA 30301",Monitores
Google Phone,1,600,2022-02-13,"743 7th St, Dallas, TX 75001",Teléfonos
USB-C Charging Cable,1,11.95,2022-02-13,"743 7th St, Dallas, TX 75001",Cargadores
Lightning Charging Cable,1,14.95,2022-02-19,"972 Church St, San Francisco, CA 94016",Cargadores
Lightning Charging Cable,1,14.95,2022-02-25,"812 Lakeview St, Dallas, TX 75001",Cargadores
AA Batteries (4-pack),1,3.84,2022-02-16,"231 Ridge St, Boston, MA 02215",Pilas
Flatscreen TV,1,300,2022-02-19,"994 Chestnut St, Dallas, TX 75001",Televisores
AA Batteries (4-pack),1,3.84,2022-02-21,"10 14th St, Seattle, WA 98101",Pilas
Flatscreen TV,1,300,2022-02-18,"511 Jackson St, Austin, TX 73301",Televisores
Lightning Charging Cable,2,14.95,2022-02-27,"884 Spruce St, Los Angeles, CA 90001",Cargadores
USB-C Charging Cable,1,11.95,2022-02-27,"530 West St, Los Angeles, CA 90001",Cargadores
AAA Batteries (4-pack),1,2.99,2022-02-20,"914 Lake St, Austin, TX 73301",Pilas
Wired Headphones,1,11.99,2022-02-28,"42 Park St, Dallas, TX 75001",Auriculares
34in Ultrawide Monitor,1,379.99,2022-02-13,"729 South St, Boston, MA 02215",Monitores
Lightning Charging Cable,1,14.95,2022-02-28,"563 Jackson St, Los Angeles, CA 90001",Cargadores
AA Batteries (4-pack),1,3.84,2022-02-18,"741 Pine St, San Francisco, CA 94016",Pilas
Lightning Charging Cable,1,14.95,2022-02-14,"953 5th St, San Francisco, CA 94016",Cargadores
AAA Batteries (4-pack),1,2.99,2022-02-24,"832 Highland St, Portland, OR 97035",Pilas
Macbook Pro Laptop,1,1700,2022-02-28,"95 West St, New York City, NY 10001",Portátiles
AAA Batteries (4-pack),1,2.99,2022-02-20,"677 Willow St, San Francisco, CA 94016",Pilas
Lightning Charging Cable,1,14.95,2022-02-18,"191 10th St, Dallas, TX 75001",Cargadores
Bose SoundSport Headphones,1,99.99,2022-02-14,"794 Sunset St, Portland, ME 04101",Auriculares
AA Batteries (4-pack),1,3.84,2022-02-24,"750 4th St, Portland, OR 97035",Pilas
Wired Headphones,1,11.99,2022-02-22,"870 11th St, Dallas, TX 75001",Auriculares
27in 4K Gaming Monitor,1,389.99,2022-02-27,"805 Spruce St, New York City, NY 10001",Monitores
USB-C Charging Cable,1,11.95,2022-02-25,"968 River St, Dallas, TX 75001",Cargadores
Wired Headphones,1,11.99,2022-02-27,"243 Hickory St, San Francisco, CA 94016",Auriculares
USB-C Charging Cable,1,11.95,2022-02-18,"950 Church St, Seattle, WA 98101",Cargadores
Wired Headphones,1,11.99,2022-02-18,"175 11th St, Portland, OR 97035",Auriculares
34in Ultrawide Monitor,1,379.99,2022-02-28,"930 Chestnut St, Boston, MA 02215",Monitores
Google Phone,1,600,2022-02-18,"613 7th St, Portland, OR 97035",Teléfonos
AAA Batteries (4-pack),3,2.99,2022-02-13,"356 Pine St, San Francisco, CA 94016",Pilas
LG Washing Machine,1,600.0,2022-02-21,"592 Madison St, Dallas, TX 75001",Electrodomésticos
AA Batteries (4-pack),1,3.84,2022-02-24,"389 Adams St, Portland, OR 97035",Pilas
AA Batteries (4-pack),1,3.84,2022-02-27,"44 Main St, Dallas, TX 75001",Pilas
iPhone,1,700,2022-02-26,"426 Hickory St, Boston, MA 02215",Teléfonos
Lightning Charging Cable,1,14.95,2022-02-26,"426 Hickory St, Boston, MA 02215",Cargadores
Bose SoundSport Headphones,1,99.99,2022-02-13,"987 Walnut St, Boston, MA 02215",Auriculares
27in FHD Monitor,1,149.99,2022-02-21,"827 Lakeview St, San Francisco, CA 94016",Monitores
AA Batteries (4-pack),1,3.84,2022-02-15,"847 2nd St, Los Angeles, CA 90001",Pilas
AAA Batteries (4-pack),1,2.99,2022-02-19,"615 5th St, Dallas, TX 75001",Pilas
AAA Batteries (4-pack),2,2.99,2022-02-27,"754 5th St, Los Angeles, CA 90001",Pilas
Wired Headphones,1,11.99,2022-02-27,"640 Dogwood St, New York City, NY 10001",Auriculares
AAA Batteries (4-pack),1,2.99,2022-02-19,"627 8th St, Austin, TX 73301",Pilas
Lightning Charging Cable,1,14.95,2022-02-21,"803 13th St, Seattle, WA 98101",Cargadores
Wired Headphones,1,11.99,2022-02-19,"962 Pine St, New York City, NY 10001",Auriculares
USB-C Charging Cable,1,11.95,2022-02-28,"748 6th St, Portland, OR 97035",Cargadores
Bose SoundSport Headphones,1,99.99,2022-02-17,"375 11th St, Portland, OR 97035",Auriculares
AAA Batteries (4-pack),1,2.99,2022-02-24,"530 4th St, Dallas, TX 75001",Pilas
Apple Airpods Headphones,1,150,2022-02-23,"270 River St, Los Angeles, CA 90001",Auriculares
AAA Batteries (4-pack),3,2.99,2022-02-14,"674 Hickory St, Portland, ME 04101",Pilas
Google Phone,1,600,2022-02-15,"791 Spruce St, Atlanta, GA 30301",Teléfonos
Bose SoundSport Headphones,1,99.99,2022-02-15,"791 Spruce St, Atlanta, GA 30301",Auriculares
Wired Headphones,1,11.99,2022-02-18,"800 Cedar St, Los Angeles, CA 90001",Auriculares
Bose SoundSport Headphones,1,99.99,2022-02-23,"5 2nd St, San Francisco, CA 94016",Auriculares
Lightning Charging Cable,1,14.95,2022-02-18,"882 9th St, Atlanta, GA 30301",Cargadores
USB-C Charging Cable,1,11.95,2022-02-21,"564 11th St, San Francisco, CA 94016",Cargadores
Lightning Charging Cable,1,14.95,2022-02-27,"497 10th St, Boston, MA 02215",Cargadores
AAA Batteries (4-pack),2,2.99,2022-02-17,"874 Hickory St, Los Angeles, CA 90001",Pilas
27in 4K Gaming Monitor,1,389.99,2022-02-19,"773 Maple St, Portland, ME 04101",Monitores
USB-C Charging Cable,1,11.95,2022-02-19,"426 Center St, New York City, NY 10001",Cargadores
Wired Headphones,1,11.99,2022-02-24,"828 Lakeview St, Los Angeles, CA 90001",Auriculares
20in Monitor,1,109.99,2022-02-27,"986 9th St, Portland, OR 97035",Monitores
USB-C Charging Cable,1,11.95,2022-02-26,"577 Pine St, Austin, TX 73301",Cargadores
USB-C Charging Cable,1,11.95,2022-02-25,"407 Hill St, Los Angeles, CA 90001",Cargadores
AA Batteries (4-pack),1,3.84,2022-02-28,"849 Jackson St, Los Angeles, CA 90001",Pilas
USB-C Charging Cable,1,11.95,2022-02-27,"49 Jefferson St, Austin, TX 73301",Cargadores
USB-C Charging Cable,1,11.95,2022-02-26,"416 West St, San Francisco, CA 94016",Cargadores
AAA Batteries (4-pack),1,2.99,2022-02-15,"906 Maple St, San Francisco, CA 94016",Pilas
Lightning Charging Cable,2,14.95,2022-02-24,"916 Park St, San Francisco, CA 94016",Cargadores
Lightning Charging Cable,1,14.95,2022-02-24,"720 South St, New York City, NY 10001",Cargadores
USB-C Charging Cable,1,11.95,2022-02-26,"361 Cherry St, Boston, MA 02215",Cargadores
Google Phone,1,600,2022-02-24,"323 Cherry St, Austin, TX 73301",Teléfonos
Apple Airpods Headphones,1,150,2022-02-25,"114 Pine St, Boston, MA 02215",Auriculares
Lightning Charging Cable,1,14.95,2022-02-28,"53 Madison St, New York City, NY 10001",Cargadores
USB-C Charging Cable,1,11.95,2022-02-14,"25 13th St, Seattle, WA 98101",Cargadores
20in Monitor,1,109.99,2022-02-23,"912 Jackson St, Los Angeles, CA 90001",Monitores
Bose SoundSport Headphones,1,99.99,2022-02-25,"414 Lincoln St, Dallas, TX 75001",Auriculares
Google Phone,1,600,2022-02-25,"745 9th St, New York City, NY 10001",Teléfonos
Lightning Charging Cable,1,14.95,2022-02-14,"362 Cherry St, Dallas, TX 75001",Cargadores
USB-C Charging Cable,2,11.95,2022-02-17,"976 Highland St, San Francisco, CA 94016",Cargadores
USB-C Charging Cable,1,11.95,2022-02-27,"785 Walnut St, Seattle, WA 98101",Cargadores
Google Phone,1,600,2022-02-18,"778 4th St, New York City, NY 10001",Teléfonos
Wired Headphones,1,11.99,2022-02-21,"916 Highland St, San Francisco, CA 94016",Auriculares
Lightning Charging Cable,1,14.95,2022-02-21,"916 Highland St, San Francisco, CA 94016",Cargadores
Apple Airpods Headphones,1,150,2022-02-22,"413 Walnut St, San Francisco, CA 94016",Auriculares
Apple Airpods Headphones,1,150,2022-02-22,"413 Walnut St, San Francisco, CA 94016",Auriculares
AA Batteries (4-pack),1,3.84,2022-02-22,"638 Pine St, Seattle, WA 98101",Pilas
27in 4K Gaming Monitor,1,389.99,2022-02-24,"352 14th St, Seattle, WA 98101",Monitores
USB-C Charging Cable,1,11.95,2022-02-16,"289 South St, Seattle, WA 98101",Cargadores
AA Batteries (4-pack),1,3.84,2022-02-20,"817 Johnson St, Los Angeles, CA 90001",Pilas
AA Batteries (4-pack),1,3.84,2022-02-15,"592 14th St, New York City, NY 10001",Pilas
27in 4K Gaming Monitor,1,389.99,2022-02-15,"897 Willow St, Los Angeles, CA 90001",Monitores
AAA Batteries (4-pack),2,2.99,2022-02-19,"427 Willow St, Los Angeles, CA 90001",Pilas
Bose SoundSport Headphones,1,99.99,2022-02-21,"68 Walnut St, Atlanta, GA 30301",Auriculares
27in FHD Monitor,1,149.99,2022-02-24,"18 Park St, San Francisco, CA 94016",Monitores
iPhone,1,700,2022-02-23,"491 11th St, San Francisco, CA 94016",Teléfonos
Lightning Charging Cable,1,14.95,2022-02-28,"699 Willow St, Portland, OR 97035",Cargadores
Wired Headphones,1,11.99,2022-02-20,"286 Meadow St, San Francisco, CA 94016",Auriculares
Wired Headphones,1,11.99,2022-02-24,"677 River St, Seattle, WA 98101",Auriculares
iPhone,1,700,2022-02-13,"515 11th St, Austin, TX 73301",Teléfonos
Lightning Charging Cable,1,14.95,2022-02-13,"515 11th St, Austin, TX 73301",Cargadores
Bose SoundSport Headphones,1,99.99,2022-02-23,"673 Hickory St, Atlanta, GA 30301",Auriculares
ThinkPad Laptop,1,999.99,2022-02-21,"417 Washington St, New York City, NY 10001",Portátiles
Lightning Charging Cable,1,14.95,2022-02-24,"8 5th St, Dallas, TX 75001",Cargadores
USB-C Charging Cable,1,11.95,2022-02-15,"416 6th St, Dallas, TX 75001",Cargadores
27in 4K Gaming Monitor,1,389.99,2022-02-15,"231 Church St, Atlanta, GA 30301",Monitores
AAA Batteries (4-pack),4,2.99,2022-02-23,"458 Cedar St, San Francisco, CA 94016",Pilas
iPhone,1,700,2022-02-21,"89 12th St, Seattle, WA 98101",Teléfonos
Wired Headphones,1,11.99,2022-02-21,"89 12th St, Seattle, WA 98101",Auriculares
AA Batteries (4-pack),3,3.84,2022-02-25,"704 Washington St, Los Angeles, CA 90001",Pilas
Wired Headphones,1,11.99,2022-02-13,"631 River St, San Francisco, CA 94016",Auriculares
Macbook Pro Laptop,1,1700,2022-02-14,"760 South St, San Francisco, CA 94016",Portátiles
20in Monitor,1,109.99,2022-02-17,"11 Walnut St, Los Angeles, CA 90001",Monitores
Lightning Charging Cable,1,14.95,2022-02-27,"324 10th St, Portland, OR 97035",Cargadores
20in Monitor,1,109.99,2022-02-24,"277 Wilson St, San Francisco, CA 94016",Monitores
AA Batteries (4-pack),1,3.84,2022-02-24,"388 Church St, Portland, OR 97035",Pilas
USB-C Charging Cable,1,11.95,2022-02-23,"987 Wilson St, New York City, NY 10001",Cargadores
USB-C Charging Cable,1,11.95,2022-02-23,"953 4th St, Los Angeles, CA 90001",Cargadores
Macbook Pro Laptop,1,1700,2022-02-22,"646 Cedar St, New York City, NY 10001",Portátiles
27in 4K Gaming Monitor,1,389.99,2022-02-22,"137 Ridge St, New York City, NY 10001",Monitores
20in Monitor,1,109.99,2022-02-14,"881 Ridge St, New York City, NY 10001",Monitores
Flatscreen TV,1,300,2022-02-28,"905 Lincoln St, San Francisco, CA 94016",Televisores
Wired Headphones,1,11.99,2022-02-28,"240 6th St, Los Angeles, CA 90001",Auriculares
34in Ultrawide Monitor,1,379.99,2022-02-27,"19 Church St, San Francisco, CA 94016",Monitores
iPhone,1,700,2022-02-14,"973 Madison St, Los Angeles, CA 90001",Teléfonos
Lightning Charging Cable,1,14.95,2022-02-14,"973 Madison St, Los Angeles, CA 90001",Cargadores
Lightning Charging Cable,1,14.95,2022-02-21,"12 7th St, Boston, MA 02215",Cargadores
LG Dryer,1,600.0,2022-02-16,"516 8th St, Seattle, WA 98101",Electrodomésticos
Lightning Charging Cable,1,14.95,2022-02-13,"381 Elm St, Seattle, WA 98101",Cargadores
AA Batteries (4-pack),2,3.84,2022-02-13,"195 9th St, Atlanta, GA 30301",Pilas
Wired Headphones,1,11.99,2022-02-22,"426 Park St, Seattle, WA 98101",Auriculares
Wired Headphones,2,11.99,2022-02-27,"218 13th St, Boston, MA 02215",Auriculares
USB-C Charging Cable,1,11.95,2022-02-24,"424 Jackson St, Dallas, TX 75001",Cargadores
20in Monitor,1,109.99,2022-02-16,"467 12th St, New York City, NY 10001",Monitores
27in FHD Monitor,1,149.99,2022-02-25,"355 1st St, Los Angeles, CA 90001",Monitores
Lightning Charging Cable,1,14.95,2022-02-14,"173 Maple St, Atlanta, GA 30301",Cargadores
Lightning Charging Cable,1,14.95,2022-02-20,"28 Spruce St, Boston, MA 02215",Cargadores
27in 4K Gaming Monitor,1,389.99,2022-02-18,"714 Lincoln St, Seattle, WA 98101",Monitores
AA Batteries (4-pack),1,3.84,2022-02-15,"631 8th St, Austin, TX 73301",Pilas
AA Batteries (4-pack),1,3.84,2022-02-13,"615 5th St, Seattle, WA 98101",Pilas
Bose SoundSport Headphones,1,99.99,2022-02-24,"58 1st St, Austin, TX 73301",Auriculares
USB-C Charging Cable,1,11.95,2022-02-25,"907 10th St, Los Angeles, CA 90001",Cargadores
AAA Batteries (4-pack),1,2.99,2022-02-17,"462 9th St, San Francisco, CA 94016",Pilas
Wired Headphones,1,11.99,2022-02-17,"345 Jackson St, New York City, NY 10001",Auriculares
27in 4K Gaming Monitor,1,389.99,2022-02-22,"150 Lakeview St, Los Angeles, CA 90001",Monitores
Wired Headphones,1,11.99,2022-02-16,"542 9th St, San Francisco, CA 94016",Auriculares
Bose SoundSport Headphones,1,99.99,2022-02-27,"747 13th St, Dallas, TX 75001",Auriculares
AAA Batteries (4-pack),1,2.99,2022-02-20,"278 Church St, Los Angeles, CA 90001",Pilas
USB-C Charging Cable,1,11.95,2022-02-13,"37 12th St, Seattle, WA 98101",Cargadores
USB-C Charging Cable,1,11.95,2022-02-20,"862 2nd St, Los Angeles, CA 90001",Cargadores
AA Batteries (4-pack),2,3.84,2022-02-22,"943 6th St, San Francisco, CA 94016",Pilas
Macbook Pro Laptop,1,1700,2022-02-27,"425 Hill St, Dallas, TX 75001",Portátiles
34in Ultrawide Monitor,1,379.99,2022-02-19,"863 Meadow St, Los Angeles, CA 90001",Monitores
AA Batteries (4-pack),1,3.84,2022-02-15,"404 Ridge St, San Francisco, CA 94016",Pilas
20in Monitor,1,109.99,2022-02-18,"820 West St, Boston, MA 02215",Monitores
AAA Batteries (4-pack),1,2.99,2022-02-26,"953 Cedar St, Dallas, TX 75001",Pilas
34in Ultrawide Monitor,1,379.99,2022-02-28,"235 Spruce St, Los Angeles, CA 90001",Monitores
USB-C Charging Cable,1,11.95,2022-02-28,"235 Spruce St, Los Angeles, CA 90001",Cargadores
20in Monitor,1,109.99,2022-02-27,"780 Chestnut St, New York City, NY 10001",Monitores
USB-C Charging Cable,1,11.95,2022-02-27,"207 1st St, Seattle, WA 98101",Cargadores
Flatscreen TV,1,300,2022-02-25,"48 Sunset St, Austin, TX 73301",Televisores
Bose SoundSport Headphones,1,99.99,2022-02-19,"865 Church St, Portland, OR 97035",Auriculares
AA Batteries (4-pack),1,3.84,2022-02-25,"504 Meadow St, Los Angeles, CA 90001",Pilas
AAA Batteries (4-pack),4,2.99,2022-02-19,"820 11th St, Los Angeles, CA 90001",Pilas
Wired Headphones,1,11.99,2022-02-18,"137 Willow St, Los Angeles, CA 90001",Auriculares
Lightning Charging Cable,1,14.95,2022-02-24,"120 Maple St, New York City, NY 10001",Cargadores
Flatscreen TV,1,300,2022-02-21,"12 Adams St, Atlanta, GA 30301",Televisores
AAA Batteries (4-pack),1,2.99,2022-02-17,"824 Madison St, Portland, ME 04101",Pilas
Bose SoundSport Headphones,1,99.99,2022-02-13,"918 Lakeview St, San Francisco, CA 94016",Auriculares
AA Batteries (4-pack),1,3.84,2022-02-27,"39 8th St, San Francisco, CA 94016",Pilas
Apple Airpods Headphones,1,150,2022-02-26,"436 Park St, Austin, TX 73301",Auriculares
Lightning Charging Cable,1,14.95,2022-02-18,"729 Cherry St, New York City, NY 10001",Cargadores
AA Batteries (4-pack),1,3.84,2022-02-19,"719 1st St, San Francisco, CA 94016",Pilas
Bose SoundSport Headphones,1,99.99,2022-02-28,"850 Elm St, Atlanta, GA 30301",Auriculares
Apple Airpods Headphones,1,150,2022-02-15,"899 Adams St, San Francisco, CA 94016",Auriculares
Wired Headphones,1,11.99,2022-02-15,"151 Chestnut St, Austin, TX 73301",Auriculares
ThinkPad Laptop,1,999.99,2022-02-22,"390 Highland St, Seattle, WA 98101",Portátiles
AA Batteries (4-pack),1,3.84,2022-02-14,"680 8th St, Portland, OR 97035",Pilas
Lightning Charging Cable,1,14.95,2022-02-22,"10 7th St, San Francisco, CA 94016",Cargadores
AAA Batteries (4-pack),1,2.99,2022-02-15,"74 7th St, Seattle, WA 98101",Pilas
Wired Headphones,1,11.99,2022-02-28,"123 2nd St, San Francisco, CA 94016",Auriculares
AAA Batteries (4-pack),1,2.99,2022-02-23,"788 Pine St, Boston, MA 02215",Pilas
Lightning Charging Cable,1,14.95,2022-02-27,"524 Wilson St, Austin, TX 73301",Cargadores
Bose SoundSport Headphones,1,99.99,2022-02-13,"446 Madison St, New York City, NY 10001",Auriculares
Google Phone,1,600,2022-02-24,"857 Chestnut St, Los Angeles, CA 90001",Teléfonos
Lightning Charging Cable,1,14.95,2022-02-24,"472 9th St, Seattle, WA 98101",Cargadores
AA Batteries (4-pack),1,3.84,2022-02-16,"624 South St, San Francisco, CA 94016",Pilas
Wired Headphones,1,11.99,2022-02-18,"782 8th St, San Francisco, CA 94016",Auriculares
Lightning Charging Cable,1,14.95,2022-02-20,"719 13th St, San Francisco, CA 94016",Cargadores
20in Monitor,1,109.99,2022-02-16,"309 Cedar St, Dallas, TX 75001",Monitores
Wired Headphones,1,11.99,2022-02-19,"255 12th St, Dallas, TX 75001",Auriculares
Wired Headphones,1,11.99,2022-02-23,"524 2nd St, Seattle, WA 98101",Auriculares
Flatscreen TV,1,300,2022-02-22,"249 2nd St, San Francisco, CA 94016",Televisores
AAA Batteries (4-pack),1,2.99,2022-02-25,"810 Forest St, San Francisco, CA 94016",Pilas
AAA Batteries (4-pack),1,2.99,2022-02-23,"868 Willow St, Los Angeles, CA 90001",Pilas
AA Batteries (4-pack),1,3.84,2022-02-21,"430 Church St, San Francisco, CA 94016",Pilas
Bose SoundSport Headphones,1,99.99,2022-02-15,"743 Madison St, Los Angeles, CA 90001",Auriculares
Vareebadd Phone,1,400,2022-02-14,"765 13th St, Boston, MA 02215",Teléfonos
Wired Headphones,1,11.99,2022-02-15,"28 11th St, Seattle, WA 98101",Auriculares
AA Batteries (4-pack),1,3.84,2022-02-18,"961 Washington St, Seattle, WA 98101",Pilas
iPhone,1,700,2022-02-19,"983 6th St, San Francisco, CA 94016",Teléfonos
Apple Airpods Headphones,1,150,2022-02-27,"722 Center St, Atlanta, GA 30301",Auriculares
27in 4K Gaming Monitor,1,389.99,2022-02-17,"828 River St, Austin, TX 73301",Monitores
Apple Airpods Headphones,1,150,2022-02-25,"672 11th St, Austin, TX 73301",Auriculares
Apple Airpods Headphones,1,150,2022-02-20,"861 Jackson St, Portland, OR 97035",Auriculares
Apple Airpods Headphones,1,150,2022-02-19,"788 Adams St, Dallas, TX 75001",Auriculares
Flatscreen TV,1,300,2022-02-25,"891 4th St, San Francisco, CA 94016",Televisores
Vareebadd Phone,1,400,2022-02-14,"138 Walnut St, Boston, MA 02215",Teléfonos
LG Washing Machine,1,600.0,2022-02-18,"986 6th St, San Francisco, CA 94016",Electrodomésticos
27in 4K Gaming Monitor,1,389.99,2022-02-15,"258 Dogwood St, New York City, NY 10001",Monitores
Lightning Charging Cable,1,14.95,2022-02-28,"443 Main St, Boston, MA 02215",Cargadores
USB-C Charging Cable,1,11.95,2022-02-15,"35 14th St, Portland, OR 97035",Cargadores
USB-C Charging Cable,2,11.95,2022-02-17,"786 13th St, Boston, MA 02215",Cargadores
Flatscreen TV,1,300,2022-02-17,"317 8th St, New York City, NY 10001",Televisores
Lightning Charging Cable,2,14.95,2022-02-17,"77 7th St, Dallas, TX 75001",Cargadores
Google Phone,1,600,2022-02-15,"807 Meadow St, New York City, NY 10001",Teléfonos
Apple Airpods Headphones,1,150,2022-02-25,"636 8th St, Austin, TX 73301",Auriculares
AA Batteries (4-pack),2,3.84,2022-02-17,"383 Wilson St, Los Angeles, CA 90001",Pilas
USB-C Charging Cable,1,11.95,2022-02-13,"337 14th St, Atlanta, GA 30301",Cargadores
LG Washing Machine,1,600.0,2022-02-26,"178 River St, San Francisco, CA 94016",Electrodomésticos
27in FHD Monitor,1,149.99,2022-02-20,"929 Cedar St, New York City, NY 10001",Monitores
Bose SoundSport Headphones,1,99.99,2022-02-25,"578 Adams St, New York City, NY 10001",Auriculares
27in FHD Monitor,1,149.99,2022-02-20,"32 Forest St, Los Angeles, CA 90001",Monitores
AAA Batteries (4-pack),3,2.99,2022-02-14,"501 Highland St, Los Angeles, CA 90001",Pilas
Wired Headphones,1,11.99,2022-02-24,"531 1st St, Dallas, TX 75001",Auriculares
AAA Batteries (4-pack),3,2.99,2022-02-25,"920 Lincoln St, Austin, TX 73301",Pilas
Wired Headphones,1,11.99,2022-02-16,"518 Forest St, Austin, TX 73301",Auriculares
Lightning Charging Cable,1,14.95,2022-02-18,"91 North St, Seattle, WA 98101",Cargadores
Lightning Charging Cable,1,14.95,2022-02-16,"84 Maple St, Dallas, TX 75001",Cargadores
AAA Batteries (4-pack),1,2.99,2022-02-15,"599 13th St, Los Angeles, CA 90001",Pilas
Wired Headphones,1,11.99,2022-02-16,"702 8th St, Dallas, TX 75001",Auriculares
Wired Headphones,1,11.99,2022-02-15,"612 Maple St, Los Angeles, CA 90001",Auriculares
Bose SoundSport Headphones,1,99.99,2022-02-16,"42 Walnut St, Portland, ME 04101",Auriculares
Lightning Charging Cable,1,14.95,2022-02-26,"522 Church St, Portland, OR 97035",Cargadores
Bose SoundSport Headphones,1,99.99,2022-02-27,"670 Meadow St, San Francisco, CA 94016",Auriculares
Wired Headphones,1,11.99,2022-02-21,"950 River St, Austin, TX 73301",Auriculares
Lightning Charging Cable,1,14.95,2022-02-13,"828 Hickory St, Seattle, WA 98101",Cargadores
iPhone,1,700,2022-02-28,"861 Ridge St, Seattle, WA 98101",Teléfonos
Apple Airpods Headphones,1,150,2022-02-28,"861 Ridge St, Seattle, WA 98101",Auriculares
Lightning Charging Cable,1,14.95,2022-02-25,"595 Wilson St, New York City, NY 10001",Cargadores
Google Phone,1,600,2022-02-17,"596 Hill St, San Francisco, CA 94016",Teléfonos
Wired Headphones,1,11.99,2022-02-20,"293 Jackson St, San Francisco, CA 94016",Auriculares
Wired Headphones,1,11.99,2022-02-25,"649 Main St, San Francisco, CA 94016",Auriculares
Lightning Charging Cable,1,14.95,2022-02-28,"534 10th St, New York City, NY 10001",Cargadores
Flatscreen TV,1,300,2022-02-15,"4 2nd St, Boston, MA 02215",Televisores
USB-C Charging Cable,1,11.95,2022-02-17,"661 1st St, San Francisco, CA 94016",Cargadores
AA Batteries (4-pack),1,3.84,2022-02-20,"127 Chestnut St, Atlanta, GA 30301",Pilas
AAA Batteries (4-pack),2,2.99,2022-02-22,"734 North St, Seattle, WA 98101",Pilas
ThinkPad Laptop,1,999.99,2022-02-15,"342 Church St, San Francisco, CA 94016",Portátiles
AA Batteries (4-pack),1,3.84,2022-02-26,"429 Sunset St, San Francisco, CA 94016",Pilas
USB-C Charging Cable,1,11.95,2022-02-25,"434 6th St, San Francisco, CA 94016",Cargadores
Wired Headphones,1,11.99,2022-02-27,"950 West St, Dallas, TX 75001",Auriculares
iPhone,1,700,2022-02-15,"727 Pine St, New York City, NY 10001",Teléfonos
ThinkPad Laptop,1,999.99,2022-02-20,"102 Sunset St, San Francisco, CA 94016",Portátiles
Flatscreen TV,1,300,2022-02-24,"229 West St, Los Angeles, CA 90001",Televisores
Lightning Charging Cable,1,14.95,2022-02-15,"194 6th St, San Francisco, CA 94016",Cargadores
Wired Headphones,1,11.99,2022-02-13,"93 Spruce St, Dallas, TX 75001",Auriculares
Google Phone,1,600,2022-02-20,"131 Center St, Los Angeles, CA 90001",Teléfonos
Flatscreen TV,1,300,2022-02-26,"68 River St, Los Angeles, CA 90001",Televisores
27in FHD Monitor,1,149.99,2022-02-14,"508 Cherry St, San Francisco, CA 94016",Monitores
USB-C Charging Cable,1,11.95,2022-02-20,"991 6th St, Dallas, TX 75001",Cargadores
AAA Batteries (4-pack),1,2.99,2022-02-25,"417 Church St, New York City, NY 10001",Pilas
Apple Airpods Headphones,1,150,2022-02-21,"454 Cherry St, Atlanta, GA 30301",Auriculares
Google Phone,1,600,2022-02-26,"941 Main St, San Francisco, CA 94016",Teléfonos
Wired Headphones,1,11.99,2022-02-19,"691 Park St, Portland, ME 04101",Auriculares
iPhone,1,700,2022-02-23,"865 Spruce St, Portland, OR 97035",Teléfonos
AAA Batteries (4-pack),1,2.99,2022-02-20,"475 Lincoln St, New York City, NY 10001",Pilas
ThinkPad Laptop,1,999.99,2022-02-23,"791 Park St, Los Angeles, CA 90001",Portátiles
AA Batteries (4-pack),1,3.84,2022-02-16,"860 Pine St, Los Angeles, CA 90001",Pilas
USB-C Charging Cable,1,11.95,2022-02-21,"79 Forest St, Los Angeles, CA 90001",Cargadores
Lightning Charging Cable,3,14.95,2022-02-27,"833 Jefferson St, Los Angeles, CA 90001",Cargadores
27in FHD Monitor,1,149.99,2022-02-15,"415 Lincoln St, Seattle, WA 98101",Monitores
AAA Batteries (4-pack),4,2.99,2022-02-28,"712 5th St, San Francisco, CA 94016",Pilas
AA Batteries (4-pack),2,3.84,2022-02-26,"115 South St, New York City, NY 10001",Pilas
USB-C Charging Cable,1,11.95,2022-02-23,"492 Lake St, San Francisco, CA 94016",Cargadores
USB-C Charging Cable,1,11.95,2022-02-13,"17 Park St, Austin, TX 73301",Cargadores
Apple Airpods Headphones,1,150,2022-02-18,"86 Lakeview St, San Francisco, CA 94016",Auriculares
Bose SoundSport Headphones,1,99.99,2022-02-20,"861 Lakeview St, Portland, OR 97035",Auriculares
20in Monitor,1,109.99,2022-02-21,"545 North St, Atlanta, GA 30301",Monitores
Vareebadd Phone,1,400,2022-02-22,"264 Pine St, Atlanta, GA 30301",Teléfonos
Wired Headphones,1,11.99,2022-02-13,"126 Johnson St, Dallas, TX 75001",Auriculares
LG Washing Machine,1,600.0,2022-02-15,"397 Jackson St, San Francisco, CA 94016",Electrodomésticos
Lightning Charging Cable,1,14.95,2022-02-15,"397 Jackson St, San Francisco, CA 94016",Cargadores
USB-C Charging Cable,1,11.95,2022-02-21,"309 Sunset St, Dallas, TX 75001",Cargadores
AAA Batteries (4-pack),1,2.99,2022-02-27,"416 Highland St, San Francisco, CA 94016",Pilas
AAA Batteries (4-pack),1,2.99,2022-02-20,"43 Madison St, San Francisco, CA 94016",Pilas
AAA Batteries (4-pack),1,2.99,2022-02-18,"359 Dogwood St, San Francisco, CA 94016",Pilas
iPhone,1,700,2022-02-14,"768 Meadow St, Atlanta, GA 30301",Teléfonos
27in FHD Monitor,1,149.99,2022-02-13,"951 Cedar St, Portland, ME 04101",Monitores
USB-C Charging Cable,1,11.95,2022-02-20,"286 Meadow St, Atlanta, GA 30301",Cargadores
27in FHD Monitor,1,149.99,2022-02-13,"107 North St, San Francisco, CA 94016",Monitores
Bose SoundSport Headphones,1,99.99,2022-02-15,"390 Jackson St, Portland, OR 97035",Auriculares
AAA Batteries (4-pack),2,2.99,2022-02-17,"343 Meadow St, Los Angeles, CA 90001",Pilas
Google Phone,1,600,2022-02-14,"795 Hickory St, San Francisco, CA 94016",Teléfonos
Lightning Charging Cable,1,14.95,2022-02-14,"704 Dogwood St, Los Angeles, CA 90001",Cargadores
LG Washing Machine,1,600.0,2022-02-16,"141 South St, Atlanta, GA 30301",Electrodomésticos
Bose SoundSport Headphones,2,99.99,2022-02-13,"766 5th St, Portland, OR 97035",Auriculares
34in Ultrawide Monitor,1,379.99,2022-02-17,"212 Cedar St, New York City, NY 10001",Monitores
Lightning Charging Cable,1,14.95,2022-02-27,"980 Hill St, Boston, MA 02215",Cargadores
34in Ultrawide Monitor,1,379.99,2022-02-21,"783 Elm St, Portland, ME 04101",Monitores
AAA Batteries (4-pack),2,2.99,2022-02-23,"260 Washington St, San Francisco, CA 94016",Pilas
Wired Headphones,1,11.99,2022-02-16,"662 14th St, Los Angeles, CA 90001",Auriculares
Wired Headphones,1,11.99,2022-02-18,"545 Meadow St, San Francisco, CA 94016",Auriculares
Apple Airpods Headphones,1,150,2022-02-26,"809 Jefferson St, San Francisco, CA 94016",Auriculares
AA Batteries (4-pack),1,3.84,2022-02-14,"986 Johnson St, Seattle, WA 98101",Pilas
USB-C Charging Cable,1,11.95,2022-02-24,"439 Elm St, Portland, OR 97035",Cargadores
34in Ultrawide Monitor,1,379.99,2022-02-21,"111 Walnut St, Portland, OR 97035",Monitores
AAA Batteries (4-pack),1,2.99,2022-02-27,"832 Jackson St, Boston, MA 02215",Pilas
USB-C Charging Cable,1,11.95,2022-02-24,"210 1st St, Austin, TX 73301",Cargadores
34in Ultrawide Monitor,1,379.99,2022-02-17,"109 Madison St, San Francisco, CA 94016",Monitores
Lightning Charging Cable,1,14.95,2022-02-17,"587 Madison St, San Francisco, CA 94016",Cargadores
Bose SoundSport Headphones,1,99.99,2022-02-15,"143 Main St, Dallas, TX 75001",Auriculares
AAA Batteries (4-pack),1,2.99,2022-02-28,"530 1st St, Seattle, WA 98101",Pilas
Wired Headphones,2,11.99,2022-02-27,"981 Cherry St, Dallas, TX 75001",Auriculares
Apple Airpods Headphones,1,150,2022-02-23,"244 Jackson St, Dallas, TX 75001",Auriculares
iPhone,1,700,2022-02-15,"207 Dogwood St, San Francisco, CA 94016",Teléfonos
27in FHD Monitor,1,149.99,2022-02-25,"534 1st St, New York City, NY 10001",Monitores
AAA Batteries (4-pack),1,2.99,2022-02-26,"313 11th St, San Francisco, CA 94016",Pilas
ThinkPad Laptop,1,999.99,2022-02-18,"972 9th St, Portland, ME 04101",Portátiles
USB-C Charging Cable,1,11.95,2022-02-20,"476 Walnut St, Austin, TX 73301",Cargadores
Lightning Charging Cable,1,14.95,2022-02-24,"74 10th St, Los Angeles, CA 90001",Cargadores
Bose SoundSport Headphones,1,99.99,2022-02-24,"396 Main St, New York City, NY 10001",Auriculares
Vareebadd Phone,1,400,2022-02-13,"867 Cherry St, Boston, MA 02215",Teléfonos
USB-C Charging Cable,2,11.95,2022-02-13,"867 Cherry St, Boston, MA 02215",Cargadores
Macbook Pro Laptop,1,1700,2022-02-24,"953 Maple St, San Francisco, CA 94016",Portátiles
USB-C Charging Cable,1,11.95,2022-02-27,"277 2nd St, New York City, NY 10001",Cargadores
Lightning Charging Cable,1,14.95,2022-02-28,"702 2nd St, Seattle, WA 98101",Cargadores
AA Batteries (4-pack),1,3.84,2022-02-27,"180 2nd St, Seattle, WA 98101",Pilas
Wired Headphones,1,11.99,2022-02-21,"802 Washington St, San Francisco, CA 94016",Auriculares
Macbook Pro Laptop,1,1700,2022-02-21,"367 13th St, San Francisco, CA 94016",Portátiles
Google Phone,1,600,2022-02-14,"59 Lincoln St, Austin, TX 73301",Teléfonos
USB-C Charging Cable,1,11.95,2022-02-14,"59 Lincoln St, Austin, TX 73301",Cargadores
Lightning Charging Cable,1,14.95,2022-02-21,"537 9th St, Los Angeles, CA 90001",Cargadores
USB-C Charging Cable,1,11.95,2022-02-20,"541 Walnut St, San Francisco, CA 94016",Cargadores
AA Batteries (4-pack),4,3.84,2022-02-21,"43 Church St, Atlanta, GA 30301",Pilas
27in FHD Monitor,1,149.99,2022-02-26,"251 Maple St, San Francisco, CA 94016",Monitores
AA Batteries (4-pack),1,3.84,2022-02-19,"940 6th St, Austin, TX 73301",Pilas
AAA Batteries (4-pack),1,2.99,2022-02-13,"805 1st St, San Francisco, CA 94016",Pilas
AAA Batteries (4-pack),1,2.99,2022-02-16,"697 6th St, Los Angeles, CA 90001",Pilas
Apple Airpods Headphones,1,150,2022-02-24,"642 Pine St, San Francisco, CA 94016",Auriculares
Wired Headphones,1,11.99,2022-02-27,"269 13th St, Los Angeles, CA 90001",Auriculares
AAA Batteries (4-pack),1,2.99,2022-02-13,"815 14th St, Dallas, TX 75001",Pilas
34in Ultrawide Monitor,1,379.99,2022-02-13,"101 Walnut St, Boston, MA 02215",Monitores
AAA Batteries (4-pack),1,2.99,2022-02-22,"848 9th St, Seattle, WA 98101",Pilas
AA Batteries (4-pack),2,3.84,2022-02-21,"396 Willow St, Dallas, TX 75001",Pilas
Apple Airpods Headphones,1,150,2022-02-21,"838 14th St, San Francisco, CA 94016",Auriculares
27in 4K Gaming Monitor,1,389.99,2022-02-28,"169 Willow St, New York City, NY 10001",Monitores
Macbook Pro Laptop,1,1700,2022-02-28,"315 Lincoln St, San Francisco, CA 94016",Portátiles
USB-C Charging Cable,1,11.95,2022-02-18,"380 Ridge St, San Francisco, CA 94016",Cargadores
Macbook Pro Laptop,1,1700,2022-02-27,"115 Spruce St, New York City, NY 10001",Portátiles
Apple Airpods Headphones,1,150,2022-02-24,"227 Church St, San Francisco, CA 94016",Auriculares
AAA Batteries (4-pack),2,2.99,2022-02-16,"417 Jefferson St, Los Angeles, CA 90001",Pilas
iPhone,1,700,2022-02-03,"944 Walnut St, Boston, MA 02215",Teléfonos
Lightning Charging Cable,1,14.95,2022-02-09,"185 Maple St, Portland, OR 97035",Cargadores
Wired Headphones,1,11.99,2022-02-06,"387 10th St, Austin, TX 73301",Auriculares
AAA Batteries (4-pack),1,2.99,2022-02-10,"775 Willow St, San Francisco, CA 94016",Pilas
27in 4K Gaming Monitor,1,389.99,2022-02-07,"979 Park St, Los Angeles, CA 90001",Monitores
Apple Airpods Headphones,1,150,2022-02-03,"657 Johnson St, San Francisco, CA 94016",Auriculares
Macbook Pro Laptop,1,1700,2022-02-12,"322 6th St, San Francisco, CA 94016",Portátiles
27in FHD Monitor,1,149.99,2022-02-06,"512 Wilson St, San Francisco, CA 94016",Monitores
Apple Airpods Headphones,1,150,2022-02-05,"414 Walnut St, Boston, MA 02215",Auriculares
USB-C Charging Cable,1,11.95,2022-02-11,"220 9th St, Los Angeles, CA 90001",Cargadores
Google Phone,1,600,2022-02-10,"675 Washington St, Portland, OR 97035",Teléfonos
AAA Batteries (4-pack),2,2.99,2022-02-01,"920 Adams St, San Francisco, CA 94016",Pilas
Wired Headphones,1,11.99,2022-02-08,"469 Hill St, San Francisco, CA 94016",Auriculares
USB-C Charging Cable,1,11.95,2022-02-11,"90 13th St, Boston, MA 02215",Cargadores
Wired Headphones,2,11.99,2022-02-10,"994 13th St, Boston, MA 02215",Auriculares
Lightning Charging Cable,1,14.95,2022-02-02,"63 Cherry St, Los Angeles, CA 90001",Cargadores
Lightning Charging Cable,1,14.95,2022-02-07,"100 Cherry St, New York City, NY 10001",Cargadores
AAA Batteries (4-pack),1,2.99,2022-02-01,"530 7th St, Los Angeles, CA 90001",Pilas
Wired Headphones,1,11.99,2022-02-10,"462 1st St, Los Angeles, CA 90001",Auriculares
Bose SoundSport Headphones,1,99.99,2022-02-12,"386 Elm St, San Francisco, CA 94016",Auriculares
20in Monitor,1,109.99,2022-02-09,"534 Elm St, Atlanta, GA 30301",Monitores
AA Batteries (4-pack),1,3.84,2022-02-07,"632 13th St, Los Angeles, CA 90001",Pilas
AAA Batteries (4-pack),1,2.99,2022-02-02,"847 Ridge St, Los Angeles, CA 90001",Pilas
Bose SoundSport Headphones,1,99.99,2022-02-06,"907 Highland St, San Francisco, CA 94016",Auriculares
USB-C Charging Cable,1,11.95,2022-02-01,"889 Cedar St, Atlanta, GA 30301",Cargadores
Lightning Charging Cable,1,14.95,2022-02-02,"81 10th St, Dallas, TX 75001",Cargadores
AAA Batteries (4-pack),1,2.99,2022-02-12,"836 Hill St, Dallas, TX 75001",Pilas
Apple Airpods Headphones,1,150,2022-02-04,"121 Cherry St, Boston, MA 02215",Auriculares
Apple Airpods Headphones,1,150,2022-02-08,"867 Hill St, New York City, NY 10001",Auriculares
USB-C Charging Cable,1,11.95,2022-02-09,"363 Willow St, Los Angeles, CA 90001",Cargadores
AAA Batteries (4-pack),3,2.99,2022-02-08,"756 Wilson St, Austin, TX 73301",Pilas
AAA Batteries (4-pack),2,2.99,2022-02-01,"423 Elm St, San Francisco, CA 94016",Pilas
34in Ultrawide Monitor,1,379.99,2022-02-09,"223 North St, Atlanta, GA 30301",Monitores
27in FHD Monitor,1,149.99,2022-02-02,"875 Meadow St, New York City, NY 10001",Monitores
AA Batteries (4-pack),1,3.84,2022-02-05,"326 12th St, Los Angeles, CA 90001",Pilas
Bose SoundSport Headphones,1,99.99,2022-02-04,"880 Lake St, Austin, TX 73301",Auriculares
USB-C Charging Cable,1,11.95,2022-02-12,"238 Washington St, Los Angeles, CA 90001",Cargadores
Wired Headphones,1,11.99,2022-02-02,"391 5th St, Portland, OR 97035",Auriculares
AAA Batteries (4-pack),1,2.99,2022-02-10,"542 4th St, Dallas, TX 75001",Pilas
AAA Batteries (4-pack),1,2.99,2022-02-09,"539 Lakeview St, Dallas, TX 75001",Pilas
Lightning Charging Cable,1,14.95,2022-02-08,"710 Johnson St, Boston, MA 02215",Cargadores
Wired Headphones,1,11.99,2022-02-07,"119 9th St, Seattle, WA 98101",Auriculares
Bose SoundSport Headphones,1,99.99,2022-02-05,"157 1st St, New York City, NY 10001",Auriculares
Apple Airpods Headphones,1,150,2022-02-01,"443 Washington St, Portland, OR 97035",Auriculares
AA Batteries (4-pack),1,3.84,2022-02-08,"885 Walnut St, Atlanta, GA 30301",Pilas
USB-C Charging Cable,2,11.95,2022-02-07,"493 5th St, Portland, OR 97035",Cargadores
USB-C Charging Cable,2,11.95,2022-02-05,"865 Church St, San Francisco, CA 94016",Cargadores
USB-C Charging Cable,1,11.95,2022-02-07,"870 Cherry St, New York City, NY 10001",Cargadores
Lightning Charging Cable,1,14.95,2022-02-04,"850 River St, Atlanta, GA 30301",Cargadores
Apple Airpods Headphones,2,150,2022-02-04,"181 Lakeview St, Portland, OR 97035",Auriculares
Lightning Charging Cable,1,14.95,2022-02-02,"785 9th St, San Francisco, CA 94016",Cargadores
AAA Batteries (4-pack),2,2.99,2022-02-05,"375 Center St, Seattle, WA 98101",Pilas
Lightning Charging Cable,1,14.95,2022-02-04,"685 West St, Atlanta, GA 30301",Cargadores
AAA Batteries (4-pack),1,2.99,2022-02-07,"134 Hickory St, Portland, ME 04101",Pilas
27in FHD Monitor,1,149.99,2022-02-01,"82 Hickory St, San Francisco, CA 94016",Monitores
Wired Headphones,1,11.99,2022-02-01,"32 West St, Los Angeles, CA 90001",Auriculares
Wired Headphones,1,11.99,2022-02-01,"711 11th St, San Francisco, CA 94016",Auriculares
USB-C Charging Cable,1,11.95,2022-02-03,"777 North St, Boston, MA 02215",Cargadores
AA Batteries (4-pack),1,3.84,2022-02-06,"378 Center St, San Francisco, CA 94016",Pilas
Lightning Charging Cable,1,14.95,2022-02-03,"24 Park St, Dallas, TX 75001",Cargadores
AA Batteries (4-pack),1,3.84,2022-02-07,"176 Church St, Los Angeles, CA 90001",Pilas
Wired Headphones,1,11.99,2022-02-07,"667 Park St, New York City, NY 10001",Auriculares
Bose SoundSport Headphones,1,99.99,2022-02-12,"375 Johnson St, New York City, NY 10001",Auriculares
Apple Airpods Headphones,1,150,2022-02-06,"755 Cherry St, Seattle, WA 98101",Auriculares
AAA Batteries (4-pack),1,2.99,2022-02-10,"790 Hickory St, Portland, ME 04101",Pilas
USB-C Charging Cable,1,11.95,2022-02-07,"141 Elm St, San Francisco, CA 94016",Cargadores
Apple Airpods Headphones,1,150,2022-02-04,"34 Cedar St, Portland, OR 97035",Auriculares
Lightning Charging Cable,1,14.95,2022-02-07,"216 Meadow St, Boston, MA 02215",Cargadores
AA Batteries (4-pack),1,3.84,2022-02-10,"200 14th St, San Francisco, CA 94016",Pilas
Wired Headphones,1,11.99,2022-02-10,"247 Forest St, Los Angeles, CA 90001",Auriculares
USB-C Charging Cable,1,11.95,2022-02-09,"110 13th St, Seattle, WA 98101",Cargadores
AA Batteries (4-pack),1,3.84,2022-02-05,"793 5th St, San Francisco, CA 94016",Pilas
Google Phone,1,600,2022-02-07,"609 14th St, New York City, NY 10001",Teléfonos
Wired Headphones,1,11.99,2022-02-03,"910 Meadow St, San Francisco, CA 94016",Auriculares
Flatscreen TV,1,300,2022-02-05,"154 7th St, Dallas, TX 75001",Televisores
AA Batteries (4-pack),1,3.84,2022-02-03,"295 West St, New York City, NY 10001",Pilas
Apple Airpods Headphones,1,150,2022-02-02,"273 Hill St, Atlanta, GA 30301",Auriculares
34in Ultrawide Monitor,1,379.99,2022-02-04,"428 Cedar St, Los Angeles, CA 90001",Monitores
Wired Headphones,2,11.99,2022-02-10,"331 Center St, Seattle, WA 98101",Auriculares
Google Phone,1,600,2022-02-12,"222 Lakeview St, San Francisco, CA 94016",Teléfonos
AA Batteries (4-pack),1,3.84,2022-02-01,"631 Elm St, Los Angeles, CA 90001",Pilas
AAA Batteries (4-pack),1,2.99,2022-02-03,"776 5th St, San Francisco, CA 94016",Pilas
USB-C Charging Cable,1,11.95,2022-02-04,"112 Madison St, Los Angeles, CA 90001",Cargadores
USB-C Charging Cable,1,11.95,2022-02-06,"450 Dogwood St, Boston, MA 02215",Cargadores
iPhone,1,700,2022-02-10,"497 Park St, San Francisco, CA 94016",Teléfonos
iPhone,1,700,2022-02-07,"855 2nd St, New York City, NY 10001",Teléfonos
Wired Headphones,1,11.99,2022-02-11,"542 Wilson St, Atlanta, GA 30301",Auriculares
Apple Airpods Headphones,1,150,2022-02-03,"147 Center St, Boston, MA 02215",Auriculares
AA Batteries (4-pack),2,3.84,2022-02-12,"795 13th St, New York City, NY 10001",Pilas
Lightning Charging Cable,1,14.95,2022-02-11,"340 10th St, Atlanta, GA 30301",Cargadores
AAA Batteries (4-pack),2,2.99,2022-02-05,"269 4th St, Seattle, WA 98101",Pilas
Bose SoundSport Headphones,1,99.99,2022-02-03,"154 Jackson St, Boston, MA 02215",Auriculares
iPhone,1,700,2022-02-08,"853 9th St, San Francisco, CA 94016",Teléfonos
AA Batteries (4-pack),1,3.84,2022-02-01,"371 South St, San Francisco, CA 94016",Pilas
Google Phone,1,600,2022-02-07,"303 North St, Atlanta, GA 30301",Teléfonos
Apple Airpods Headphones,1,150,2022-02-07,"303 North St, Atlanta, GA 30301",Auriculares
AA Batteries (4-pack),2,3.84,2022-02-01,"451 River St, Portland, OR 97035",Pilas
AA Batteries (4-pack),1,3.84,2022-02-07,"118 Church St, New York City, NY 10001",Pilas
USB-C Charging Cable,1,11.95,2022-02-09,"333 7th St, Portland, OR 97035",Cargadores
Flatscreen TV,1,300,2022-02-02,"216 Willow St, Austin, TX 73301",Televisores
USB-C Charging Cable,1,11.95,2022-02-10,"127 Madison St, Los Angeles, CA 90001",Cargadores
27in FHD Monitor,1,149.99,2022-02-05,"201 Center St, New York City, NY 10001",Monitores
Bose SoundSport Headphones,1,99.99,2022-02-06,"529 Park St, Portland, OR 97035",Auriculares
Wired Headphones,1,11.99,2022-02-12,"310 8th St, Los Angeles, CA 90001",Auriculares
Wired Headphones,1,11.99,2022-02-10,"139 Church St, Atlanta, GA 30301",Auriculares
AA Batteries (4-pack),1,3.84,2022-02-06,"738 Dogwood St, Los Angeles, CA 90001",Pilas
Google Phone,1,600,2022-02-05,"463 10th St, Atlanta, GA 30301",Teléfonos
Google Phone,1,600,2022-02-08,"947 10th St, Boston, MA 02215",Teléfonos
AA Batteries (4-pack),2,3.84,2022-02-02,"212 Lincoln St, New York City, NY 10001",Pilas
Apple Airpods Headphones,1,150,2022-02-06,"401 Chestnut St, Los Angeles, CA 90001",Auriculares
AAA Batteries (4-pack),1,2.99,2022-02-11,"127 6th St, Portland, OR 97035",Pilas
AAA Batteries (4-pack),1,2.99,2022-02-08,"296 Lakeview St, Boston, MA 02215",Pilas
AA Batteries (4-pack),1,3.84,2022-02-01,"431 Dogwood St, San Francisco, CA 94016",Pilas
Lightning Charging Cable,1,14.95,2022-02-06,"684 5th St, Atlanta, GA 30301",Cargadores
20in Monitor,1,109.99,2022-02-03,"390 Ridge St, Atlanta, GA 30301",Monitores
iPhone,1,700,2022-02-12,"399 Church St, Boston, MA 02215",Teléfonos
Apple Airpods Headphones,2,150,2022-02-12,"399 Church St, Boston, MA 02215",Auriculares
Wired Headphones,1,11.99,2022-02-12,"399 Church St, Boston, MA 02215",Auriculares
Bose SoundSport Headphones,1,99.99,2022-02-08,"16 Forest St, San Francisco, CA 94016",Auriculares
USB-C Charging Cable,1,11.95,2022-02-10,"164 Lincoln St, New York City, NY 10001",Cargadores
Lightning Charging Cable,1,14.95,2022-02-04,"406 8th St, San Francisco, CA 94016",Cargadores
Wired Headphones,1,11.99,2022-02-07,"932 River St, Boston, MA 02215",Auriculares
Bose SoundSport Headphones,1,99.99,2022-02-10,"334 12th St, Los Angeles, CA 90001",Auriculares
Apple Airpods Headphones,1,150,2022-02-10,"780 Walnut St, New York City, NY 10001",Auriculares
ThinkPad Laptop,1,999.99,2022-02-07,"158 9th St, San Francisco, CA 94016",Portátiles
Lightning Charging Cable,1,14.95,2022-02-02,"809 Dogwood St, San Francisco, CA 94016",Cargadores
Flatscreen TV,1,300,2022-02-11,"662 Lincoln St, Seattle, WA 98101",Televisores
Bose SoundSport Headphones,1,99.99,2022-02-05,"61 Sunset St, Portland, OR 97035",Auriculares
Lightning Charging Cable,1,14.95,2022-02-04,"871 Willow St, Los Angeles, CA 90001",Cargadores
AA Batteries (4-pack),1,3.84,2022-02-09,"295 Chestnut St, Boston, MA 02215",Pilas
Apple Airpods Headphones,1,150,2022-02-09,"64 Elm St, San Francisco, CA 94016",Auriculares
USB-C Charging Cable,1,11.95,2022-02-11,"717 Cedar St, Dallas, TX 75001",Cargadores
Lightning Charging Cable,1,14.95,2022-02-07,"411 Jackson St, San Francisco, CA 94016",Cargadores
USB-C Charging Cable,1,11.95,2022-02-10,"504 14th St, Dallas, TX 75001",Cargadores
Apple Airpods Headphones,1,150,2022-02-10,"504 14th St, Dallas, TX 75001",Auriculares
ThinkPad Laptop,1,999.99,2022-02-08,"503 Maple St, Seattle, WA 98101",Portátiles
AAA Batteries (4-pack),1,2.99,2022-02-11,"821 14th St, Atlanta, GA 30301",Pilas
ThinkPad Laptop,1,999.99,2022-02-08,"146 2nd St, Boston, MA 02215",Portátiles
AAA Batteries (4-pack),2,2.99,2022-02-09,"919 Elm St, San Francisco, CA 94016",Pilas
AAA Batteries (4-pack),2,2.99,2022-02-08,"445 Lake St, San Francisco, CA 94016",Pilas
Wired Headphones,1,11.99,2022-02-05,"214 14th St, Seattle, WA 98101",Auriculares
AA Batteries (4-pack),2,3.84,2022-02-08,"861 Cedar St, Dallas, TX 75001",Pilas
Lightning Charging Cable,1,14.95,2022-02-10,"846 Cherry St, San Francisco, CA 94016",Cargadores
Apple Airpods Headphones,1,150,2022-02-08,"877 Lincoln St, Atlanta, GA 30301",Auriculares
Apple Airpods Headphones,1,150,2022-02-05,"892 12th St, Los Angeles, CA 90001",Auriculares
Wired Headphones,1,11.99,2022-02-05,"944 Chestnut St, Los Angeles, CA 90001",Auriculares
AA Batteries (4-pack),1,3.84,2022-02-05,"440 Elm St, Boston, MA 02215",Pilas
Wired Headphones,1,11.99,2022-02-07,"84 Hickory St, Los Angeles, CA 90001",Auriculares
USB-C Charging Cable,1,11.95,2022-02-08,"171 Ridge St, Portland, OR 97035",Cargadores
AAA Batteries (4-pack),4,2.99,2022-02-10,"476 8th St, Boston, MA 02215",Pilas
Apple Airpods Headphones,1,150,2022-02-05,"97 Highland St, Los Angeles, CA 90001",Auriculares
AA Batteries (4-pack),1,3.84,2022-02-01,"427 Lakeview St, Los Angeles, CA 90001",Pilas
27in FHD Monitor,1,149.99,2022-02-08,"434 Church St, San Francisco, CA 94016",Monitores
USB-C Charging Cable,1,11.95,2022-02-01,"147 5th St, Dallas, TX 75001",Cargadores
iPhone,1,700,2022-02-02,"964 Hill St, Seattle, WA 98101",Teléfonos
AAA Batteries (4-pack),1,2.99,2022-02-01,"414 8th St, Los Angeles, CA 90001",Pilas
ThinkPad Laptop,1,999.99,2022-02-04,"284 12th St, San Francisco, CA 94016",Portátiles
20in Monitor,1,109.99,2022-02-11,"368 Forest St, San Francisco, CA 94016",Monitores
Bose SoundSport Headphones,1,99.99,2022-02-10,"52 Hill St, Portland, OR 97035",Auriculares
Lightning Charging Cable,1,14.95,2022-02-11,"98 Forest St, New York City, NY 10001",Cargadores
Wired Headphones,1,11.99,2022-02-11,"98 Forest St, New York City, NY 10001",Auriculares
Lightning Charging Cable,1,14.95,2022-02-11,"916 Maple St, Seattle, WA 98101",Cargadores
AAA Batteries (4-pack),2,2.99,2022-02-03,"166 South St, San Francisco, CA 94016",Pilas
AA Batteries (4-pack),1,3.84,2022-02-05,"449 Main St, Los Angeles, CA 90001",Pilas
AA Batteries (4-pack),1,3.84,2022-02-09,"63 Cherry St, Portland, ME 04101",Pilas
AA Batteries (4-pack),1,3.84,2022-02-04,"857 4th St, San Francisco, CA 94016",Pilas
AA Batteries (4-pack),1,3.84,2022-02-07,"26 Adams St, San Francisco, CA 94016",Pilas
Macbook Pro Laptop,1,1700,2022-02-09,"214 Jackson St, San Francisco, CA 94016",Portátiles
27in 4K Gaming Monitor,1,389.99,2022-02-04,"499 7th St, Boston, MA 02215",Monitores
Lightning Charging Cable,3,14.95,2022-02-04,"965 Johnson St, San Francisco, CA 94016",Cargadores
27in 4K Gaming Monitor,1,389.99,2022-02-10,"813 Forest St, New York City, NY 10001",Monitores
iPhone,1,700,2022-02-12,"166 10th St, Atlanta, GA 30301",Teléfonos
AAA Batteries (4-pack),2,2.99,2022-02-10,"496 4th St, Boston, MA 02215",Pilas
Wired Headphones,1,11.99,2022-02-08,"608 North St, Dallas, TX 75001",Auriculares
USB-C Charging Cable,1,11.95,2022-02-08,"152 1st St, Austin, TX 73301",Cargadores
AAA Batteries (4-pack),1,2.99,2022-02-09,"477 Highland St, Los Angeles, CA 90001",Pilas
34in Ultrawide Monitor,1,379.99,2022-02-05,"672 Ridge St, Los Angeles, CA 90001",Monitores
AAA Batteries (4-pack),1,2.99,2022-02-08,"982 Cedar St, New York City, NY 10001",Pilas
27in 4K Gaming Monitor,1,389.99,2022-02-10,"666 Jefferson St, Seattle, WA 98101",Monitores
Apple Airpods Headphones,1,150,2022-02-03,"788 6th St, San Francisco, CA 94016",Auriculares
AA Batteries (4-pack),1,3.84,2022-02-01,"122 Jackson St, New York City, NY 10001",Pilas
Bose SoundSport Headphones,1,99.99,2022-02-08,"798 Hill St, Portland, OR 97035",Auriculares
AAA Batteries (4-pack),1,2.99,2022-02-10,"893 Jefferson St, Boston, MA 02215",Pilas
USB-C Charging Cable,1,11.95,2022-02-09,"667 Spruce St, Atlanta, GA 30301",Cargadores
iPhone,1,700,2022-02-08,"776 10th St, Boston, MA 02215",Teléfonos
iPhone,1,700,2022-02-10,"371 11th St, Portland, OR 97035",Teléfonos
27in 4K Gaming Monitor,1,389.99,2022-02-12,"823 Hill St, Seattle, WA 98101",Monitores
Wired Headphones,1,11.99,2022-02-03,"492 Forest St, Seattle, WA 98101",Auriculares
Google Phone,1,600,2022-02-05,"411 Ridge St, Dallas, TX 75001",Teléfonos
USB-C Charging Cable,1,11.95,2022-02-04,"57 Hill St, New York City, NY 10001",Cargadores
USB-C Charging Cable,1,11.95,2022-02-06,"169 Washington St, San Francisco, CA 94016",Cargadores
USB-C Charging Cable,1,11.95,2022-02-08,"986 11th St, New York City, NY 10001",Cargadores
Bose SoundSport Headphones,1,99.99,2022-02-03,"492 Lakeview St, Boston, MA 02215",Auriculares
AAA Batteries (4-pack),1,2.99,2022-02-12,"463 5th St, New York City, NY 10001",Pilas
USB-C Charging Cable,1,11.95,2022-02-06,"317 Center St, New York City, NY 10001",Cargadores
USB-C Charging Cable,1,11.95,2022-02-01,"697 Center St, San Francisco, CA 94016",Cargadores
Lightning Charging Cable,2,14.95,2022-02-12,"331 Meadow St, Atlanta, GA 30301",Cargadores
Lightning Charging Cable,1,14.95,2022-02-04,"733 Lincoln St, Boston, MA 02215",Cargadores
Macbook Pro Laptop,1,1700,2022-02-10,"916 Forest St, San Francisco, CA 94016",Portátiles
27in 4K Gaming Monitor,1,389.99,2022-02-05,"987 Maple St, Austin, TX 73301",Monitores
Bose SoundSport Headphones,1,99.99,2022-02-10,"485 North St, Los Angeles, CA 90001",Auriculares
34in Ultrawide Monitor,1,379.99,2022-02-06,"997 Jefferson St, New York City, NY 10001",Monitores
AA Batteries (4-pack),1,3.84,2022-02-08,"383 Jackson St, Atlanta, GA 30301",Pilas
USB-C Charging Cable,1,11.95,2022-02-01,"156 Church St, San Francisco, CA 94016",Cargadores
Flatscreen TV,1,300,2022-02-05,"974 10th St, Atlanta, GA 30301",Televisores
27in FHD Monitor,1,149.99,2022-02-04,"341 Elm St, Seattle, WA 98101",Monitores
Wired Headphones,1,11.99,2022-02-02,"610 Spruce St, Dallas, TX 75001",Auriculares
Vareebadd Phone,1,400,2022-02-02,"289 Walnut St, Atlanta, GA 30301",Teléfonos
Bose SoundSport Headphones,1,99.99,2022-02-09,"160 Hickory St, Austin, TX 73301",Auriculares
Lightning Charging Cable,1,14.95,2022-02-05,"78 Sunset St, New York City, NY 10001",Cargadores
20in Monitor,1,109.99,2022-02-04,"752 Walnut St, Austin, TX 73301",Monitores
AA Batteries (4-pack),2,3.84,2022-02-02,"824 West St, Dallas, TX 75001",Pilas
Apple Airpods Headphones,1,150,2022-02-11,"409 Center St, San Francisco, CA 94016",Auriculares
USB-C Charging Cable,1,11.95,2022-02-11,"693 Chestnut St, New York City, NY 10001",Cargadores
Lightning Charging Cable,1,14.95,2022-02-02,"443 Ridge St, Dallas, TX 75001",Cargadores
Lightning Charging Cable,1,14.95,2022-02-08,"432 11th St, Dallas, TX 75001",Cargadores
Wired Headphones,1,11.99,2022-02-01,"443 11th St, San Francisco, CA 94016",Auriculares
Apple Airpods Headphones,1,150,2022-02-01,"605 West St, Austin, TX 73301",Auriculares
Bose SoundSport Headphones,1,99.99,2022-02-08,"581 Willow St, Boston, MA 02215",Auriculares
Apple Airpods Headphones,1,150,2022-02-01,"110 Main St, Portland, OR 97035",Auriculares
Macbook Pro Laptop,1,1700,2022-02-08,"728 River St, Boston, MA 02215",Portátiles
AA Batteries (4-pack),2,3.84,2022-02-04,"921 Center St, Los Angeles, CA 90001",Pilas
Bose SoundSport Headphones,1,99.99,2022-02-05,"147 Maple St, Los Angeles, CA 90001",Auriculares
AAA Batteries (4-pack),1,2.99,2022-02-04,"594 West St, San Francisco, CA 94016",Pilas
27in FHD Monitor,1,149.99,2022-02-07,"775 West St, Seattle, WA 98101",Monitores
USB-C Charging Cable,1,11.95,2022-02-02,"173 Center St, Portland, OR 97035",Cargadores
Bose SoundSport Headphones,1,99.99,2022-02-04,"350 West St, New York City, NY 10001",Auriculares
27in 4K Gaming Monitor,1,389.99,2022-02-07,"523 9th St, Austin, TX 73301",Monitores
AAA Batteries (4-pack),2,2.99,2022-02-03,"280 5th St, San Francisco, CA 94016",Pilas
AAA Batteries (4-pack),2,2.99,2022-02-07,"318 2nd St, New York City, NY 10001",Pilas
Lightning Charging Cable,1,14.95,2022-02-02,"215 Lincoln St, Austin, TX 73301",Cargadores
USB-C Charging Cable,1,11.95,2022-02-02,"337 Wilson St, New York City, NY 10001",Cargadores
USB-C Charging Cable,1,11.95,2022-02-08,"952 4th St, Atlanta, GA 30301",Cargadores
Lightning Charging Cable,1,14.95,2022-02-06,"336 Center St, San Francisco, CA 94016",Cargadores
USB-C Charging Cable,1,11.95,2022-02-05,"873 Lakeview St, Seattle, WA 98101",Cargadores
Bose SoundSport Headphones,1,99.99,2022-02-04,"153 Lakeview St, Dallas, TX 75001",Auriculares
Flatscreen TV,1,300,2022-02-04,"100 Spruce St, Los Angeles, CA 90001",Televisores
USB-C Charging Cable,1,11.95,2022-02-05,"739 11th St, Boston, MA 02215",Cargadores
Lightning Charging Cable,1,14.95,2022-02-02,"368 11th St, Seattle, WA 98101",Cargadores
AAA Batteries (4-pack),1,2.99,2022-02-05,"45 Lincoln St, Seattle, WA 98101",Pilas
AAA Batteries (4-pack),1,2.99,2022-02-09,"676 1st St, Los Angeles, CA 90001",Pilas
27in FHD Monitor,1,149.99,2022-02-01,"325 Chestnut St, New York City, NY 10001",Monitores
AA Batteries (4-pack),1,3.84,2022-02-05,"348 Jackson St, Seattle, WA 98101",Pilas
AAA Batteries (4-pack),1,2.99,2022-02-07,"373 Chestnut St, Seattle, WA 98101",Pilas
Wired Headphones,2,11.99,2022-02-06,"816 South St, San Francisco, CA 94016",Auriculares
Bose SoundSport Headphones,1,99.99,2022-02-08,"32 Wilson St, Boston, MA 02215",Auriculares
Apple Airpods Headphones,1,150,2022-02-10,"763 River St, Los Angeles, CA 90001",Auriculares
Wired Headphones,1,11.99,2022-02-12,"166 Pine St, Los Angeles, CA 90001",Auriculares
20in Monitor,1,109.99,2022-02-06,"528 Maple St, Los Angeles, CA 90001",Monitores
AA Batteries (4-pack),2,3.84,2022-02-06,"269 Main St, Dallas, TX 75001",Pilas
Lightning Charging Cable,1,14.95,2022-02-10,"960 North St, San Francisco, CA 94016",Cargadores
AA Batteries (4-pack),1,3.84,2022-02-07,"896 Dogwood St, San Francisco, CA 94016",Pilas
AA Batteries (4-pack),1,3.84,2022-02-01,"595 South St, San Francisco, CA 94016",Pilas
AAA Batteries (4-pack),2,2.99,2022-02-12,"623 9th St, Dallas, TX 75001",Pilas
Lightning Charging Cable,1,14.95,2022-02-02,"962 Washington St, New York City, NY 10001",Cargadores
USB-C Charging Cable,1,11.95,2022-02-12,"800 Lincoln St, Atlanta, GA 30301",Cargadores
AA Batteries (4-pack),1,3.84,2022-02-04,"527 Lakeview St, New York City, NY 10001",Pilas
AA Batteries (4-pack),1,3.84,2022-02-01,"455 14th St, San Francisco, CA 94016",Pilas
Google Phone,1,600,2022-02-07,"942 Maple St, Boston, MA 02215",Teléfonos
USB-C Charging Cable,1,11.95,2022-02-07,"942 Maple St, Boston, MA 02215",Cargadores
ThinkPad Laptop,1,999.99,2022-02-11,"550 Willow St, San Francisco, CA 94016",Portátiles
AAA Batteries (4-pack),2,2.99,2022-02-07,"59 Adams St, Seattle, WA 98101",Pilas
Apple Airpods Headphones,1,150,2022-02-08,"613 8th St, Portland, OR 97035",Auriculares
Lightning Charging Cable,1,14.95,2022-02-01,"902 Elm St, Boston, MA 02215",Cargadores
Apple Airpods Headphones,1,150,2022-02-04,"742 Adams St, San Francisco, CA 94016",Auriculares
AAA Batteries (4-pack),1,2.99,2022-02-08,"380 Pine St, San Francisco, CA 94016",Pilas
AAA Batteries (4-pack),2,2.99,2022-02-09,"576 Park St, Portland, OR 97035",Pilas
Wired Headphones,1,11.99,2022-02-07,"217 South St, Boston, MA 02215",Auriculares
Bose SoundSport Headphones,1,99.99,2022-02-02,"916 7th St, Atlanta, GA 30301",Auriculares
Wired Headphones,1,11.99,2022-02-04,"741 Lakeview St, Boston, MA 02215",Auriculares
Lightning Charging Cable,1,14.95,2022-02-01,"556 South St, Austin, TX 73301",Cargadores
20in Monitor,2,109.99,2022-02-04,"177 12th St, Los Angeles, CA 90001",Monitores
27in FHD Monitor,1,149.99,2022-02-12,"163 11th St, San Francisco, CA 94016",Monitores
Lightning Charging Cable,1,14.95,2022-02-05,"943 4th St, Atlanta, GA 30301",Cargadores
Lightning Charging Cable,1,14.95,2022-02-08,"339 Washington St, San Francisco, CA 94016",Cargadores
20in Monitor,1,109.99,2022-02-08,"469 Johnson St, Los Angeles, CA 90001",Monitores
20in Monitor,1,109.99,2022-02-12,"618 8th St, New York City, NY 10001",Monitores
USB-C Charging Cable,1,11.95,2022-02-07,"324 Wilson St, San Francisco, CA 94016",Cargadores
27in FHD Monitor,1,149.99,2022-02-05,"456 Meadow St, Los Angeles, CA 90001",Monitores
Google Phone,1,600,2022-02-09,"349 Wilson St, San Francisco, CA 94016",Teléfonos
Lightning Charging Cable,1,14.95,2022-02-07,"340 Washington St, Seattle, WA 98101",Cargadores
USB-C Charging Cable,2,11.95,2022-02-06,"229 Hickory St, San Francisco, CA 94016",Cargadores
Wired Headphones,1,11.99,2022-02-07,"895 Cedar St, San Francisco, CA 94016",Auriculares
AA Batteries (4-pack),1,3.84,2022-02-11,"915 Hill St, Boston, MA 02215",Pilas
Bose SoundSport Headphones,1,99.99,2022-02-05,"227 Wilson St, Dallas, TX 75001",Auriculares
AA Batteries (4-pack),1,3.84,2022-02-02,"277 Washington St, Dallas, TX 75001",Pilas
iPhone,1,700,2022-02-06,"397 Meadow St, Los Angeles, CA 90001",Teléfonos
Wired Headphones,1,11.99,2022-02-06,"397 Meadow St, Los Angeles, CA 90001",Auriculares
Google Phone,1,600,2022-02-05,"52 Main St, San Francisco, CA 94016",Teléfonos
iPhone,1,700,2022-02-05,"52 Main St, San Francisco, CA 94016",Teléfonos
AAA Batteries (4-pack),1,2.99,2022-02-04,"612 Elm St, Atlanta, GA 30301",Pilas
AAA Batteries (4-pack),1,2.99,2022-02-04,"115 Main St, Los Angeles, CA 90001",Pilas
Wired Headphones,1,11.99,2022-02-07,"181 Park St, Seattle, WA 98101",Auriculares
Vareebadd Phone,1,400,2022-02-04,"451 11th St, Atlanta, GA 30301",Teléfonos
Apple Airpods Headphones,1,150,2022-02-07,"971 Center St, New York City, NY 10001",Auriculares
Lightning Charging Cable,1,14.95,2022-02-12,"516 Pine St, San Francisco, CA 94016",Cargadores
Google Phone,1,600,2022-02-10,"917 Adams St, San Francisco, CA 94016",Teléfonos
Lightning Charging Cable,1,14.95,2022-02-01,"113 Center St, San Francisco, CA 94016",Cargadores
27in FHD Monitor,1,149.99,2022-02-07,"191 Pine St, Portland, OR 97035",Monitores
AAA Batteries (4-pack),3,2.99,2022-02-07,"561 Madison St, San Francisco, CA 94016",Pilas
27in FHD Monitor,1,149.99,2022-02-05,"423 Church St, New York City, NY 10001",Monitores
27in 4K Gaming Monitor,1,389.99,2022-02-04,"957 Cherry St, Atlanta, GA 30301",Monitores
AAA Batteries (4-pack),1,2.99,2022-02-10,"566 Walnut St, Portland, ME 04101",Pilas
27in FHD Monitor,1,149.99,2022-02-01,"264 Pine St, San Francisco, CA 94016",Monitores
Bose SoundSport Headphones,1,99.99,2022-02-04,"577 4th St, Boston, MA 02215",Auriculares
Wired Headphones,1,11.99,2022-02-02,"160 Church St, San Francisco, CA 94016",Auriculares
AAA Batteries (4-pack),2,2.99,2022-02-08,"707 Ridge St, San Francisco, CA 94016",Pilas
27in 4K Gaming Monitor,1,389.99,2022-02-03,"879 5th St, San Francisco, CA 94016",Monitores
AA Batteries (4-pack),1,3.84,2022-02-08,"463 11th St, Atlanta, GA 30301",Pilas
20in Monitor,1,109.99,2022-02-10,"766 Maple St, San Francisco, CA 94016",Monitores
Wired Headphones,1,11.99,2022-02-10,"766 Maple St, San Francisco, CA 94016",Auriculares
AAA Batteries (4-pack),1,2.99,2022-02-07,"779 Sunset St, San Francisco, CA 94016",Pilas
Wired Headphones,1,11.99,2022-02-09,"941 Sunset St, Portland, ME 04101",Auriculares
Apple Airpods Headphones,1,150,2022-02-07,"758 Highland St, Los Angeles, CA 90001",Auriculares
ThinkPad Laptop,1,999.99,2022-02-07,"425 Willow St, Atlanta, GA 30301",Portátiles
Google Phone,1,600,2022-02-12,"549 Cherry St, New York City, NY 10001",Teléfonos
USB-C Charging Cable,3,11.95,2022-02-12,"549 Cherry St, New York City, NY 10001",Cargadores
Lightning Charging Cable,1,14.95,2022-02-11,"874 Church St, San Francisco, CA 94016",Cargadores
Flatscreen TV,1,300,2022-02-03,"22 Washington St, Seattle, WA 98101",Televisores
Wired Headphones,2,11.99,2022-02-01,"775 14th St, New York City, NY 10001",Auriculares
AA Batteries (4-pack),1,3.84,2022-02-07,"896 Church St, San Francisco, CA 94016",Pilas
27in FHD Monitor,1,149.99,2022-02-03,"581 West St, Portland, OR 97035",Monitores
Apple Airpods Headphones,1,150,2022-02-11,"424 South St, Seattle, WA 98101",Auriculares
iPhone,1,700,2022-02-05,"621 12th St, Los Angeles, CA 90001",Teléfonos
Wired Headphones,1,11.99,2022-02-05,"930 Church St, San Francisco, CA 94016",Auriculares
AAA Batteries (4-pack),2,2.99,2022-02-05,"820 West St, San Francisco, CA 94016",Pilas
27in FHD Monitor,1,149.99,2022-02-11,"149 Ridge St, Los Angeles, CA 90001",Monitores
27in 4K Gaming Monitor,1,389.99,2022-02-09,"469 Elm St, Los Angeles, CA 90001",Monitores
AAA Batteries (4-pack),2,2.99,2022-02-03,"541 Maple St, Los Angeles, CA 90001",Pilas
Bose SoundSport Headphones,1,99.99,2022-02-06,"643 Elm St, Boston, MA 02215",Auriculares
Wired Headphones,1,11.99,2022-02-10,"927 Johnson St, San Francisco, CA 94016",Auriculares
AAA Batteries (4-pack),1,2.99,2022-02-10,"758 Forest St, San Francisco, CA 94016",Pilas
Macbook Pro Laptop,1,1700,2022-02-01,"977 Jackson St, Portland, OR 97035",Portátiles
iPhone,1,700,2022-02-07,"577 13th St, Los Angeles, CA 90001",Teléfonos
Lightning Charging Cable,1,14.95,2022-02-07,"577 13th St, Los Angeles, CA 90001",Cargadores
27in 4K Gaming Monitor,1,389.99,2022-02-05,"119 Dogwood St, San Francisco, CA 94016",Monitores
AAA Batteries (4-pack),1,2.99,2022-02-02,"337 West St, San Francisco, CA 94016",Pilas
Bose SoundSport Headphones,1,99.99,2022-02-05,"473 Lincoln St, Los Angeles, CA 90001",Auriculares
USB-C Charging Cable,1,11.95,2022-02-03,"354 Hill St, Los Angeles, CA 90001",Cargadores
AA Batteries (4-pack),3,3.84,2022-02-07,"295 Hickory St, Los Angeles, CA 90001",Pilas
AA Batteries (4-pack),2,3.84,2022-02-04,"389 South St, Dallas, TX 75001",Pilas
iPhone,1,700,2022-02-03,"608 8th St, Atlanta, GA 30301",Teléfonos
AAA Batteries (4-pack),1,2.99,2022-02-06,"427 Chestnut St, New York City, NY 10001",Pilas
iPhone,1,700,2022-02-09,"600 Center St, Boston, MA 02215",Teléfonos
ThinkPad Laptop,1,999.99,2022-02-12,"306 14th St, Portland, OR 97035",Portátiles
LG Dryer,1,600.0,2022-02-12,"183 Elm St, New York City, NY 10001",Electrodomésticos
USB-C Charging Cable,1,11.95,2022-02-05,"277 Highland St, San Francisco, CA 94016",Cargadores
Lightning Charging Cable,1,14.95,2022-02-04,"104 Cedar St, New York City, NY 10001",Cargadores
AA Batteries (4-pack),2,3.84,2022-02-09,"291 Lincoln St, San Francisco, CA 94016",Pilas
Lightning Charging Cable,1,14.95,2022-02-07,"841 7th St, Boston, MA 02215",Cargadores
AAA Batteries (4-pack),2,2.99,2022-02-07,"41 7th St, San Francisco, CA 94016",Pilas
Google Phone,1,600,2022-02-01,"752 2nd St, Austin, TX 73301",Teléfonos
Bose SoundSport Headphones,1,99.99,2022-02-01,"752 2nd St, Austin, TX 73301",Auriculares
Wired Headphones,2,11.99,2022-02-01,"752 2nd St, Austin, TX 73301",Auriculares
Apple Airpods Headphones,1,150,2022-02-12,"685 10th St, Atlanta, GA 30301",Auriculares
Google Phone,1,600,2022-02-12,"640 11th St, Portland, OR 97035",Teléfonos
AAA Batteries (4-pack),1,2.99,2022-02-01,"250 12th St, Boston, MA 02215",Pilas
USB-C Charging Cable,1,11.95,2022-02-11,"164 5th St, Boston, MA 02215",Cargadores
AAA Batteries (4-pack),1,2.99,2022-02-05,"789 13th St, Los Angeles, CA 90001",Pilas
Lightning Charging Cable,1,14.95,2022-02-05,"293 Hill St, Austin, TX 73301",Cargadores
Wired Headphones,1,11.99,2022-02-10,"799 Hickory St, Atlanta, GA 30301",Auriculares
Wired Headphones,1,11.99,2022-02-03,"804 Willow St, Seattle, WA 98101",Auriculares
34in Ultrawide Monitor,1,379.99,2022-02-05,"104 4th St, Los Angeles, CA 90001",Monitores
AA Batteries (4-pack),2,3.84,2022-02-07,"728 Main St, Seattle, WA 98101",Pilas
AA Batteries (4-pack),3,3.84,2022-02-07,"384 4th St, San Francisco, CA 94016",Pilas
Wired Headphones,1,11.99,2022-02-04,"831 Dogwood St, Los Angeles, CA 90001",Auriculares
Apple Airpods Headphones,1,150,2022-02-12,"423 Main St, Atlanta, GA 30301",Auriculares
Wired Headphones,1,11.99,2022-02-07,"429 Lake St, Boston, MA 02215",Auriculares
Bose SoundSport Headphones,1,99.99,2022-02-02,"330 Lake St, Dallas, TX 75001",Auriculares
USB-C Charging Cable,1,11.95,2022-02-03,"509 11th St, Dallas, TX 75001",Cargadores
USB-C Charging Cable,1,11.95,2022-02-05,"616 Johnson St, Boston, MA 02215",Cargadores
USB-C Charging Cable,1,11.95,2022-02-05,"471 14th St, New York City, NY 10001",Cargadores
Lightning Charging Cable,1,14.95,2022-02-02,"745 Jefferson St, Atlanta, GA 30301",Cargadores
Wired Headphones,1,11.99,2022-02-01,"663 12th St, Atlanta, GA 30301",Auriculares
Apple Airpods Headphones,1,150,2022-02-05,"491 Johnson St, Atlanta, GA 30301",Auriculares
USB-C Charging Cable,1,11.95,2022-02-11,"455 Sunset St, Austin, TX 73301",Cargadores
AAA Batteries (4-pack),2,2.99,2022-02-04,"342 13th St, Los Angeles, CA 90001",Pilas
34in Ultrawide Monitor,1,379.99,2022-02-11,"505 Wilson St, Los Angeles, CA 90001",Monitores
20in Monitor,1,109.99,2022-02-11,"903 Maple St, Portland, OR 97035",Monitores
USB-C Charging Cable,1,11.95,2022-02-06,"347 11th St, Los Angeles, CA 90001",Cargadores
Google Phone,1,600,2022-02-09,"68 11th St, Boston, MA 02215",Teléfonos
USB-C Charging Cable,1,11.95,2022-02-09,"68 11th St, Boston, MA 02215",Cargadores
ThinkPad Laptop,1,999.99,2022-02-07,"2 River St, Los Angeles, CA 90001",Portátiles
AA Batteries (4-pack),1,3.84,2022-02-08,"692 8th St, Portland, ME 04101",Pilas
AA Batteries (4-pack),2,3.84,2022-02-05,"833 Walnut St, San Francisco, CA 94016",Pilas
27in FHD Monitor,1,149.99,2022-02-04,"581 Lakeview St, Dallas, TX 75001",Monitores
Apple Airpods Headphones,1,150,2022-02-10,"641 13th St, New York City, NY 10001",Auriculares
AAA Batteries (4-pack),3,2.99,2022-02-04,"945 4th St, Los Angeles, CA 90001",Pilas
Wired Headphones,1,11.99,2022-02-11,"246 Sunset St, San Francisco, CA 94016",Auriculares
Wired Headphones,1,11.99,2022-02-09,"882 11th St, San Francisco, CA 94016",Auriculares
AAA Batteries (4-pack),3,2.99,2022-02-03,"103 Willow St, Austin, TX 73301",Pilas
Wired Headphones,1,11.99,2022-02-12,"954 North St, Austin, TX 73301",Auriculares
Macbook Pro Laptop,1,1700,2022-02-03,"639 Lakeview St, San Francisco, CA 94016",Portátiles
Google Phone,1,600,2022-02-10,"867 Cedar St, San Francisco, CA 94016",Teléfonos
USB-C Charging Cable,1,11.95,2022-02-10,"867 Cedar St, San Francisco, CA 94016",Cargadores
AA Batteries (4-pack),2,3.84,2022-02-02,"82 Johnson St, Los Angeles, CA 90001",Pilas
AA Batteries (4-pack),2,3.84,2022-02-10,"344 12th St, Boston, MA 02215",Pilas
USB-C Charging Cable,1,11.95,2022-02-07,"303 Pine St, Dallas, TX 75001",Cargadores
Lightning Charging Cable,1,14.95,2022-02-10,"265 River St, Portland, OR 97035",Cargadores
Lightning Charging Cable,1,14.95,2022-02-01,"819 6th St, Boston, MA 02215",Cargadores
Lightning Charging Cable,1,14.95,2022-02-05,"996 North St, Austin, TX 73301",Cargadores
Flatscreen TV,1,300,2022-02-10,"568 Walnut St, San Francisco, CA 94016",Televisores
AAA Batteries (4-pack),1,2.99,2022-02-06,"226 Jefferson St, San Francisco, CA 94016",Pilas
LG Dryer,1,600.0,2022-02-01,"413 Sunset St, New York City, NY 10001",Electrodomésticos
iPhone,1,700,2022-02-04,"5 5th St, Dallas, TX 75001",Teléfonos
Wired Headphones,1,11.99,2022-02-04,"5 5th St, Dallas, TX 75001",Auriculares
Wired Headphones,2,11.99,2022-02-03,"913 Adams St, Los Angeles, CA 90001",Auriculares
Google Phone,1,600,2022-02-01,"756 Jefferson St, San Francisco, CA 94016",Teléfonos
34in Ultrawide Monitor,1,379.99,2022-02-01,"636 Elm St, Los Angeles, CA 90001",Monitores
Flatscreen TV,1,300,2022-02-11,"944 8th St, Los Angeles, CA 90001",Televisores
AAA Batteries (4-pack),1,2.99,2022-02-08,"542 12th St, San Francisco, CA 94016",Pilas
AAA Batteries (4-pack),1,2.99,2022-02-09,"605 12th St, Atlanta, GA 30301",Pilas
Apple Airpods Headphones,1,150,2022-02-09,"495 Cherry St, Boston, MA 02215",Auriculares
Apple Airpods Headphones,1,150,2022-02-07,"194 1st St, New York City, NY 10001",Auriculares
Google Phone,1,600,2022-02-05,"898 Spruce St, Dallas, TX 75001",Teléfonos
USB-C Charging Cable,1,11.95,2022-02-05,"898 Spruce St, Dallas, TX 75001",Cargadores
Wired Headphones,1,11.99,2022-02-05,"898 Spruce St, Dallas, TX 75001",Auriculares
27in FHD Monitor,1,149.99,2022-02-12,"84 5th St, San Francisco, CA 94016",Monitores
Wired Headphones,1,11.99,2022-02-08,"108 Hickory St, San Francisco, CA 94016",Auriculares
27in 4K Gaming Monitor,1,389.99,2022-02-09,"513 Cedar St, San Francisco, CA 94016",Monitores
Apple Airpods Headphones,1,150,2022-02-08,"915 River St, Atlanta, GA 30301",Auriculares
USB-C Charging Cable,1,11.95,2022-02-06,"539 Willow St, Los Angeles, CA 90001",Cargadores
Bose SoundSport Headphones,1,99.99,2022-02-04,"972 Spruce St, Los Angeles, CA 90001",Auriculares
Lightning Charging Cable,1,14.95,2022-02-11,"852 Jefferson St, Seattle, WA 98101",Cargadores
AAA Batteries (4-pack),2,2.99,2022-02-04,"423 Sunset St, San Francisco, CA 94016",Pilas
Lightning Charging Cable,1,14.95,2022-02-08,"182 Elm St, Seattle, WA 98101",Cargadores
Wired Headphones,1,11.99,2022-02-12,"586 Maple St, San Francisco, CA 94016",Auriculares
Macbook Pro Laptop,1,1700,2022-02-01,"345 8th St, Dallas, TX 75001",Portátiles
Wired Headphones,1,11.99,2022-02-02,"869 Main St, San Francisco, CA 94016",Auriculares
Bose SoundSport Headphones,1,99.99,2022-02-12,"844 Ridge St, San Francisco, CA 94016",Auriculares
Google Phone,1,600,2022-02-12,"844 Ridge St, San Francisco, CA 94016",Teléfonos
27in 4K Gaming Monitor,1,389.99,2022-02-03,"512 7th St, Seattle, WA 98101",Monitores
27in FHD Monitor,1,149.99,2022-02-07,"210 1st St, Seattle, WA 98101",Monitores
USB-C Charging Cable,1,11.95,2022-02-08,"612 12th St, Dallas, TX 75001",Cargadores
20in Monitor,1,109.99,2022-02-09,"571 Hill St, Portland, OR 97035",Monitores
20in Monitor,1,109.99,2022-02-05,"115 Sunset St, Portland, OR 97035",Monitores
Wired Headphones,1,11.99,2022-02-07,"668 River St, San Francisco, CA 94016",Auriculares
Bose SoundSport Headphones,1,99.99,2022-02-08,"597 9th St, Atlanta, GA 30301",Auriculares
iPhone,1,700,2022-02-12,"317 Johnson St, Los Angeles, CA 90001",Teléfonos
Macbook Pro Laptop,1,1700,2022-02-08,"3 Chestnut St, San Francisco, CA 94016",Portátiles
Macbook Pro Laptop,1,1700,2022-02-04,"763 Hill St, Dallas, TX 75001",Portátiles
iPhone,1,700,2022-02-09,"495 Walnut St, Los Angeles, CA 90001",Teléfonos
Wired Headphones,1,11.99,2022-02-12,"786 Lincoln St, Atlanta, GA 30301",Auriculares
iPhone,1,700,2022-02-07,"460 Sunset St, New York City, NY 10001",Teléfonos
AAA Batteries (4-pack),1,2.99,2022-02-12,"6 Adams St, Dallas, TX 75001",Pilas
Apple Airpods Headphones,1,150,2022-02-09,"167 Ridge St, Atlanta, GA 30301",Auriculares
Wired Headphones,1,11.99,2022-02-09,"385 7th St, San Francisco, CA 94016",Auriculares
USB-C Charging Cable,1,11.95,2022-02-12,"39 Adams St, San Francisco, CA 94016",Cargadores
Google Phone,1,600,2022-02-03,"549 Main St, Los Angeles, CA 90001",Teléfonos
Flatscreen TV,1,300,2022-02-05,"138 Madison St, Los Angeles, CA 90001",Televisores
Google Phone,1,600,2022-02-11,"231 Hill St, Seattle, WA 98101",Teléfonos
USB-C Charging Cable,1,11.95,2022-02-11,"231 Hill St, Seattle, WA 98101",Cargadores
AA Batteries (4-pack),2,3.84,2022-02-02,"832 Chestnut St, Boston, MA 02215",Pilas
AAA Batteries (4-pack),1,2.99,2022-02-11,"733 Pine St, Dallas, TX 75001",Pilas
34in Ultrawide Monitor,1,379.99,2022-02-06,"239 Lakeview St, Boston, MA 02215",Monitores
27in FHD Monitor,1,149.99,2022-02-07,"753 South St, San Francisco, CA 94016",Monitores
Wired Headphones,1,11.99,2022-02-02,"47 Willow St, San Francisco, CA 94016",Auriculares
Wired Headphones,1,11.99,2022-02-08,"2 13th St, Atlanta, GA 30301",Auriculares
Vareebadd Phone,1,400,2022-02-07,"61 2nd St, Seattle, WA 98101",Teléfonos
USB-C Charging Cable,1,11.95,2022-02-06,"435 Church St, San Francisco, CA 94016",Cargadores
AAA Batteries (4-pack),1,2.99,2022-02-10,"948 Forest St, San Francisco, CA 94016",Pilas
Google Phone,1,600,2022-02-11,"407 Willow St, Los Angeles, CA 90001",Teléfonos
Lightning Charging Cable,1,14.95,2022-02-10,"1 4th St, Los Angeles, CA 90001",Cargadores
20in Monitor,1,109.99,2022-02-06,"503 Meadow St, Portland, OR 97035",Monitores
27in 4K Gaming Monitor,1,389.99,2022-02-11,"451 West St, Dallas, TX 75001",Monitores
AA Batteries (4-pack),2,3.84,2022-02-02,"835 5th St, Portland, OR 97035",Pilas
ThinkPad Laptop,1,999.99,2022-02-05,"781 6th St, San Francisco, CA 94016",Portátiles
34in Ultrawide Monitor,1,379.99,2022-02-11,"243 14th St, Los Angeles, CA 90001",Monitores
USB-C Charging Cable,1,11.95,2022-02-10,"497 Jackson St, San Francisco, CA 94016",Cargadores
USB-C Charging Cable,1,11.95,2022-02-05,"355 Main St, Austin, TX 73301",Cargadores
20in Monitor,1,109.99,2022-02-02,"699 9th St, Portland, OR 97035",Monitores
Lightning Charging Cable,1,14.95,2022-02-08,"67 Cherry St, New York City, NY 10001",Cargadores
iPhone,1,700,2022-02-01,"143 Meadow St, Los Angeles, CA 90001",Teléfonos
Bose SoundSport Headphones,1,99.99,2022-02-12,"726 Johnson St, San Francisco, CA 94016",Auriculares
Apple Airpods Headphones,1,150,2022-02-05,"174 Willow St, Atlanta, GA 30301",Auriculares
Wired Headphones,1,11.99,2022-02-07,"518 Main St, Dallas, TX 75001",Auriculares
iPhone,1,700,2022-02-07,"579 River St, Seattle, WA 98101",Teléfonos
AAA Batteries (4-pack),1,2.99,2022-02-09,"463 Lakeview St, Portland, OR 97035",Pilas
AA Batteries (4-pack),1,3.84,2022-02-04,"116 Center St, Boston, MA 02215",Pilas
Flatscreen TV,1,300,2022-02-09,"876 Maple St, San Francisco, CA 94016",Televisores
Wired Headphones,1,11.99,2022-02-10,"294 11th St, Austin, TX 73301",Auriculares
Lightning Charging Cable,1,14.95,2022-02-09,"358 Maple St, Los Angeles, CA 90001",Cargadores
AAA Batteries (4-pack),3,2.99,2022-02-11,"214 Park St, Atlanta, GA 30301",Pilas
Apple Airpods Headphones,1,150,2022-02-06,"209 South St, Seattle, WA 98101",Auriculares
AA Batteries (4-pack),3,3.84,2022-02-10,"80 Highland St, Dallas, TX 75001",Pilas
AA Batteries (4-pack),2,3.84,2022-02-12,"694 Lake St, Dallas, TX 75001",Pilas
AA Batteries (4-pack),1,3.84,2022-02-10,"320 14th St, Seattle, WA 98101",Pilas
ThinkPad Laptop,1,999.99,2022-02-02,"192 2nd St, Los Angeles, CA 90001",Portátiles
27in 4K Gaming Monitor,1,389.99,2022-02-01,"986 13th St, San Francisco, CA 94016",Monitores
27in FHD Monitor,1,149.99,2022-02-10,"451 Hill St, New York City, NY 10001",Monitores
Wired Headphones,1,11.99,2022-02-12,"604 2nd St, San Francisco, CA 94016",Auriculares
ThinkPad Laptop,1,999.99,2022-02-08,"62 7th St, Dallas, TX 75001",Portátiles
AA Batteries (4-pack),1,3.84,2022-02-03,"333 Hickory St, San Francisco, CA 94016",Pilas
Lightning Charging Cable,1,14.95,2022-02-10,"707 Madison St, San Francisco, CA 94016",Cargadores
AA Batteries (4-pack),1,3.84,2022-02-02,"44 9th St, Los Angeles, CA 90001",Pilas
USB-C Charging Cable,1,11.95,2022-02-09,"844 Chestnut St, San Francisco, CA 94016",Cargadores
Apple Airpods Headphones,1,150,2022-02-03,"910 10th St, Portland, OR 97035",Auriculares
Bose SoundSport Headphones,1,99.99,2022-02-04,"2 Highland St, Boston, MA 02215",Auriculares
Macbook Pro Laptop,1,1700,2022-02-01,"621 8th St, Portland, OR 97035",Portátiles
Lightning Charging Cable,1,14.95,2022-02-01,"91 West St, Seattle, WA 98101",Cargadores
AAA Batteries (4-pack),1,2.99,2022-02-03,"444 13th St, San Francisco, CA 94016",Pilas
20in Monitor,1,109.99,2022-02-06,"153 Center St, Los Angeles, CA 90001",Monitores
Vareebadd Phone,1,400,2022-02-07,"171 Lincoln St, Dallas, TX 75001",Teléfonos
27in 4K Gaming Monitor,1,389.99,2022-02-09,"967 Church St, Seattle, WA 98101",Monitores
34in Ultrawide Monitor,1,379.99,2022-02-06,"140 Johnson St, Los Angeles, CA 90001",Monitores
ThinkPad Laptop,1,999.99,2022-02-06,"745 Maple St, Boston, MA 02215",Portátiles
AA Batteries (4-pack),3,3.84,2022-02-03,"181 13th St, Los Angeles, CA 90001",Pilas
USB-C Charging Cable,1,11.95,2022-02-09,"593 6th St, San Francisco, CA 94016",Cargadores
AAA Batteries (4-pack),1,2.99,2022-02-02,"758 Pine St, Los Angeles, CA 90001",Pilas
20in Monitor,1,109.99,2022-02-10,"681 Willow St, Los Angeles, CA 90001",Monitores
AA Batteries (4-pack),1,3.84,2022-02-01,"640 Jackson St, Boston, MA 02215",Pilas
Wired Headphones,1,11.99,2022-02-09,"613 Park St, Atlanta, GA 30301",Auriculares
iPhone,1,700,2022-02-08,"42 Main St, Portland, OR 97035",Teléfonos
Vareebadd Phone,1,400,2022-02-06,"961 13th St, Portland, OR 97035",Teléfonos
LG Washing Machine,1,600.0,2022-02-07,"433 Main St, Dallas, TX 75001",Electrodomésticos
Macbook Pro Laptop,1,1700,2022-02-10,"448 11th St, New York City, NY 10001",Portátiles
Macbook Pro Laptop,1,1700,2022-02-06,"360 Dogwood St, Seattle, WA 98101",Portátiles
USB-C Charging Cable,1,11.95,2022-02-02,"587 Highland St, San Francisco, CA 94016",Cargadores
27in FHD Monitor,1,149.99,2022-02-06,"179 11th St, Boston, MA 02215",Monitores
Lightning Charging Cable,1,14.95,2022-02-10,"620 10th St, New York City, NY 10001",Cargadores
USB-C Charging Cable,1,11.95,2022-02-07,"398 4th St, New York City, NY 10001",Cargadores
iPhone,1,700,2022-02-06,"824 Park St, Boston, MA 02215",Teléfonos
Lightning Charging Cable,1,14.95,2022-02-06,"824 Park St, Boston, MA 02215",Cargadores
AA Batteries (4-pack),1,3.84,2022-02-12,"916 5th St, San Francisco, CA 94016",Pilas
Apple Airpods Headphones,1,150,2022-02-01,"664 Church St, Los Angeles, CA 90001",Auriculares
Wired Headphones,1,11.99,2022-02-06,"839 Elm St, Austin, TX 73301",Auriculares
USB-C Charging Cable,1,11.95,2022-02-06,"370 Park St, Atlanta, GA 30301",Cargadores
USB-C Charging Cable,1,11.95,2022-02-03,"72 8th St, San Francisco, CA 94016",Cargadores
Google Phone,1,600,2022-02-09,"993 Cherry St, Dallas, TX 75001",Teléfonos
27in 4K Gaming Monitor,1,389.99,2022-02-02,"267 1st St, San Francisco, CA 94016",Monitores
Apple Airpods Headphones,1,150,2022-02-05,"488 Ridge St, San Francisco, CA 94016",Auriculares
Bose SoundSport Headphones,1,99.99,2022-02-07,"181 Washington St, Dallas, TX 75001",Auriculares
Apple Airpods Headphones,1,150,2022-02-07,"184 Hill St, Los Angeles, CA 90001",Auriculares
iPhone,1,700,2022-02-07,"184 Hill St, Los Angeles, CA 90001",Teléfonos
AAA Batteries (4-pack),1,2.99,2022-02-08,"565 Highland St, Boston, MA 02215",Pilas
iPhone,1,700,2022-02-04,"489 Hill St, Boston, MA 02215",Teléfonos
Macbook Pro Laptop,1,1700,2022-02-01,"3 2nd St, New York City, NY 10001",Portátiles
Lightning Charging Cable,1,14.95,2022-02-07,"968 7th St, San Francisco, CA 94016",Cargadores
Wired Headphones,1,11.99,2022-02-08,"933 Dogwood St, San Francisco, CA 94016",Auriculares
Apple Airpods Headphones,1,150,2022-02-01,"46 Adams St, San Francisco, CA 94016",Auriculares
Lightning Charging Cable,1,14.95,2022-02-07,"966 Hickory St, Atlanta, GA 30301",Cargadores
AAA Batteries (4-pack),1,2.99,2022-02-03,"986 5th St, San Francisco, CA 94016",Pilas
AAA Batteries (4-pack),2,2.99,2022-02-06,"595 Jefferson St, Portland, ME 04101",Pilas
Lightning Charging Cable,1,14.95,2022-02-02,"779 4th St, Los Angeles, CA 90001",Cargadores
USB-C Charging Cable,1,11.95,2022-02-10,"916 Maple St, Boston, MA 02215",Cargadores
Lightning Charging Cable,1,14.95,2022-02-04,"561 Center St, Seattle, WA 98101",Cargadores
27in FHD Monitor,1,149.99,2022-02-05,"237 Park St, Atlanta, GA 30301",Monitores
AA Batteries (4-pack),1,3.84,2022-02-05,"939 Ridge St, Portland, OR 97035",Pilas
Lightning Charging Cable,1,14.95,2022-02-05,"745 Hickory St, San Francisco, CA 94016",Cargadores
Lightning Charging Cable,1,14.95,2022-02-08,"908 Jackson St, Atlanta, GA 30301",Cargadores
AA Batteries (4-pack),1,3.84,2022-02-10,"311 Main St, Portland, ME 04101",Pilas
USB-C Charging Cable,1,11.95,2022-02-05,"50 4th St, San Francisco, CA 94016",Cargadores
Lightning Charging Cable,1,14.95,2022-02-05,"50 4th St, San Francisco, CA 94016",Cargadores
Wired Headphones,1,11.99,2022-02-09,"556 Main St, San Francisco, CA 94016",Auriculares
Wired Headphones,1,11.99,2022-02-09,"501 14th St, Los Angeles, CA 90001",Auriculares
USB-C Charging Cable,1,11.95,2022-02-11,"448 Jackson St, Atlanta, GA 30301",Cargadores
Bose SoundSport Headphones,1,99.99,2022-02-06,"538 North St, San Francisco, CA 94016",Auriculares
20in Monitor,1,109.99,2022-02-07,"629 Lakeview St, Portland, OR 97035",Monitores
27in 4K Gaming Monitor,1,389.99,2022-02-11,"336 Pine St, San Francisco, CA 94016",Monitores
USB-C Charging Cable,2,11.95,2022-02-06,"956 Center St, New York City, NY 10001",Cargadores
Wired Headphones,1,11.99,2022-02-05,"412 Chestnut St, Seattle, WA 98101",Auriculares
Bose SoundSport Headphones,1,99.99,2022-02-06,"997 10th St, Los Angeles, CA 90001",Auriculares
Macbook Pro Laptop,1,1700,2022-02-06,"985 Jefferson St, San Francisco, CA 94016",Portátiles
Wired Headphones,1,11.99,2022-02-06,"455 Forest St, Portland, OR 97035",Auriculares
AA Batteries (4-pack),1,3.84,2022-02-06,"449 Main St, Portland, OR 97035",Pilas
Google Phone,1,600,2022-02-08,"240 4th St, Dallas, TX 75001",Teléfonos
USB-C Charging Cable,1,11.95,2022-02-10,"134 Adams St, Los Angeles, CA 90001",Cargadores
Apple Airpods Headphones,1,150,2022-02-07,"251 Center St, Dallas, TX 75001",Auriculares
Wired Headphones,1,11.99,2022-02-01,"802 Meadow St, Portland, OR 97035",Auriculares
34in Ultrawide Monitor,1,379.99,2022-02-03,"99 River St, Los Angeles, CA 90001",Monitores
AAA Batteries (4-pack),2,2.99,2022-02-07,"110 Lincoln St, New York City, NY 10001",Pilas
Bose SoundSport Headphones,1,99.99,2022-02-10,"975 2nd St, Los Angeles, CA 90001",Auriculares
Lightning Charging Cable,1,14.95,2022-02-05,"865 Cedar St, Austin, TX 73301",Cargadores
Apple Airpods Headphones,1,150,2022-02-07,"445 Walnut St, San Francisco, CA 94016",Auriculares
AAA Batteries (4-pack),1,2.99,2022-02-01,"517 Chestnut St, San Francisco, CA 94016",Pilas
Wired Headphones,1,11.99,2022-02-02,"703 Lincoln St, New York City, NY 10001",Auriculares
USB-C Charging Cable,1,11.95,2022-02-01,"881 Spruce St, Boston, MA 02215",Cargadores
AA Batteries (4-pack),1,3.84,2022-02-02,"356 Pine St, Austin, TX 73301",Pilas
Lightning Charging Cable,1,14.95,2022-02-12,"265 12th St, Austin, TX 73301",Cargadores
Lightning Charging Cable,1,14.95,2022-02-06,"980 Johnson St, Dallas, TX 75001",Cargadores
27in FHD Monitor,1,149.99,2022-02-09,"802 Ridge St, New York City, NY 10001",Monitores
Lightning Charging Cable,1,14.95,2022-02-07,"62 Dogwood St, New York City, NY 10001",Cargadores
Macbook Pro Laptop,1,1700,2022-02-01,"335 Cherry St, Dallas, TX 75001",Portátiles
Apple Airpods Headphones,1,150,2022-02-06,"79 7th St, Boston, MA 02215",Auriculares
27in FHD Monitor,1,149.99,2022-02-03,"705 Lakeview St, Boston, MA 02215",Monitores
34in Ultrawide Monitor,1,379.99,2022-02-09,"228 Forest St, San Francisco, CA 94016",Monitores
Vareebadd Phone,1,400,2022-02-01,"822 9th St, Portland, ME 04101",Teléfonos
Wired Headphones,1,11.99,2022-02-08,"361 Forest St, Seattle, WA 98101",Auriculares
Bose SoundSport Headphones,1,99.99,2022-02-08,"592 Hickory St, Los Angeles, CA 90001",Auriculares
27in 4K Gaming Monitor,1,389.99,2022-02-12,"264 Cedar St, San Francisco, CA 94016",Monitores
Lightning Charging Cable,1,14.95,2022-02-04,"21 Church St, San Francisco, CA 94016",Cargadores
AA Batteries (4-pack),1,3.84,2022-02-02,"207 5th St, San Francisco, CA 94016",Pilas
AAA Batteries (4-pack),3,2.99,2022-02-05,"766 Pine St, New York City, NY 10001",Pilas
Vareebadd Phone,1,400,2022-02-07,"249 Main St, Austin, TX 73301",Teléfonos
Flatscreen TV,1,300,2022-02-11,"46 Jackson St, San Francisco, CA 94016",Televisores
AAA Batteries (4-pack),1,2.99,2022-02-11,"438 Ridge St, Los Angeles, CA 90001",Pilas
iPhone,1,700,2022-02-02,"434 5th St, Atlanta, GA 30301",Teléfonos
27in 4K Gaming Monitor,1,389.99,2022-02-05,"425 Walnut St, Los Angeles, CA 90001",Monitores
Bose SoundSport Headphones,1,99.99,2022-02-02,"832 Lincoln St, New York City, NY 10001",Auriculares
Wired Headphones,2,11.99,2022-02-09,"630 Chestnut St, San Francisco, CA 94016",Auriculares
iPhone,1,700,2022-02-01,"613 Jackson St, Boston, MA 02215",Teléfonos
AAA Batteries (4-pack),1,2.99,2022-02-04,"74 Church St, New York City, NY 10001",Pilas
AA Batteries (4-pack),3,3.84,2022-02-01,"691 Center St, San Francisco, CA 94016",Pilas
USB-C Charging Cable,1,11.95,2022-02-11,"351 River St, San Francisco, CA 94016",Cargadores
34in Ultrawide Monitor,1,379.99,2022-02-06,"128 Center St, Atlanta, GA 30301",Monitores
Flatscreen TV,1,300,2022-02-08,"60 Walnut St, Dallas, TX 75001",Televisores
USB-C Charging Cable,1,11.95,2022-02-09,"448 Park St, Portland, OR 97035",Cargadores
USB-C Charging Cable,1,11.95,2022-02-10,"375 12th St, San Francisco, CA 94016",Cargadores
AAA Batteries (4-pack),2,2.99,2022-02-01,"783 14th St, San Francisco, CA 94016",Pilas
iPhone,1,700,2022-02-01,"175 Church St, San Francisco, CA 94016",Teléfonos
Wired Headphones,1,11.99,2022-02-12,"492 13th St, San Francisco, CA 94016",Auriculares
Wired Headphones,1,11.99,2022-02-03,"253 Cherry St, New York City, NY 10001",Auriculares
27in 4K Gaming Monitor,1,389.99,2022-02-01,"295 1st St, Los Angeles, CA 90001",Monitores
AAA Batteries (4-pack),4,2.99,2022-02-06,"301 Park St, New York City, NY 10001",Pilas
Bose SoundSport Headphones,1,99.99,2022-02-07,"225 7th St, Los Angeles, CA 90001",Auriculares
Macbook Pro Laptop,1,1700,2022-02-07,"225 7th St, Los Angeles, CA 90001",Portátiles
AAA Batteries (4-pack),2,2.99,2022-02-07,"824 Jackson St, San Francisco, CA 94016",Pilas
Wired Headphones,1,11.99,2022-02-02,"668 Willow St, Dallas, TX 75001",Auriculares
Wired Headphones,1,11.99,2022-02-10,"223 Highland St, Dallas, TX 75001",Auriculares
Vareebadd Phone,1,400,2022-02-12,"950 Meadow St, Los Angeles, CA 90001",Teléfonos
Bose SoundSport Headphones,1,99.99,2022-02-11,"445 Church St, San Francisco, CA 94016",Auriculares
27in 4K Gaming Monitor,1,389.99,2022-02-06,"485 Sunset St, Los Angeles, CA 90001",Monitores
AA Batteries (4-pack),1,3.84,2022-02-05,"486 Adams St, Boston, MA 02215",Pilas
AAA Batteries (4-pack),2,2.99,2022-02-04,"733 West St, New York City, NY 10001",Pilas
AA Batteries (4-pack),3,3.84,2022-02-01,"506 13th St, New York City, NY 10001",Pilas
ThinkPad Laptop,1,999.99,2022-02-08,"827 Elm St, Dallas, TX 75001",Portátiles
ThinkPad Laptop,1,999.99,2022-02-11,"355 Walnut St, Los Angeles, CA 90001",Portátiles
AAA Batteries (4-pack),3,2.99,2022-02-08,"232 Meadow St, New York City, NY 10001",Pilas
Apple Airpods Headphones,1,150,2022-02-09,"472 7th St, San Francisco, CA 94016",Auriculares
AA Batteries (4-pack),1,3.84,2022-02-02,"853 Lincoln St, Atlanta, GA 30301",Pilas
AA Batteries (4-pack),1,3.84,2022-02-05,"106 Cherry St, San Francisco, CA 94016",Pilas
ThinkPad Laptop,1,999.99,2022-02-03,"896 13th St, Dallas, TX 75001",Portátiles
27in FHD Monitor,1,149.99,2022-02-07,"270 Jackson St, New York City, NY 10001",Monitores
AA Batteries (4-pack),1,3.84,2022-02-02,"199 8th St, Boston, MA 02215",Pilas
Google Phone,1,600,2022-02-11,"204 West St, Austin, TX 73301",Teléfonos
27in 4K Gaming Monitor,1,389.99,2022-02-12,"263 13th St, Los Angeles, CA 90001",Monitores
Lightning Charging Cable,1,14.95,2022-02-10,"120 7th St, San Francisco, CA 94016",Cargadores
Apple Airpods Headphones,1,150,2022-02-08,"822 Highland St, Boston, MA 02215",Auriculares
Apple Airpods Headphones,1,150,2022-02-11,"828 Meadow St, Portland, ME 04101",Auriculares
34in Ultrawide Monitor,1,379.99,2022-02-01,"885 Elm St, Atlanta, GA 30301",Monitores
Vareebadd Phone,1,400,2022-02-01,"777 Adams St, New York City, NY 10001",Teléfonos
iPhone,1,700,2022-02-12,"251 Washington St, Los Angeles, CA 90001",Teléfonos
iPhone,1,700,2022-02-11,"757 Church St, Austin, TX 73301",Teléfonos
Lightning Charging Cable,1,14.95,2022-02-12,"414 Johnson St, San Francisco, CA 94016",Cargadores
Apple Airpods Headphones,1,150,2022-02-08,"233 Cherry St, New York City, NY 10001",Auriculares
27in FHD Monitor,1,149.99,2022-02-08,"8 River St, Austin, TX 73301",Monitores
Bose SoundSport Headphones,1,99.99,2022-02-04,"70 Spruce St, New York City, NY 10001",Auriculares
Wired Headphones,2,11.99,2022-02-07,"723 Washington St, Los Angeles, CA 90001",Auriculares
34in Ultrawide Monitor,1,379.99,2022-02-10,"936 River St, Dallas, TX 75001",Monitores
Wired Headphones,1,11.99,2022-02-10,"936 River St, Dallas, TX 75001",Auriculares
LG Dryer,1,600.0,2022-02-07,"823 Jefferson St, Boston, MA 02215",Electrodomésticos
ThinkPad Laptop,1,999.99,2022-02-03,"758 Adams St, Atlanta, GA 30301",Portátiles
Lightning Charging Cable,1,14.95,2022-02-10,"896 2nd St, San Francisco, CA 94016",Cargadores
20in Monitor,1,109.99,2022-02-05,"324 Park St, Boston, MA 02215",Monitores
AA Batteries (4-pack),1,3.84,2022-02-05,"582 Hickory St, Los Angeles, CA 90001",Pilas
Google Phone,1,600,2022-02-05,"755 6th St, Los Angeles, CA 90001",Teléfonos
Wired Headphones,1,11.99,2022-02-06,"507 Willow St, San Francisco, CA 94016",Auriculares
USB-C Charging Cable,2,11.95,2022-02-12,"929 Pine St, Dallas, TX 75001",Cargadores
34in Ultrawide Monitor,1,379.99,2022-02-11,"597 Lakeview St, Los Angeles, CA 90001",Monitores
Flatscreen TV,1,300,2022-02-12,"744 8th St, Atlanta, GA 30301",Televisores
USB-C Charging Cable,1,11.95,2022-02-03,"633 2nd St, Portland, OR 97035",Cargadores
ThinkPad Laptop,1,999.99,2022-02-01,"362 Main St, Atlanta, GA 30301",Portátiles
AA Batteries (4-pack),1,3.84,2022-02-03,"719 6th St, San Francisco, CA 94016",Pilas
Bose SoundSport Headphones,1,99.99,2022-02-05,"78 Ridge St, San Francisco, CA 94016",Auriculares
27in 4K Gaming Monitor,1,389.99,2022-02-09,"399 Maple St, San Francisco, CA 94016",Monitores
USB-C Charging Cable,1,11.95,2022-02-03,"252 6th St, New York City, NY 10001",Cargadores
20in Monitor,1,109.99,2022-02-11,"7 Meadow St, New York City, NY 10001",Monitores
Bose SoundSport Headphones,1,99.99,2022-02-12,"375 Jefferson St, San Francisco, CA 94016",Auriculares
Wired Headphones,2,11.99,2022-02-06,"661 Main St, Seattle, WA 98101",Auriculares
Lightning Charging Cable,1,14.95,2022-02-01,"805 9th St, Dallas, TX 75001",Cargadores
AAA Batteries (4-pack),1,2.99,2022-02-05,"295 North St, New York City, NY 10001",Pilas
27in FHD Monitor,1,149.99,2022-02-08,"641 Lincoln St, Dallas, TX 75001",Monitores
Macbook Pro Laptop,1,1700,2022-02-12,"903 Lakeview St, Los Angeles, CA 90001",Portátiles
iPhone,1,700,2022-02-07,"146 Washington St, New York City, NY 10001",Teléfonos
Lightning Charging Cable,1,14.95,2022-02-07,"146 Washington St, New York City, NY 10001",Cargadores
Wired Headphones,1,11.99,2022-02-12,"946 Adams St, San Francisco, CA 94016",Auriculares
USB-C Charging Cable,1,11.95,2022-02-07,"129 Johnson St, Dallas, TX 75001",Cargadores
ThinkPad Laptop,1,999.99,2022-02-11,"918 5th St, Dallas, TX 75001",Portátiles
Lightning Charging Cable,1,14.95,2022-02-12,"253 South St, Boston, MA 02215",Cargadores
USB-C Charging Cable,1,11.95,2022-02-12,"494 Dogwood St, Portland, OR 97035",Cargadores
20in Monitor,1,109.99,2022-02-12,"697 North St, Boston, MA 02215",Monitores
LG Washing Machine,1,600.0,2022-02-06,"5 Spruce St, San Francisco, CA 94016",Electrodomésticos
27in FHD Monitor,1,149.99,2022-02-06,"584 Ridge St, Austin, TX 73301",Monitores
AAA Batteries (4-pack),1,2.99,2022-02-12,"474 Center St, Austin, TX 73301",Pilas
AAA Batteries (4-pack),1,2.99,2022-02-12,"43 5th St, Dallas, TX 75001",Pilas
AA Batteries (4-pack),1,3.84,2022-02-08,"589 Cedar St, Portland, ME 04101",Pilas
Flatscreen TV,1,300,2022-02-08,"751 Chestnut St, Dallas, TX 75001",Televisores
Apple Airpods Headphones,1,150,2022-02-03,"741 6th St, Atlanta, GA 30301",Auriculares
Apple Airpods Headphones,1,150,2022-02-07,"126 Meadow St, San Francisco, CA 94016",Auriculares
AAA Batteries (4-pack),1,2.99,2022-02-01,"358 7th St, San Francisco, CA 94016",Pilas
Apple Airpods Headphones,1,150,2022-02-08,"325 South St, Los Angeles, CA 90001",Auriculares
20in Monitor,1,109.99,2022-02-03,"28 Chestnut St, Portland, OR 97035",Monitores
27in 4K Gaming Monitor,1,389.99,2022-02-01,"362 Sunset St, San Francisco, CA 94016",Monitores
USB-C Charging Cable,1,11.95,2022-02-01,"493 Dogwood St, Boston, MA 02215",Cargadores
Lightning Charging Cable,1,14.95,2022-02-08,"32 Elm St, San Francisco, CA 94016",Cargadores
AA Batteries (4-pack),1,3.84,2022-02-06,"920 Willow St, San Francisco, CA 94016",Pilas
Apple Airpods Headphones,1,150,2022-02-04,"379 Center St, Boston, MA 02215",Auriculares
Apple Airpods Headphones,1,150,2022-02-05,"39 Maple St, San Francisco, CA 94016",Auriculares
Lightning Charging Cable,1,14.95,2022-02-11,"625 Meadow St, Seattle, WA 98101",Cargadores
Bose SoundSport Headphones,1,99.99,2022-02-10,"955 Church St, Atlanta, GA 30301",Auriculares
AA Batteries (4-pack),2,3.84,2022-02-09,"717 Lakeview St, Los Angeles, CA 90001",Pilas
Wired Headphones,1,11.99,2022-02-01,"894 Jefferson St, New York City, NY 10001",Auriculares
USB-C Charging Cable,1,11.95,2022-02-11,"280 Walnut St, Dallas, TX 75001",Cargadores
Apple Airpods Headphones,1,150,2022-02-01,"820 Cherry St, Boston, MA 02215",Auriculares
iPhone,1,700,2022-02-07,"22 Main St, New York City, NY 10001",Teléfonos
Wired Headphones,1,11.99,2022-02-07,"22 Main St, New York City, NY 10001",Auriculares
AAA Batteries (4-pack),1,2.99,2022-02-08,"685 Spruce St, San Francisco, CA 94016",Pilas
USB-C Charging Cable,1,11.95,2022-02-08,"97 Lake St, San Francisco, CA 94016",Cargadores
AAA Batteries (4-pack),5,2.99,2022-02-11,"215 Walnut St, Los Angeles, CA 90001",Pilas
Lightning Charging Cable,1,14.95,2022-02-05,"292 Pine St, Portland, OR 97035",Cargadores
27in 4K Gaming Monitor,1,389.99,2022-02-08,"581 Spruce St, San Francisco, CA 94016",Monitores
Google Phone,1,600,2022-02-10,"785 Cedar St, Boston, MA 02215",Teléfonos
Bose SoundSport Headphones,1,99.99,2022-02-10,"785 Cedar St, Boston, MA 02215",Auriculares
Wired Headphones,1,11.99,2022-02-10,"785 Cedar St, Boston, MA 02215",Auriculares
AAA Batteries (4-pack),1,2.99,2022-02-11,"701 Highland St, New York City, NY 10001",Pilas
AA Batteries (4-pack),1,3.84,2022-02-03,"150 7th St, New York City, NY 10001",Pilas
AA Batteries (4-pack),1,3.84,2022-02-01,"174 Maple St, Los Angeles, CA 90001",Pilas
ThinkPad Laptop,1,999.99,2022-02-12,"628 Maple St, New York City, NY 10001",Portátiles
iPhone,1,700,2022-02-07,"181 Wilson St, San Francisco, CA 94016",Teléfonos
Lightning Charging Cable,1,14.95,2022-02-07,"181 Wilson St, San Francisco, CA 94016",Cargadores
Apple Airpods Headphones,1,150,2022-02-07,"181 Wilson St, San Francisco, CA 94016",Auriculares
Google Phone,1,600,2022-02-08,"435 Hickory St, Dallas, TX 75001",Teléfonos
USB-C Charging Cable,1,11.95,2022-02-02,"75 Elm St, Atlanta, GA 30301",Cargadores
Macbook Pro Laptop,1,1700,2022-02-08,"412 Cherry St, Portland, ME 04101",Portátiles
27in FHD Monitor,1,149.99,2022-02-01,"47 Walnut St, San Francisco, CA 94016",Monitores
27in FHD Monitor,1,149.99,2022-02-05,"77 Sunset St, Atlanta, GA 30301",Monitores
Lightning Charging Cable,1,14.95,2022-02-02,"933 8th St, Atlanta, GA 30301",Cargadores
LG Dryer,1,600.0,2022-02-12,"714 Washington St, San Francisco, CA 94016",Electrodomésticos
20in Monitor,1,109.99,2022-02-10,"752 Adams St, San Francisco, CA 94016",Monitores
USB-C Charging Cable,1,11.95,2022-02-09,"920 11th St, Austin, TX 73301",Cargadores
iPhone,1,700,2022-02-05,"381 Maple St, New York City, NY 10001",Teléfonos
Lightning Charging Cable,1,14.95,2022-02-05,"381 Maple St, New York City, NY 10001",Cargadores
Wired Headphones,1,11.99,2022-02-03,"937 4th St, San Francisco, CA 94016",Auriculares
AAA Batteries (4-pack),1,2.99,2022-02-07,"550 1st St, New York City, NY 10001",Pilas
Wired Headphones,2,11.99,2022-02-04,"223 Cedar St, Los Angeles, CA 90001",Auriculares
Apple Airpods Headphones,1,150,2022-02-03,"837 10th St, Dallas, TX 75001",Auriculares
iPhone,1,700,2022-02-06,"500 Dogwood St, Boston, MA 02215",Teléfonos
Bose SoundSport Headphones,1,99.99,2022-02-08,"701 14th St, Atlanta, GA 30301",Auriculares
Apple Airpods Headphones,1,150,2022-02-12,"303 Chestnut St, Boston, MA 02215",Auriculares
27in FHD Monitor,1,149.99,2022-02-10,"335 1st St, Boston, MA 02215",Monitores
Flatscreen TV,1,300,2022-02-02,"330 Willow St, San Francisco, CA 94016",Televisores
Wired Headphones,1,11.99,2022-02-02,"994 12th St, Boston, MA 02215",Auriculares
AA Batteries (4-pack),3,3.84,2022-02-02,"994 12th St, Boston, MA 02215",Pilas
20in Monitor,1,109.99,2022-02-07,"615 Main St, Los Angeles, CA 90001",Monitores
USB-C Charging Cable,2,11.95,2022-02-07,"615 Main St, Los Angeles, CA 90001",Cargadores
iPhone,1,700,2022-02-01,"785 6th St, San Francisco, CA 94016",Teléfonos
Wired Headphones,1,11.99,2022-02-01,"785 6th St, San Francisco, CA 94016",Auriculares
Bose SoundSport Headphones,1,99.99,2022-02-06,"587 North St, San Francisco, CA 94016",Auriculares
Apple Airpods Headphones,1,150,2022-02-06,"587 North St, San Francisco, CA 94016",Auriculares
Wired Headphones,1,11.99,2022-02-07,"256 7th St, Los Angeles, CA 90001",Auriculares
27in FHD Monitor,1,149.99,2022-02-03,"151 Pine St, Dallas, TX 75001",Monitores
AAA Batteries (4-pack),1,2.99,2022-02-01,"518 Adams St, San Francisco, CA 94016",Pilas
AAA Batteries (4-pack),1,2.99,2022-02-01,"489 Ridge St, San Francisco, CA 94016",Pilas
Google Phone,1,600,2022-02-03,"855 Walnut St, Los Angeles, CA 90001",Teléfonos
USB-C Charging Cable,1,11.95,2022-02-03,"855 Walnut St, Los Angeles, CA 90001",Cargadores
Wired Headphones,1,11.99,2022-02-08,"552 Hickory St, San Francisco, CA 94016",Auriculares
Lightning Charging Cable,1,14.95,2022-02-03,"163 Wilson St, San Francisco, CA 94016",Cargadores
Apple Airpods Headphones,1,150,2022-02-05,"389 Cherry St, Dallas, TX 75001",Auriculares
Lightning Charging Cable,1,14.95,2022-02-12,"525 5th St, Boston, MA 02215",Cargadores
Flatscreen TV,1,300,2022-02-05,"364 13th St, Los Angeles, CA 90001",Televisores
AAA Batteries (4-pack),1,2.99,2022-02-03,"112 Cherry St, Boston, MA 02215",Pilas
20in Monitor,1,109.99,2022-02-07,"367 1st St, Los Angeles, CA 90001",Monitores
Wired Headphones,1,11.99,2022-02-03,"696 Hill St, San Francisco, CA 94016",Auriculares
Apple Airpods Headphones,1,150,2022-02-08,"55 Walnut St, Portland, OR 97035",Auriculares
27in FHD Monitor,1,149.99,2022-02-01,"514 Main St, Austin, TX 73301",Monitores
Lightning Charging Cable,1,14.95,2022-02-03,"848 Cedar St, Los Angeles, CA 90001",Cargadores
Apple Airpods Headphones,1,150,2022-02-03,"848 Cedar St, Los Angeles, CA 90001",Auriculares
USB-C Charging Cable,1,11.95,2022-02-03,"808 Wilson St, Austin, TX 73301",Cargadores
27in FHD Monitor,1,149.99,2022-02-11,"798 5th St, Los Angeles, CA 90001",Monitores
Lightning Charging Cable,1,14.95,2022-02-04,"794 Walnut St, Los Angeles, CA 90001",Cargadores
AAA Batteries (4-pack),2,2.99,2022-02-01,"771 South St, San Francisco, CA 94016",Pilas
iPhone,1,700,2022-02-02,"641 Washington St, Seattle, WA 98101",Teléfonos
Lightning Charging Cable,1,14.95,2022-02-02,"641 Washington St, Seattle, WA 98101",Cargadores
Wired Headphones,1,11.99,2022-02-02,"641 Washington St, Seattle, WA 98101",Auriculares
Vareebadd Phone,1,400,2022-02-11,"941 Lincoln St, Boston, MA 02215",Teléfonos
Bose SoundSport Headphones,1,99.99,2022-02-03,"926 14th St, Portland, OR 97035",Auriculares
Bose SoundSport Headphones,1,99.99,2022-02-02,"415 Church St, San Francisco, CA 94016",Auriculares
AAA Batteries (4-pack),2,2.99,2022-02-04,"133 Hickory St, Austin, TX 73301",Pilas
Bose SoundSport Headphones,1,99.99,2022-02-10,"149 River St, Atlanta, GA 30301",Auriculares
AA Batteries (4-pack),1,3.84,2022-02-04,"871 Jackson St, Boston, MA 02215",Pilas
Wired Headphones,1,11.99,2022-02-03,"203 Hickory St, Boston, MA 02215",Auriculares
AA Batteries (4-pack),1,3.84,2022-02-10,"358 Cedar St, Los Angeles, CA 90001",Pilas
iPhone,1,700,2022-02-04,"227 Hill St, Atlanta, GA 30301",Teléfonos
Apple Airpods Headphones,1,150,2022-02-08,"178 Sunset St, Los Angeles, CA 90001",Auriculares
27in FHD Monitor,1,149.99,2022-02-09,"277 Jackson St, San Francisco, CA 94016",Monitores
27in FHD Monitor,1,149.99,2022-02-06,"207 13th St, Atlanta, GA 30301",Monitores
Apple Airpods Headphones,1,150,2022-02-01,"533 Main St, Seattle, WA 98101",Auriculares
AAA Batteries (4-pack),1,2.99,2022-02-06,"405 Cherry St, Los Angeles, CA 90001",Pilas
27in FHD Monitor,1,149.99,2022-02-11,"13 Spruce St, Los Angeles, CA 90001",Monitores
AA Batteries (4-pack),1,3.84,2022-02-09,"69 Dogwood St, Dallas, TX 75001",Pilas
27in FHD Monitor,1,149.99,2022-02-08,"92 4th St, Los Angeles, CA 90001",Monitores
27in FHD Monitor,1,149.99,2022-02-10,"725 Cedar St, New York City, NY 10001",Monitores
USB-C Charging Cable,1,11.95,2022-02-01,"453 Ridge St, Boston, MA 02215",Cargadores
AAA Batteries (4-pack),3,2.99,2022-02-01,"409 13th St, New York City, NY 10001",Pilas
ThinkPad Laptop,1,999.99,2022-02-09,"887 Pine St, Boston, MA 02215",Portátiles
Bose SoundSport Headphones,1,99.99,2022-02-05,"807 Meadow St, San Francisco, CA 94016",Auriculares
Bose SoundSport Headphones,1,99.99,2022-02-08,"798 Main St, Boston, MA 02215",Auriculares
Lightning Charging Cable,1,14.95,2022-02-10,"327 Cherry St, Austin, TX 73301",Cargadores
34in Ultrawide Monitor,1,379.99,2022-02-08,"640 Dogwood St, San Francisco, CA 94016",Monitores
20in Monitor,1,109.99,2022-02-09,"980 13th St, Los Angeles, CA 90001",Monitores
27in FHD Monitor,1,149.99,2022-02-11,"432 Madison St, Dallas, TX 75001",Monitores
ThinkPad Laptop,1,999.99,2022-02-11,"741 Sunset St, Los Angeles, CA 90001",Portátiles
USB-C Charging Cable,1,11.95,2022-02-06,"866 Chestnut St, San Francisco, CA 94016",Cargadores
Google Phone,1,600,2022-02-05,"304 Hickory St, San Francisco, CA 94016",Teléfonos
20in Monitor,1,109.99,2022-02-05,"737 Lincoln St, San Francisco, CA 94016",Monitores
Lightning Charging Cable,1,14.95,2022-02-02,"556 Park St, New York City, NY 10001",Cargadores
Vareebadd Phone,1,400,2022-02-01,"670 Wilson St, New York City, NY 10001",Teléfonos
Bose SoundSport Headphones,1,99.99,2022-02-11,"321 5th St, San Francisco, CA 94016",Auriculares
Macbook Pro Laptop,1,1700,2022-02-05,"170 5th St, Dallas, TX 75001",Portátiles
AAA Batteries (4-pack),4,2.99,2022-02-05,"111 Main St, Atlanta, GA 30301",Pilas
Wired Headphones,1,11.99,2022-02-09,"987 Spruce St, Los Angeles, CA 90001",Auriculares
20in Monitor,1,109.99,2022-02-06,"373 Chestnut St, San Francisco, CA 94016",Monitores
Lightning Charging Cable,1,14.95,2022-02-03,"889 Pine St, Boston, MA 02215",Cargadores
Lightning Charging Cable,1,14.95,2022-02-10,"345 Lincoln St, Boston, MA 02215",Cargadores
AAA Batteries (4-pack),1,2.99,2022-02-07,"280 Lakeview St, Seattle, WA 98101",Pilas
Apple Airpods Headphones,1,150,2022-02-07,"693 Dogwood St, Los Angeles, CA 90001",Auriculares
Bose SoundSport Headphones,1,99.99,2022-02-05,"387 Church St, San Francisco, CA 94016",Auriculares
AAA Batteries (4-pack),1,2.99,2022-02-06,"106 Sunset St, New York City, NY 10001",Pilas
AA Batteries (4-pack),1,3.84,2022-02-03,"975 Elm St, San Francisco, CA 94016",Pilas
AAA Batteries (4-pack),2,2.99,2022-02-08,"229 North St, New York City, NY 10001",Pilas
USB-C Charging Cable,1,11.95,2022-02-09,"288 10th St, Los Angeles, CA 90001",Cargadores
USB-C Charging Cable,1,11.95,2022-02-04,"910 6th St, Seattle, WA 98101",Cargadores
AAA Batteries (4-pack),1,2.99,2022-02-06,"135 Church St, Austin, TX 73301",Pilas
Apple Airpods Headphones,1,150,2022-02-03,"787 5th St, San Francisco, CA 94016",Auriculares
AA Batteries (4-pack),1,3.84,2022-02-02,"630 Madison St, Atlanta, GA 30301",Pilas
Bose SoundSport Headphones,1,99.99,2022-02-11,"559 North St, Los Angeles, CA 90001",Auriculares
Bose SoundSport Headphones,1,99.99,2022-02-04,"391 Adams St, New York City, NY 10001",Auriculares
Bose SoundSport Headphones,1,99.99,2022-02-01,"90 Highland St, New York City, NY 10001",Auriculares
ThinkPad Laptop,1,999.99,2022-02-09,"839 Ridge St, San Francisco, CA 94016",Portátiles
USB-C Charging Cable,1,11.95,2022-02-07,"378 Willow St, Dallas, TX 75001",Cargadores
USB-C Charging Cable,1,11.95,2022-02-09,"133 2nd St, Portland, OR 97035",Cargadores
USB-C Charging Cable,1,11.95,2022-02-10,"636 7th St, Boston, MA 02215",Cargadores
Bose SoundSport Headphones,1,99.99,2022-02-05,"635 Madison St, Seattle, WA 98101",Auriculares
AAA Batteries (4-pack),1,2.99,2022-02-01,"381 Wilson St, San Francisco, CA 94016",Pilas
20in Monitor,1,109.99,2022-02-02,"108 Adams St, Boston, MA 02215",Monitores
AAA Batteries (4-pack),2,2.99,2022-02-10,"815 7th St, Dallas, TX 75001",Pilas
Google Phone,1,600,2022-02-01,"832 Willow St, San Francisco, CA 94016",Teléfonos
Wired Headphones,1,11.99,2022-02-01,"832 Willow St, San Francisco, CA 94016",Auriculares
iPhone,1,700,2022-02-02,"667 Forest St, San Francisco, CA 94016",Teléfonos
AA Batteries (4-pack),3,3.84,2022-02-11,"990 Johnson St, Seattle, WA 98101",Pilas
Wired Headphones,1,11.99,2022-02-01,"228 Meadow St, Portland, ME 04101",Auriculares
ThinkPad Laptop,1,999.99,2022-02-02,"262 2nd St, New York City, NY 10001",Portátiles
Apple Airpods Headphones,1,150,2022-02-07,"121 Jefferson St, New York City, NY 10001",Auriculares
AAA Batteries (4-pack),1,2.99,2022-02-03,"757 Lincoln St, Austin, TX 73301",Pilas
Lightning Charging Cable,1,14.95,2022-02-08,"559 Elm St, Los Angeles, CA 90001",Cargadores
Apple Airpods Headphones,1,150,2022-02-07,"981 South St, Boston, MA 02215",Auriculares
Wired Headphones,1,11.99,2022-02-05,"616 North St, San Francisco, CA 94016",Auriculares
Flatscreen TV,1,300,2022-02-08,"260 South St, Los Angeles, CA 90001",Televisores
Wired Headphones,1,11.99,2022-02-03,"950 Main St, Atlanta, GA 30301",Auriculares
AA Batteries (4-pack),2,3.84,2022-02-08,"934 Wilson St, San Francisco, CA 94016",Pilas
34in Ultrawide Monitor,1,379.99,2022-02-03,"127 Lake St, Los Angeles, CA 90001",Monitores
AA Batteries (4-pack),1,3.84,2022-02-12,"509 Jackson St, San Francisco, CA 94016",Pilas
USB-C Charging Cable,1,11.95,2022-02-12,"399 Ridge St, Dallas, TX 75001",Cargadores
27in 4K Gaming Monitor,1,389.99,2022-02-11,"351 Adams St, Seattle, WA 98101",Monitores
Wired Headphones,1,11.99,2022-02-09,"150 Church St, New York City, NY 10001",Auriculares
Flatscreen TV,1,300,2022-02-01,"80 6th St, San Francisco, CA 94016",Televisores
AAA Batteries (4-pack),1,2.99,2022-02-04,"609 Church St, San Francisco, CA 94016",Pilas
Apple Airpods Headphones,1,150,2022-02-07,"463 Lakeview St, San Francisco, CA 94016",Auriculares
Vareebadd Phone,1,400,2022-02-04,"258 Madison St, Los Angeles, CA 90001",Teléfonos
USB-C Charging Cable,1,11.95,2022-02-04,"258 Madison St, Los Angeles, CA 90001",Cargadores
Wired Headphones,1,11.99,2022-02-01,"370 Madison St, Seattle, WA 98101",Auriculares
Lightning Charging Cable,1,14.95,2022-02-05,"557 Chestnut St, Boston, MA 02215",Cargadores
Wired Headphones,1,11.99,2022-02-06,"966 West St, Seattle, WA 98101",Auriculares
USB-C Charging Cable,1,11.95,2022-02-02,"170 Center St, San Francisco, CA 94016",Cargadores
USB-C Charging Cable,1,11.95,2022-02-04,"217 Chestnut St, Atlanta, GA 30301",Cargadores
Wired Headphones,1,11.99,2022-02-10,"540 Walnut St, San Francisco, CA 94016",Auriculares
27in FHD Monitor,1,149.99,2022-02-10,"721 Dogwood St, Portland, OR 97035",Monitores
AA Batteries (4-pack),1,3.84,2022-02-06,"385 10th St, San Francisco, CA 94016",Pilas
Macbook Pro Laptop,1,1700,2022-02-02,"214 Willow St, San Francisco, CA 94016",Portátiles
Bose SoundSport Headphones,1,99.99,2022-02-05,"871 14th St, Boston, MA 02215",Auriculares
27in 4K Gaming Monitor,1,389.99,2022-02-06,"195 4th St, Los Angeles, CA 90001",Monitores
AA Batteries (4-pack),1,3.84,2022-02-03,"394 Johnson St, Austin, TX 73301",Pilas
Bose SoundSport Headphones,1,99.99,2022-02-12,"889 Park St, Los Angeles, CA 90001",Auriculares
AA Batteries (4-pack),2,3.84,2022-02-07,"781 4th St, Boston, MA 02215",Pilas
34in Ultrawide Monitor,1,379.99,2022-02-03,"16 Washington St, Boston, MA 02215",Monitores
Wired Headphones,1,11.99,2022-02-04,"975 Washington St, San Francisco, CA 94016",Auriculares
20in Monitor,1,109.99,2022-02-01,"226 Chestnut St, New York City, NY 10001",Monitores
Flatscreen TV,1,300,2022-02-02,"892 Highland St, Boston, MA 02215",Televisores
AAA Batteries (4-pack),1,2.99,2022-02-04,"840 1st St, Dallas, TX 75001",Pilas
Lightning Charging Cable,1,14.95,2022-02-03,"414 4th St, Austin, TX 73301",Cargadores
iPhone,1,700,2022-02-08,"767 Johnson St, Dallas, TX 75001",Teléfonos
Flatscreen TV,1,300,2022-02-12,"240 Lakeview St, Portland, OR 97035",Televisores
Vareebadd Phone,1,400,2022-02-02,"924 Dogwood St, Los Angeles, CA 90001",Teléfonos
Apple Airpods Headphones,1,150,2022-02-02,"869 South St, Dallas, TX 75001",Auriculares
iPhone,1,700,2022-02-04,"889 Maple St, New York City, NY 10001",Teléfonos
AAA Batteries (4-pack),7,2.99,2022-02-05,"927 Jefferson St, New York City, NY 10001",Pilas
AAA Batteries (4-pack),2,2.99,2022-02-12,"340 Wilson St, Austin, TX 73301",Pilas
iPhone,1,700,2022-02-07,"815 Forest St, Austin, TX 73301",Teléfonos
Vareebadd Phone,1,400,2022-02-03,"204 Adams St, Seattle, WA 98101",Teléfonos
USB-C Charging Cable,2,11.95,2022-02-06,"610 2nd St, New York City, NY 10001",Cargadores
AA Batteries (4-pack),3,3.84,2022-02-08,"536 10th St, Boston, MA 02215",Pilas
AA Batteries (4-pack),1,3.84,2022-02-06,"815 13th St, San Francisco, CA 94016",Pilas
Google Phone,1,600,2022-02-02,"405 Spruce St, New York City, NY 10001",Teléfonos
USB-C Charging Cable,2,11.95,2022-02-02,"405 Spruce St, New York City, NY 10001",Cargadores
Apple Airpods Headphones,1,150,2022-02-02,"794 8th St, Boston, MA 02215",Auriculares
Wired Headphones,1,11.99,2022-02-01,"226 1st St, Los Angeles, CA 90001",Auriculares
AAA Batteries (4-pack),1,2.99,2022-02-10,"492 2nd St, Los Angeles, CA 90001",Pilas
Lightning Charging Cable,1,14.95,2022-02-09,"868 Walnut St, Los Angeles, CA 90001",Cargadores
ThinkPad Laptop,1,999.99,2022-02-08,"117 West St, Seattle, WA 98101",Portátiles
Bose SoundSport Headphones,1,99.99,2022-02-12,"424 Walnut St, San Francisco, CA 94016",Auriculares
USB-C Charging Cable,1,11.95,2022-02-03,"473 Willow St, New York City, NY 10001",Cargadores
AAA Batteries (4-pack),1,2.99,2022-02-03,"823 14th St, San Francisco, CA 94016",Pilas
Flatscreen TV,1,300,2022-02-03,"823 14th St, San Francisco, CA 94016",Televisores
USB-C Charging Cable,1,11.95,2022-02-01,"185 Church St, Los Angeles, CA 90001",Cargadores
20in Monitor,1,109.99,2022-02-02,"493 6th St, Portland, OR 97035",Monitores
ThinkPad Laptop,1,999.99,2022-02-01,"311 Jackson St, Los Angeles, CA 90001",Portátiles
Wired Headphones,1,11.99,2022-02-06,"119 Sunset St, Los Angeles, CA 90001",Auriculares
27in 4K Gaming Monitor,1,389.99,2022-02-07,"801 Jefferson St, Atlanta, GA 30301",Monitores
AA Batteries (4-pack),1,3.84,2022-02-08,"104 Madison St, Los Angeles, CA 90001",Pilas
USB-C Charging Cable,1,11.95,2022-02-05,"238 Cedar St, New York City, NY 10001",Cargadores
Vareebadd Phone,1,400,2022-02-04,"727 11th St, San Francisco, CA 94016",Teléfonos
USB-C Charging Cable,1,11.95,2022-02-08,"611 11th St, San Francisco, CA 94016",Cargadores
Lightning Charging Cable,1,14.95,2022-02-03,"476 Madison St, New York City, NY 10001",Cargadores
Wired Headphones,1,11.99,2022-02-05,"622 Forest St, San Francisco, CA 94016",Auriculares
USB-C Charging Cable,1,11.95,2022-02-11,"978 Sunset St, Seattle, WA 98101",Cargadores
Wired Headphones,1,11.99,2022-02-05,"176 Dogwood St, Dallas, TX 75001",Auriculares
27in FHD Monitor,1,149.99,2022-02-10,"90 Chestnut St, Seattle, WA 98101",Monitores
AA Batteries (4-pack),1,3.84,2022-02-09,"796 4th St, Portland, OR 97035",Pilas
AAA Batteries (4-pack),1,2.99,2022-02-06,"821 West St, Los Angeles, CA 90001",Pilas
AA Batteries (4-pack),3,3.84,2022-02-06,"822 12th St, San Francisco, CA 94016",Pilas
iPhone,1,700,2022-02-03,"395 1st St, Austin, TX 73301",Teléfonos
Wired Headphones,1,11.99,2022-02-03,"395 1st St, Austin, TX 73301",Auriculares
Bose SoundSport Headphones,1,99.99,2022-02-03,"677 7th St, New York City, NY 10001",Auriculares
Apple Airpods Headphones,1,150,2022-02-02,"486 Lakeview St, New York City, NY 10001",Auriculares
Apple Airpods Headphones,1,150,2022-02-11,"597 5th St, Los Angeles, CA 90001",Auriculares
Vareebadd Phone,1,400,2022-02-05,"597 2nd St, Los Angeles, CA 90001",Teléfonos
Wired Headphones,1,11.99,2022-02-05,"597 2nd St, Los Angeles, CA 90001",Auriculares
AAA Batteries (4-pack),1,2.99,2022-02-07,"789 1st St, Los Angeles, CA 90001",Pilas
AA Batteries (4-pack),1,3.84,2022-02-10,"563 Pine St, Seattle, WA 98101",Pilas
Lightning Charging Cable,1,14.95,2022-02-10,"531 Sunset St, New York City, NY 10001",Cargadores
20in Monitor,1,109.99,2022-02-11,"787 Walnut St, Dallas, TX 75001",Monitores
AA Batteries (4-pack),1,3.84,2022-02-05,"150 Lakeview St, Los Angeles, CA 90001",Pilas
Lightning Charging Cable,1,14.95,2022-02-05,"122 9th St, Los Angeles, CA 90001",Cargadores
34in Ultrawide Monitor,1,379.99,2022-02-07,"508 7th St, Boston, MA 02215",Monitores
27in 4K Gaming Monitor,1,389.99,2022-02-11,"371 Jackson St, San Francisco, CA 94016",Monitores
Apple Airpods Headphones,1,150,2022-02-08,"727 Elm St, Dallas, TX 75001",Auriculares
Google Phone,1,600,2022-02-04,"64 Washington St, San Francisco, CA 94016",Teléfonos
USB-C Charging Cable,1,11.95,2022-02-10,"961 14th St, San Francisco, CA 94016",Cargadores
34in Ultrawide Monitor,1,379.99,2022-02-11,"8 South St, Los Angeles, CA 90001",Monitores
Wired Headphones,1,11.99,2022-02-06,"487 6th St, San Francisco, CA 94016",Auriculares
Wired Headphones,1,11.99,2022-02-05,"162 Meadow St, Atlanta, GA 30301",Auriculares
27in FHD Monitor,1,149.99,2022-02-12,"169 Lincoln St, Seattle, WA 98101",Monitores
Lightning Charging Cable,1,14.95,2022-02-07,"359 Highland St, Dallas, TX 75001",Cargadores
Wired Headphones,1,11.99,2022-02-07,"383 Elm St, New York City, NY 10001",Auriculares
27in 4K Gaming Monitor,1,389.99,2022-02-07,"441 Hill St, Austin, TX 73301",Monitores
iPhone,1,700,2022-02-10,"689 Dogwood St, Los Angeles, CA 90001",Teléfonos
USB-C Charging Cable,1,11.95,2022-02-01,"485 Lincoln St, Seattle, WA 98101",Cargadores
LG Washing Machine,1,600.0,2022-02-03,"48 Lake St, Los Angeles, CA 90001",Electrodomésticos
Apple Airpods Headphones,1,150,2022-02-06,"827 4th St, New York City, NY 10001",Auriculares
Macbook Pro Laptop,1,1700,2022-02-01,"624 Johnson St, Boston, MA 02215",Portátiles
AA Batteries (4-pack),1,3.84,2022-02-06,"686 9th St, Dallas, TX 75001",Pilas
USB-C Charging Cable,1,11.95,2022-02-12,"828 Cedar St, Los Angeles, CA 90001",Cargadores
AAA Batteries (4-pack),2,2.99,2022-02-02,"113 River St, Atlanta, GA 30301",Pilas
AA Batteries (4-pack),1,3.84,2022-02-01,"944 West St, Los Angeles, CA 90001",Pilas
27in 4K Gaming Monitor,1,389.99,2022-02-01,"944 West St, Los Angeles, CA 90001",Monitores
iPhone,1,700,2022-02-06,"890 Sunset St, San Francisco, CA 94016",Teléfonos
Wired Headphones,1,11.99,2022-02-06,"890 Sunset St, San Francisco, CA 94016",Auriculares
20in Monitor,1,109.99,2022-02-03,"416 Dogwood St, Los Angeles, CA 90001",Monitores
Wired Headphones,1,11.99,2022-02-10,"747 Jackson St, Boston, MA 02215",Auriculares
USB-C Charging Cable,1,11.95,2022-02-12,"551 Maple St, Boston, MA 02215",Cargadores
USB-C Charging Cable,1,11.95,2022-02-04,"114 Hill St, Los Angeles, CA 90001",Cargadores
AA Batteries (4-pack),1,3.84,2022-02-12,"914 Willow St, San Francisco, CA 94016",Pilas
Wired Headphones,1,11.99,2022-02-03,"999 10th St, Los Angeles, CA 90001",Auriculares
Wired Headphones,1,11.99,2022-02-06,"715 Jefferson St, San Francisco, CA 94016",Auriculares
Wired Headphones,1,11.99,2022-02-04,"464 Jackson St, Portland, OR 97035",Auriculares
AA Batteries (4-pack),1,3.84,2022-02-03,"316 Meadow St, Dallas, TX 75001",Pilas
Lightning Charging Cable,1,14.95,2022-02-12,"859 Highland St, Dallas, TX 75001",Cargadores
USB-C Charging Cable,1,11.95,2022-02-05,"116 5th St, Seattle, WA 98101",Cargadores
AA Batteries (4-pack),1,3.84,2022-02-06,"762 8th St, Los Angeles, CA 90001",Pilas
20in Monitor,1,109.99,2022-02-03,"102 2nd St, New York City, NY 10001",Monitores
Lightning Charging Cable,1,14.95,2022-02-03,"865 11th St, Boston, MA 02215",Cargadores
Wired Headphones,2,11.99,2022-02-09,"454 Spruce St, Atlanta, GA 30301",Auriculares
Bose SoundSport Headphones,1,99.99,2022-02-12,"776 Meadow St, Dallas, TX 75001",Auriculares
Bose SoundSport Headphones,1,99.99,2022-02-09,"461 Dogwood St, San Francisco, CA 94016",Auriculares
Apple Airpods Headphones,1,150,2022-02-01,"689 9th St, Atlanta, GA 30301",Auriculares
iPhone,1,700,2022-02-01,"689 9th St, Atlanta, GA 30301",Teléfonos
Bose SoundSport Headphones,1,99.99,2022-02-04,"538 Chestnut St, Los Angeles, CA 90001",Auriculares
AA Batteries (4-pack),1,3.84,2022-02-05,"409 Elm St, Portland, ME 04101",Pilas
Wired Headphones,1,11.99,2022-02-11,"608 Main St, Boston, MA 02215",Auriculares
27in FHD Monitor,1,149.99,2022-02-02,"785 Adams St, Austin, TX 73301",Monitores
AA Batteries (4-pack),1,3.84,2022-02-05,"739 Church St, Dallas, TX 75001",Pilas
Lightning Charging Cable,1,14.95,2022-02-09,"498 1st St, Boston, MA 02215",Cargadores
USB-C Charging Cable,1,11.95,2022-02-04,"893 Pine St, Portland, OR 97035",Cargadores
Lightning Charging Cable,1,14.95,2022-02-04,"410 Highland St, Portland, OR 97035",Cargadores
LG Washing Machine,1,600.0,2022-02-10,"24 Lakeview St, Los Angeles, CA 90001",Electrodomésticos
iPhone,1,700,2022-02-02,"499 Maple St, New York City, NY 10001",Teléfonos
Lightning Charging Cable,1,14.95,2022-02-02,"499 Maple St, New York City, NY 10001",Cargadores
AAA Batteries (4-pack),1,2.99,2022-02-08,"864 14th St, New York City, NY 10001",Pilas
AA Batteries (4-pack),2,3.84,2022-02-06,"954 10th St, Atlanta, GA 30301",Pilas
Vareebadd Phone,1,400,2022-02-05,"925 Walnut St, San Francisco, CA 94016",Teléfonos
Flatscreen TV,1,300,2022-02-12,"750 Main St, Seattle, WA 98101",Televisores
AA Batteries (4-pack),1,3.84,2022-02-11,"801 11th St, Seattle, WA 98101",Pilas
Wired Headphones,1,11.99,2022-02-11,"801 11th St, Seattle, WA 98101",Auriculares
Wired Headphones,1,11.99,2022-02-01,"248 Pine St, Los Angeles, CA 90001",Auriculares
27in FHD Monitor,1,149.99,2022-02-07,"740 Lake St, Los Angeles, CA 90001",Monitores
AAA Batteries (4-pack),1,2.99,2022-02-05,"50 Johnson St, Los Angeles, CA 90001",Pilas
ThinkPad Laptop,1,999.99,2022-02-04,"779 2nd St, New York City, NY 10001",Portátiles
27in 4K Gaming Monitor,1,389.99,2022-02-09,"73 Maple St, San Francisco, CA 94016",Monitores
Lightning Charging Cable,1,14.95,2022-02-09,"504 Madison St, Portland, OR 97035",Cargadores
27in FHD Monitor,1,149.99,2022-02-08,"804 5th St, Atlanta, GA 30301",Monitores
AAA Batteries (4-pack),1,2.99,2022-02-05,"385 Hill St, New York City, NY 10001",Pilas
Apple Airpods Headphones,1,150,2022-02-03,"390 Maple St, Dallas, TX 75001",Auriculares
Wired Headphones,1,11.99,2022-02-01,"139 2nd St, Los Angeles, CA 90001",Auriculares
20in Monitor,1,109.99,2022-02-02,"401 11th St, Los Angeles, CA 90001",Monitores
Wired Headphones,2,11.99,2022-02-02,"167 Lake St, Atlanta, GA 30301",Auriculares
27in 4K Gaming Monitor,1,389.99,2022-02-08,"486 Maple St, New York City, NY 10001",Monitores
Lightning Charging Cable,1,14.95,2022-02-11,"927 Dogwood St, Boston, MA 02215",Cargadores
Bose SoundSport Headphones,1,99.99,2022-02-01,"32 6th St, San Francisco, CA 94016",Auriculares
Bose SoundSport Headphones,1,99.99,2022-02-10,"62 13th St, Los Angeles, CA 90001",Auriculares
AAA Batteries (4-pack),1,2.99,2022-02-02,"371 Johnson St, Dallas, TX 75001",Pilas
iPhone,1,700,2022-02-11,"438 10th St, San Francisco, CA 94016",Teléfonos
Wired Headphones,1,11.99,2022-02-11,"438 10th St, San Francisco, CA 94016",Auriculares
Wired Headphones,1,11.99,2022-02-09,"86 Lakeview St, San Francisco, CA 94016",Auriculares
USB-C Charging Cable,1,11.95,2022-02-07,"173 Wilson St, Atlanta, GA 30301",Cargadores
AAA Batteries (4-pack),3,2.99,2022-02-01,"256 Spruce St, Atlanta, GA 30301",Pilas
27in FHD Monitor,1,149.99,2022-02-01,"72 5th St, San Francisco, CA 94016",Monitores
Wired Headphones,1,11.99,2022-02-05,"207 6th St, San Francisco, CA 94016",Auriculares
Wired Headphones,1,11.99,2022-02-04,"802 Main St, Seattle, WA 98101",Auriculares
Apple Airpods Headphones,1,150,2022-02-12,"667 Spruce St, Austin, TX 73301",Auriculares
Apple Airpods Headphones,1,150,2022-02-01,"917 6th St, Boston, MA 02215",Auriculares
Wired Headphones,1,11.99,2022-02-08,"159 Highland St, Boston, MA 02215",Auriculares
USB-C Charging Cable,1,11.95,2022-02-02,"591 11th St, Dallas, TX 75001",Cargadores
AAA Batteries (4-pack),1,2.99,2022-02-08,"211 Madison St, Atlanta, GA 30301",Pilas
27in FHD Monitor,1,149.99,2022-02-09,"740 Meadow St, Dallas, TX 75001",Monitores
AAA Batteries (4-pack),1,2.99,2022-02-01,"636 Dogwood St, Austin, TX 73301",Pilas
Flatscreen TV,1,300,2022-02-11,"891 Elm St, Los Angeles, CA 90001",Televisores
Apple Airpods Headphones,1,150,2022-02-08,"659 Maple St, Austin, TX 73301",Auriculares
Bose SoundSport Headphones,1,99.99,2022-02-06,"194 Cedar St, Boston, MA 02215",Auriculares
AAA Batteries (4-pack),1,2.99,2022-02-06,"274 Spruce St, Los Angeles, CA 90001",Pilas
Macbook Pro Laptop,1,1700,2022-02-10,"391 10th St, Seattle, WA 98101",Portátiles
USB-C Charging Cable,1,11.95,2022-02-05,"616 12th St, New York City, NY 10001",Cargadores
USB-C Charging Cable,1,11.95,2022-02-03,"317 Madison St, Los Angeles, CA 90001",Cargadores
Flatscreen TV,1,300,2022-02-11,"720 Forest St, Los Angeles, CA 90001",Televisores
Lightning Charging Cable,1,14.95,2022-02-05,"310 11th St, Boston, MA 02215",Cargadores
27in 4K Gaming Monitor,1,389.99,2022-02-06,"891 8th St, Atlanta, GA 30301",Monitores
20in Monitor,1,109.99,2022-02-01,"20 Hill St, Los Angeles, CA 90001",Monitores
USB-C Charging Cable,1,11.95,2022-02-06,"803 13th St, San Francisco, CA 94016",Cargadores
ThinkPad Laptop,1,999.99,2022-02-01,"268 2nd St, San Francisco, CA 94016",Portátiles
Flatscreen TV,1,300,2022-02-06,"125 Washington St, Seattle, WA 98101",Televisores
Wired Headphones,1,11.99,2022-02-03,"351 Maple St, San Francisco, CA 94016",Auriculares
Bose SoundSport Headphones,1,99.99,2022-02-03,"351 Maple St, San Francisco, CA 94016",Auriculares
USB-C Charging Cable,1,11.95,2022-02-06,"951 1st St, San Francisco, CA 94016",Cargadores
Flatscreen TV,1,300,2022-02-07,"735 Chestnut St, New York City, NY 10001",Televisores
Bose SoundSport Headphones,1,99.99,2022-02-05,"68 Pine St, Los Angeles, CA 90001",Auriculares
Lightning Charging Cable,1,14.95,2022-02-10,"786 Park St, San Francisco, CA 94016",Cargadores
AA Batteries (4-pack),1,3.84,2022-02-07,"477 Walnut St, Boston, MA 02215",Pilas
USB-C Charging Cable,1,11.95,2022-02-08,"786 Cherry St, San Francisco, CA 94016",Cargadores
27in FHD Monitor,1,149.99,2022-02-07,"781 7th St, New York City, NY 10001",Monitores
Lightning Charging Cable,1,14.95,2022-02-01,"144 4th St, New York City, NY 10001",Cargadores
AAA Batteries (4-pack),1,2.99,2022-02-01,"144 4th St, New York City, NY 10001",Pilas
iPhone,1,700,2022-02-07,"620 Johnson St, Seattle, WA 98101",Teléfonos
Wired Headphones,1,11.99,2022-02-07,"620 Johnson St, Seattle, WA 98101",Auriculares
27in FHD Monitor,1,149.99,2022-02-03,"473 Park St, New York City, NY 10001",Monitores
AAA Batteries (4-pack),1,2.99,2022-02-02,"88 South St, New York City, NY 10001",Pilas
Flatscreen TV,1,300,2022-02-04,"14 Sunset St, Los Angeles, CA 90001",Televisores
Lightning Charging Cable,1,14.95,2022-02-11,"392 Chestnut St, San Francisco, CA 94016",Cargadores
USB-C Charging Cable,3,11.95,2022-02-03,"907 Cherry St, Los Angeles, CA 90001",Cargadores
Apple Airpods Headphones,1,150,2022-02-09,"265 Ridge St, San Francisco, CA 94016",Auriculares
USB-C Charging Cable,1,11.95,2022-02-09,"665 Adams St, San Francisco, CA 94016",Cargadores
Wired Headphones,1,11.99,2022-02-06,"399 Johnson St, Los Angeles, CA 90001",Auriculares
Bose SoundSport Headphones,1,99.99,2022-02-04,"341 Lincoln St, San Francisco, CA 94016",Auriculares
27in 4K Gaming Monitor,1,389.99,2022-02-06,"637 Adams St, Seattle, WA 98101",Monitores
USB-C Charging Cable,1,11.95,2022-02-09,"232 Elm St, Atlanta, GA 30301",Cargadores
Bose SoundSport Headphones,1,99.99,2022-02-03,"517 Wilson St, Los Angeles, CA 90001",Auriculares
ThinkPad Laptop,1,999.99,2022-02-07,"264 Hill St, Los Angeles, CA 90001",Portátiles
ThinkPad Laptop,1,999.99,2022-02-03,"51 Meadow St, Los Angeles, CA 90001",Portátiles
Apple Airpods Headphones,1,150,2022-02-03,"178 Willow St, San Francisco, CA 94016",Auriculares
USB-C Charging Cable,1,11.95,2022-02-07,"817 Hickory St, Los Angeles, CA 90001",Cargadores
Google Phone,1,600,2022-02-11,"602 Dogwood St, Dallas, TX 75001",Teléfonos
Wired Headphones,1,11.99,2022-02-06,"189 5th St, Dallas, TX 75001",Auriculares
Apple Airpods Headphones,1,150,2022-02-10,"868 Wilson St, Dallas, TX 75001",Auriculares
Wired Headphones,1,11.99,2022-02-05,"657 6th St, Atlanta, GA 30301",Auriculares
27in FHD Monitor,1,149.99,2022-02-09,"125 Spruce St, Portland, OR 97035",Monitores
34in Ultrawide Monitor,1,379.99,2022-02-10,"765 Sunset St, Los Angeles, CA 90001",Monitores
USB-C Charging Cable,1,11.95,2022-02-02,"317 West St, San Francisco, CA 94016",Cargadores
Bose SoundSport Headphones,1,99.99,2022-02-01,"805 Pine St, Dallas, TX 75001",Auriculares
Lightning Charging Cable,1,14.95,2022-02-09,"361 Lincoln St, Los Angeles, CA 90001",Cargadores
Wired Headphones,1,11.99,2022-02-01,"487 9th St, Dallas, TX 75001",Auriculares
AA Batteries (4-pack),1,3.84,2022-02-11,"552 Hickory St, Boston, MA 02215",Pilas
AA Batteries (4-pack),1,3.84,2022-02-01,"544 South St, Austin, TX 73301",Pilas
AA Batteries (4-pack),1,3.84,2022-02-07,"205 Walnut St, Atlanta, GA 30301",Pilas
AAA Batteries (4-pack),4,2.99,2022-02-02,"275 Maple St, Los Angeles, CA 90001",Pilas
34in Ultrawide Monitor,1,379.99,2022-02-09,"915 6th St, Austin, TX 73301",Monitores
Apple Airpods Headphones,1,150,2022-02-02,"160 11th St, New York City, NY 10001",Auriculares
iPhone,1,700,2022-02-10,"481 Adams St, New York City, NY 10001",Teléfonos
27in FHD Monitor,1,149.99,2022-02-08,"807 Maple St, San Francisco, CA 94016",Monitores
USB-C Charging Cable,1,11.95,2022-02-12,"819 12th St, New York City, NY 10001",Cargadores
AAA Batteries (4-pack),2,2.99,2022-02-04,"414 Cedar St, Los Angeles, CA 90001",Pilas
Google Phone,1,600,2022-02-02,"227 Lincoln St, Los Angeles, CA 90001",Teléfonos
Wired Headphones,1,11.99,2022-02-02,"302 Lakeview St, Los Angeles, CA 90001",Auriculares
Bose SoundSport Headphones,1,99.99,2022-02-08,"474 Highland St, Seattle, WA 98101",Auriculares
Wired Headphones,1,11.99,2022-02-03,"459 Hickory St, Boston, MA 02215",Auriculares
Google Phone,1,600,2022-02-10,"595 2nd St, San Francisco, CA 94016",Teléfonos
USB-C Charging Cable,1,11.95,2022-02-10,"595 2nd St, San Francisco, CA 94016",Cargadores
27in FHD Monitor,1,149.99,2022-02-04,"915 11th St, New York City, NY 10001",Monitores
Apple Airpods Headphones,1,150,2022-02-04,"752 10th St, Dallas, TX 75001",Auriculares
27in 4K Gaming Monitor,1,389.99,2022-02-06,"46 Spruce St, San Francisco, CA 94016",Monitores
iPhone,1,700,2022-02-05,"232 Cherry St, Atlanta, GA 30301",Teléfonos
Wired Headphones,1,11.99,2022-02-05,"232 Cherry St, Atlanta, GA 30301",Auriculares
AAA Batteries (4-pack),1,2.99,2022-02-03,"140 Ridge St, Los Angeles, CA 90001",Pilas
Wired Headphones,1,11.99,2022-02-03,"922 Forest St, San Francisco, CA 94016",Auriculares
Apple Airpods Headphones,1,150,2022-02-08,"12 Adams St, New York City, NY 10001",Auriculares
27in FHD Monitor,1,149.99,2022-02-05,"86 1st St, Seattle, WA 98101",Monitores
Flatscreen TV,1,300,2022-02-12,"299 13th St, New York City, NY 10001",Televisores
20in Monitor,1,109.99,2022-02-10,"889 Maple St, Boston, MA 02215",Monitores
Google Phone,1,600,2022-02-09,"799 Jackson St, Boston, MA 02215",Teléfonos
Wired Headphones,1,11.99,2022-02-10,"610 Highland St, Seattle, WA 98101",Auriculares
USB-C Charging Cable,1,11.95,2022-02-02,"601 Madison St, San Francisco, CA 94016",Cargadores
AA Batteries (4-pack),1,3.84,2022-02-02,"727 10th St, Los Angeles, CA 90001",Pilas
Vareebadd Phone,1,400,2022-02-05,"569 Jackson St, San Francisco, CA 94016",Teléfonos
USB-C Charging Cable,1,11.95,2022-02-05,"569 Jackson St, San Francisco, CA 94016",Cargadores
iPhone,1,700,2022-02-04,"751 Wilson St, Austin, TX 73301",Teléfonos
Macbook Pro Laptop,1,1700,2022-02-04,"714 4th St, Boston, MA 02215",Portátiles
AA Batteries (4-pack),1,3.84,2022-02-09,"577 Highland St, New York City, NY 10001",Pilas
iPhone,1,700,2022-02-11,"760 South St, Los Angeles, CA 90001",Teléfonos
Apple Airpods Headphones,1,150,2022-02-10,"899 Wilson St, New York City, NY 10001",Auriculares
AA Batteries (4-pack),1,3.84,2022-02-01,"947 Madison St, San Francisco, CA 94016",Pilas
Apple Airpods Headphones,1,150,2022-02-09,"802 Pine St, Boston, MA 02215",Auriculares
LG Washing Machine,1,600.0,2022-02-04,"748 North St, San Francisco, CA 94016",Electrodomésticos
USB-C Charging Cable,1,11.95,2022-02-11,"914 Sunset St, Austin, TX 73301",Cargadores
iPhone,1,700,2022-02-08,"541 Adams St, Los Angeles, CA 90001",Teléfonos
Lightning Charging Cable,1,14.95,2022-02-09,"302 Dogwood St, San Francisco, CA 94016",Cargadores
USB-C Charging Cable,1,11.95,2022-02-09,"302 Dogwood St, San Francisco, CA 94016",Cargadores
Apple Airpods Headphones,1,150,2022-02-01,"123 Lincoln St, Boston, MA 02215",Auriculares
Wired Headphones,1,11.99,2022-02-04,"974 Elm St, San Francisco, CA 94016",Auriculares
Apple Airpods Headphones,1,150,2022-02-04,"227 Spruce St, New York City, NY 10001",Auriculares
Lightning Charging Cable,1,14.95,2022-02-02,"323 Cedar St, Dallas, TX 75001",Cargadores
USB-C Charging Cable,1,11.95,2022-02-11,"767 Madison St, Seattle, WA 98101",Cargadores
LG Washing Machine,1,600.0,2022-02-05,"992 North St, New York City, NY 10001",Electrodomésticos
Bose SoundSport Headphones,1,99.99,2022-02-05,"992 North St, New York City, NY 10001",Auriculares
ThinkPad Laptop,1,999.99,2022-02-06,"312 Washington St, San Francisco, CA 94016",Portátiles
ThinkPad Laptop,1,999.99,2022-02-06,"769 Lakeview St, Seattle, WA 98101",Portátiles
Wired Headphones,1,11.99,2022-02-01,"969 Main St, Dallas, TX 75001",Auriculares
AA Batteries (4-pack),2,3.84,2022-02-09,"208 8th St, Atlanta, GA 30301",Pilas
27in 4K Gaming Monitor,1,389.99,2022-02-12,"97 Chestnut St, Portland, OR 97035",Monitores
USB-C Charging Cable,1,11.95,2022-02-02,"235 11th St, Los Angeles, CA 90001",Cargadores
Lightning Charging Cable,1,14.95,2022-02-12,"750 West St, Boston, MA 02215",Cargadores
USB-C Charging Cable,1,11.95,2022-02-11,"740 Willow St, Los Angeles, CA 90001",Cargadores
USB-C Charging Cable,1,11.95,2022-02-02,"371 Highland St, Portland, OR 97035",Cargadores
AAA Batteries (4-pack),1,2.99,2022-02-03,"92 11th St, Los Angeles, CA 90001",Pilas
AAA Batteries (4-pack),2,2.99,2022-02-09,"109 5th St, Los Angeles, CA 90001",Pilas
USB-C Charging Cable,1,11.95,2022-02-08,"676 Cherry St, New York City, NY 10001",Cargadores
27in FHD Monitor,1,149.99,2022-02-12,"504 Park St, Los Angeles, CA 90001",Monitores
Bose SoundSport Headphones,1,99.99,2022-02-02,"989 4th St, San Francisco, CA 94016",Auriculares
AA Batteries (4-pack),1,3.84,2022-02-07,"280 Madison St, New York City, NY 10001",Pilas
Flatscreen TV,1,300,2022-02-06,"779 Walnut St, Boston, MA 02215",Televisores
Bose SoundSport Headphones,1,99.99,2022-02-10,"588 Johnson St, Seattle, WA 98101",Auriculares
34in Ultrawide Monitor,1,379.99,2022-02-12,"780 Center St, Dallas, TX 75001",Monitores
USB-C Charging Cable,1,11.95,2022-02-07,"432 2nd St, Dallas, TX 75001",Cargadores
LG Washing Machine,1,600.0,2022-02-11,"766 Dogwood St, Atlanta, GA 30301",Electrodomésticos
AAA Batteries (4-pack),1,2.99,2022-02-02,"731 Willow St, New York City, NY 10001",Pilas
34in Ultrawide Monitor,1,379.99,2022-02-11,"9 Chestnut St, San Francisco, CA 94016",Monitores
Vareebadd Phone,1,400,2022-02-06,"929 Jefferson St, Seattle, WA 98101",Teléfonos
27in FHD Monitor,1,149.99,2022-02-04,"725 Sunset St, Los Angeles, CA 90001",Monitores
Apple Airpods Headphones,1,150,2022-02-06,"245 River St, Portland, OR 97035",Auriculares
27in FHD Monitor,1,149.99,2022-02-08,"816 River St, San Francisco, CA 94016",Monitores
Apple Airpods Headphones,1,150,2022-02-12,"862 9th St, New York City, NY 10001",Auriculares
AA Batteries (4-pack),1,3.84,2022-02-08,"388 Cedar St, Dallas, TX 75001",Pilas
Bose SoundSport Headphones,1,99.99,2022-02-08,"14 Meadow St, Atlanta, GA 30301",Auriculares
AA Batteries (4-pack),2,3.84,2022-02-08,"301 9th St, Los Angeles, CA 90001",Pilas
27in FHD Monitor,1,149.99,2022-02-10,"827 Main St, San Francisco, CA 94016",Monitores
AA Batteries (4-pack),2,3.84,2022-02-07,"454 Ridge St, San Francisco, CA 94016",Pilas
Flatscreen TV,1,300,2022-02-01,"346 8th St, Los Angeles, CA 90001",Televisores
Lightning Charging Cable,1,14.95,2022-02-01,"773 Johnson St, San Francisco, CA 94016",Cargadores
Wired Headphones,1,11.99,2022-02-04,"634 Elm St, Dallas, TX 75001",Auriculares
AA Batteries (4-pack),2,3.84,2022-02-02,"4 6th St, San Francisco, CA 94016",Pilas
AAA Batteries (4-pack),1,2.99,2022-02-05,"853 Wilson St, New York City, NY 10001",Pilas
27in FHD Monitor,1,149.99,2022-02-05,"982 Jefferson St, San Francisco, CA 94016",Monitores
AA Batteries (4-pack),1,3.84,2022-02-08,"459 14th St, Boston, MA 02215",Pilas
Lightning Charging Cable,1,14.95,2022-02-09,"148 Dogwood St, Los Angeles, CA 90001",Cargadores
Apple Airpods Headphones,1,150,2022-02-08,"746 Jackson St, New York City, NY 10001",Auriculares
Bose SoundSport Headphones,1,99.99,2022-02-03,"632 Wilson St, San Francisco, CA 94016",Auriculares
Lightning Charging Cable,1,14.95,2022-02-05,"517 River St, San Francisco, CA 94016",Cargadores
ThinkPad Laptop,1,999.99,2022-02-05,"524 South St, Boston, MA 02215",Portátiles
Lightning Charging Cable,1,14.95,2022-02-03,"702 Forest St, Austin, TX 73301",Cargadores
Lightning Charging Cable,1,14.95,2022-02-09,"67 Sunset St, New York City, NY 10001",Cargadores
27in 4K Gaming Monitor,1,389.99,2022-02-06,"447 Main St, Boston, MA 02215",Monitores
34in Ultrawide Monitor,1,379.99,2022-02-02,"408 Cedar St, Los Angeles, CA 90001",Monitores
Apple Airpods Headphones,1,150,2022-02-02,"898 Hill St, Los Angeles, CA 90001",Auriculares
USB-C Charging Cable,1,11.95,2022-02-03,"200 12th St, Atlanta, GA 30301",Cargadores
Bose SoundSport Headphones,1,99.99,2022-02-06,"688 North St, Los Angeles, CA 90001",Auriculares
Bose SoundSport Headphones,1,99.99,2022-02-08,"296 Johnson St, Austin, TX 73301",Auriculares
USB-C Charging Cable,1,11.95,2022-02-10,"275 Center St, San Francisco, CA 94016",Cargadores
Bose SoundSport Headphones,1,99.99,2022-02-12,"805 River St, San Francisco, CA 94016",Auriculares
USB-C Charging Cable,1,11.95,2022-02-09,"759 Main St, San Francisco, CA 94016",Cargadores
AA Batteries (4-pack),3,3.84,2022-02-09,"792 Highland St, Boston, MA 02215",Pilas
Lightning Charging Cable,1,14.95,2022-02-05,"575 Jackson St, Los Angeles, CA 90001",Cargadores
AA Batteries (4-pack),1,3.84,2022-02-04,"55 Jackson St, Boston, MA 02215",Pilas
AA Batteries (4-pack),1,3.84,2022-02-05,"213 10th St, Los Angeles, CA 90001",Pilas
USB-C Charging Cable,1,11.95,2022-02-03,"929 1st St, New York City, NY 10001",Cargadores
AA Batteries (4-pack),1,3.84,2022-02-12,"766 Hill St, San Francisco, CA 94016",Pilas
27in 4K Gaming Monitor,1,389.99,2022-02-07,"923 5th St, San Francisco, CA 94016",Monitores
Apple Airpods Headphones,1,150,2022-02-05,"102 Pine St, San Francisco, CA 94016",Auriculares
Flatscreen TV,1,300,2022-02-08,"562 Jackson St, Dallas, TX 75001",Televisores
LG Washing Machine,1,600.0,2022-02-09,"505 8th St, Atlanta, GA 30301",Electrodomésticos
USB-C Charging Cable,1,11.95,2022-02-10,"106 Dogwood St, Dallas, TX 75001",Cargadores
27in 4K Gaming Monitor,1,389.99,2022-02-11,"23 Highland St, Portland, OR 97035",Monitores
27in FHD Monitor,1,149.99,2022-02-04,"569 Chestnut St, San Francisco, CA 94016",Monitores
Bose SoundSport Headphones,1,99.99,2022-02-07,"387 Pine St, San Francisco, CA 94016",Auriculares
Wired Headphones,1,11.99,2022-02-01,"289 Maple St, San Francisco, CA 94016",Auriculares
34in Ultrawide Monitor,1,379.99,2022-02-07,"460 Church St, Portland, OR 97035",Monitores
AA Batteries (4-pack),1,3.84,2022-02-05,"221 Madison St, San Francisco, CA 94016",Pilas
iPhone,1,700,2022-02-02,"359 12th St, Los Angeles, CA 90001",Teléfonos
AA Batteries (4-pack),2,3.84,2022-02-11,"29 Adams St, Atlanta, GA 30301",Pilas
Wired Headphones,1,11.99,2022-02-08,"522 6th St, New York City, NY 10001",Auriculares
AAA Batteries (4-pack),1,2.99,2022-02-06,"207 Walnut St, Seattle, WA 98101",Pilas
Wired Headphones,1,11.99,2022-02-11,"479 7th St, San Francisco, CA 94016",Auriculares
Bose SoundSport Headphones,1,99.99,2022-02-03,"970 Spruce St, Boston, MA 02215",Auriculares
Lightning Charging Cable,1,14.95,2022-02-07,"380 12th St, Austin, TX 73301",Cargadores
Macbook Pro Laptop,1,1700,2022-02-06,"650 13th St, New York City, NY 10001",Portátiles
20in Monitor,1,109.99,2022-02-11,"130 Walnut St, Austin, TX 73301",Monitores
20in Monitor,1,109.99,2022-02-04,"980 2nd St, Seattle, WA 98101",Monitores
ThinkPad Laptop,1,999.99,2022-02-06,"279 Wilson St, Boston, MA 02215",Portátiles
USB-C Charging Cable,1,11.95,2022-02-08,"998 11th St, Boston, MA 02215",Cargadores
AA Batteries (4-pack),1,3.84,2022-02-01,"292 2nd St, Dallas, TX 75001",Pilas
iPhone,1,700,2022-02-09,"2 Cherry St, San Francisco, CA 94016",Teléfonos
Lightning Charging Cable,1,14.95,2022-02-09,"2 Cherry St, San Francisco, CA 94016",Cargadores
AAA Batteries (4-pack),1,2.99,2022-02-02,"413 Jefferson St, Los Angeles, CA 90001",Pilas
Lightning Charging Cable,1,14.95,2022-02-03,"300 Ridge St, Atlanta, GA 30301",Cargadores
USB-C Charging Cable,1,11.95,2022-02-03,"642 Hill St, New York City, NY 10001",Cargadores
Flatscreen TV,1,300,2022-02-09,"664 Willow St, Seattle, WA 98101",Televisores
Macbook Pro Laptop,1,1700,2022-02-12,"721 Spruce St, Atlanta, GA 30301",Portátiles
Lightning Charging Cable,1,14.95,2022-02-05,"606 10th St, New York City, NY 10001",Cargadores
AAA Batteries (4-pack),2,2.99,2022-02-07,"987 South St, Los Angeles, CA 90001",Pilas
34in Ultrawide Monitor,1,379.99,2022-02-02,"449 Pine St, Boston, MA 02215",Monitores
Flatscreen TV,1,300,2022-02-02,"437 Madison St, Atlanta, GA 30301",Televisores
27in 4K Gaming Monitor,1,389.99,2022-02-12,"942 North St, San Francisco, CA 94016",Monitores
iPhone,1,700,2022-02-07,"419 Meadow St, San Francisco, CA 94016",Teléfonos
USB-C Charging Cable,1,11.95,2022-02-03,"451 Elm St, Atlanta, GA 30301",Cargadores
Wired Headphones,1,11.99,2022-02-09,"439 West St, Los Angeles, CA 90001",Auriculares
27in FHD Monitor,1,149.99,2022-02-02,"999 Adams St, Austin, TX 73301",Monitores
USB-C Charging Cable,1,11.95,2022-02-07,"500 South St, Dallas, TX 75001",Cargadores
Lightning Charging Cable,1,14.95,2022-02-01,"88 Ridge St, Seattle, WA 98101",Cargadores
Flatscreen TV,1,300,2022-02-09,"9 Johnson St, Atlanta, GA 30301",Televisores
Lightning Charging Cable,1,14.95,2022-02-10,"909 Cedar St, San Francisco, CA 94016",Cargadores
USB-C Charging Cable,1,11.95,2022-02-01,"490 Chestnut St, Atlanta, GA 30301",Cargadores
34in Ultrawide Monitor,1,379.99,2022-02-02,"118 South St, San Francisco, CA 94016",Monitores
Wired Headphones,2,11.99,2022-02-04,"578 Highland St, Boston, MA 02215",Auriculares
Flatscreen TV,1,300,2022-02-12,"929 Park St, Portland, ME 04101",Televisores
USB-C Charging Cable,1,11.95,2022-02-06,"63 Center St, New York City, NY 10001",Cargadores
Wired Headphones,1,11.99,2022-02-04,"332 River St, New York City, NY 10001",Auriculares
Apple Airpods Headphones,1,150,2022-02-07,"389 Hill St, Los Angeles, CA 90001",Auriculares
iPhone,1,700,2022-02-09,"880 11th St, New York City, NY 10001",Teléfonos
Lightning Charging Cable,1,14.95,2022-02-10,"11 North St, New York City, NY 10001",Cargadores
Lightning Charging Cable,1,14.95,2022-02-01,"538 Main St, San Francisco, CA 94016",Cargadores
Lightning Charging Cable,1,14.95,2022-02-01,"725 Center St, Los Angeles, CA 90001",Cargadores
iPhone,1,700,2022-02-02,"953 Hickory St, Los Angeles, CA 90001",Teléfonos
Wired Headphones,1,11.99,2022-02-02,"953 Hickory St, Los Angeles, CA 90001",Auriculares
Apple Airpods Headphones,1,150,2022-02-11,"397 Wilson St, New York City, NY 10001",Auriculares
Bose SoundSport Headphones,1,99.99,2022-02-08,"66 Washington St, Los Angeles, CA 90001",Auriculares
Google Phone,1,600,2022-02-06,"188 14th St, Boston, MA 02215",Teléfonos
USB-C Charging Cable,1,11.95,2022-02-06,"188 14th St, Boston, MA 02215",Cargadores
Bose SoundSport Headphones,1,99.99,2022-02-03,"740 4th St, Atlanta, GA 30301",Auriculares
Apple Airpods Headphones,1,150,2022-02-02,"594 6th St, Portland, OR 97035",Auriculares
USB-C Charging Cable,2,11.95,2022-02-12,"364 Center St, Los Angeles, CA 90001",Cargadores
AA Batteries (4-pack),1,3.84,2022-02-04,"161 Forest St, Boston, MA 02215",Pilas
27in FHD Monitor,1,149.99,2022-02-01,"380 Meadow St, Boston, MA 02215",Monitores
Lightning Charging Cable,1,14.95,2022-02-04,"195 Johnson St, San Francisco, CA 94016",Cargadores
ThinkPad Laptop,1,999.99,2022-02-07,"881 Adams St, New York City, NY 10001",Portátiles
Macbook Pro Laptop,1,1700,2022-02-01,"190 10th St, San Francisco, CA 94016",Portátiles
AA Batteries (4-pack),1,3.84,2022-02-06,"932 8th St, Boston, MA 02215",Pilas
Apple Airpods Headphones,1,150,2022-02-11,"10 Sunset St, San Francisco, CA 94016",Auriculares
AA Batteries (4-pack),1,3.84,2022-02-02,"13 Hickory St, Dallas, TX 75001",Pilas
34in Ultrawide Monitor,1,379.99,2022-02-11,"877 1st St, Atlanta, GA 30301",Monitores
Wired Headphones,1,11.99,2022-02-10,"927 Church St, Los Angeles, CA 90001",Auriculares
Bose SoundSport Headphones,1,99.99,2022-02-03,"357 9th St, San Francisco, CA 94016",Auriculares
Bose SoundSport Headphones,1,99.99,2022-02-08,"696 14th St, San Francisco, CA 94016",Auriculares
Macbook Pro Laptop,1,1700,2022-02-08,"765 4th St, Boston, MA 02215",Portátiles
Wired Headphones,1,11.99,2022-02-11,"117 Lake St, San Francisco, CA 94016",Auriculares
Macbook Pro Laptop,1,1700,2022-02-12,"430 Park St, San Francisco, CA 94016",Portátiles
27in FHD Monitor,1,149.99,2022-02-05,"338 2nd St, Seattle, WA 98101",Monitores
Wired Headphones,1,11.99,2022-02-09,"525 Spruce St, Los Angeles, CA 90001",Auriculares
20in Monitor,1,109.99,2022-02-04,"353 Lake St, San Francisco, CA 94016",Monitores
Bose SoundSport Headphones,1,99.99,2022-02-01,"653 Ridge St, Austin, TX 73301",Auriculares
USB-C Charging Cable,1,11.95,2022-02-11,"912 Elm St, New York City, NY 10001",Cargadores
Apple Airpods Headphones,1,150,2022-02-05,"176 13th St, Los Angeles, CA 90001",Auriculares
AAA Batteries (4-pack),1,2.99,2022-02-01,"493 12th St, New York City, NY 10001",Pilas
27in FHD Monitor,1,149.99,2022-02-07,"324 13th St, Portland, OR 97035",Monitores
AAA Batteries (4-pack),1,2.99,2022-02-09,"595 Walnut St, Portland, OR 97035",Pilas
Bose SoundSport Headphones,1,99.99,2022-02-01,"218 Madison St, Dallas, TX 75001",Auriculares
Lightning Charging Cable,1,14.95,2022-02-05,"728 Lake St, New York City, NY 10001",Cargadores
iPhone,1,700,2022-02-09,"425 1st St, Boston, MA 02215",Teléfonos
AA Batteries (4-pack),1,3.84,2022-02-03,"229 Center St, Dallas, TX 75001",Pilas
Vareebadd Phone,1,400,2022-02-03,"417 8th St, Los Angeles, CA 90001",Teléfonos
iPhone,1,700,2022-02-07,"174 5th St, San Francisco, CA 94016",Teléfonos
Lightning Charging Cable,1,14.95,2022-02-07,"174 5th St, San Francisco, CA 94016",Cargadores
USB-C Charging Cable,1,11.95,2022-02-04,"346 8th St, Los Angeles, CA 90001",Cargadores
LG Dryer,1,600.0,2022-02-02,"68 Lincoln St, New York City, NY 10001",Electrodomésticos
Lightning Charging Cable,1,14.95,2022-02-12,"2 Hickory St, San Francisco, CA 94016",Cargadores
Apple Airpods Headphones,1,150,2022-02-01,"366 Lincoln St, Los Angeles, CA 90001",Auriculares
Lightning Charging Cable,1,14.95,2022-02-04,"864 South St, Atlanta, GA 30301",Cargadores
Lightning Charging Cable,1,14.95,2022-02-05,"308 6th St, Atlanta, GA 30301",Cargadores
Bose SoundSport Headphones,1,99.99,2022-02-08,"894 Cherry St, Atlanta, GA 30301",Auriculares
AA Batteries (4-pack),1,3.84,2022-02-08,"241 Madison St, New York City, NY 10001",Pilas
Apple Airpods Headphones,1,150,2022-02-12,"342 Lakeview St, Seattle, WA 98101",Auriculares
Lightning Charging Cable,1,14.95,2022-02-02,"86 Johnson St, Boston, MA 02215",Cargadores
AA Batteries (4-pack),2,3.84,2022-02-03,"973 Madison St, Seattle, WA 98101",Pilas
20in Monitor,1,109.99,2022-02-04,"430 5th St, Los Angeles, CA 90001",Monitores
Bose SoundSport Headphones,1,99.99,2022-02-12,"467 Walnut St, San Francisco, CA 94016",Auriculares
AA Batteries (4-pack),1,3.84,2022-02-09,"99 Hill St, San Francisco, CA 94016",Pilas
Apple Airpods Headphones,1,150,2022-02-12,"762 13th St, Seattle, WA 98101",Auriculares
Bose SoundSport Headphones,1,99.99,2022-02-10,"373 Adams St, Austin, TX 73301",Auriculares
Lightning Charging Cable,1,14.95,2022-02-12,"327 North St, San Francisco, CA 94016",Cargadores
Lightning Charging Cable,1,14.95,2022-02-09,"855 5th St, Austin, TX 73301",Cargadores
USB-C Charging Cable,1,11.95,2022-02-03,"373 7th St, New York City, NY 10001",Cargadores
AAA Batteries (4-pack),2,2.99,2022-02-01,"787 Washington St, Los Angeles, CA 90001",Pilas
AA Batteries (4-pack),1,3.84,2022-02-06,"239 Hickory St, Los Angeles, CA 90001",Pilas
Wired Headphones,1,11.99,2022-02-11,"434 Willow St, Boston, MA 02215",Auriculares
Apple Airpods Headphones,1,150,2022-02-06,"76 11th St, Los Angeles, CA 90001",Auriculares
Lightning Charging Cable,1,14.95,2022-02-04,"845 Highland St, Austin, TX 73301",Cargadores
27in FHD Monitor,1,149.99,2022-02-09,"538 Elm St, Dallas, TX 75001",Monitores
AA Batteries (4-pack),1,3.84,2022-02-12,"765 Johnson St, San Francisco, CA 94016",Pilas
Google Phone,1,600,2022-02-06,"314 Lakeview St, Atlanta, GA 30301",Teléfonos
Wired Headphones,1,11.99,2022-02-11,"109 8th St, Boston, MA 02215",Auriculares
USB-C Charging Cable,1,11.95,2022-02-01,"415 2nd St, San Francisco, CA 94016",Cargadores
Wired Headphones,1,11.99,2022-02-06,"289 Church St, Dallas, TX 75001",Auriculares
Google Phone,1,600,2022-02-06,"888 River St, New York City, NY 10001",Teléfonos
Wired Headphones,1,11.99,2022-02-02,"640 West St, New York City, NY 10001",Auriculares
LG Dryer,1,600.0,2022-02-04,"741 13th St, Atlanta, GA 30301",Electrodomésticos
AA Batteries (4-pack),2,3.84,2022-02-01,"612 Church St, Los Angeles, CA 90001",Pilas
34in Ultrawide Monitor,1,379.99,2022-02-03,"186 Meadow St, New York City, NY 10001",Monitores
Lightning Charging Cable,1,14.95,2022-02-08,"756 Washington St, Los Angeles, CA 90001",Cargadores
AA Batteries (4-pack),2,3.84,2022-02-11,"846 10th St, Dallas, TX 75001",Pilas
AA Batteries (4-pack),1,3.84,2022-02-09,"15 Madison St, San Francisco, CA 94016",Pilas
Lightning Charging Cable,1,14.95,2022-02-06,"122 Washington St, Dallas, TX 75001",Cargadores
USB-C Charging Cable,1,11.95,2022-02-01,"490 Spruce St, New York City, NY 10001",Cargadores
27in 4K Gaming Monitor,1,389.99,2022-02-12,"126 Cedar St, San Francisco, CA 94016",Monitores
AA Batteries (4-pack),2,3.84,2022-02-02,"418 Pine St, Los Angeles, CA 90001",Pilas
Lightning Charging Cable,1,14.95,2022-02-03,"126 8th St, Atlanta, GA 30301",Cargadores
iPhone,1,700,2022-02-09,"450 9th St, Dallas, TX 75001",Teléfonos
34in Ultrawide Monitor,1,379.99,2022-02-07,"364 Lincoln St, San Francisco, CA 94016",Monitores
Apple Airpods Headphones,1,150,2022-02-07,"801 5th St, Boston, MA 02215",Auriculares
iPhone,1,700,2022-02-04,"135 Willow St, Boston, MA 02215",Teléfonos
Lightning Charging Cable,2,14.95,2022-02-04,"135 Willow St, Boston, MA 02215",Cargadores
Wired Headphones,1,11.99,2022-02-05,"560 South St, Boston, MA 02215",Auriculares
ThinkPad Laptop,1,999.99,2022-02-05,"177 Sunset St, Los Angeles, CA 90001",Portátiles
Lightning Charging Cable,1,14.95,2022-02-09,"512 11th St, Los Angeles, CA 90001",Cargadores
Lightning Charging Cable,1,14.95,2022-02-02,"889 South St, San Francisco, CA 94016",Cargadores
USB-C Charging Cable,1,11.95,2022-02-08,"646 Cedar St, Austin, TX 73301",Cargadores
AAA Batteries (4-pack),1,2.99,2022-02-11,"279 Hill St, Dallas, TX 75001",Pilas
AA Batteries (4-pack),1,3.84,2022-02-12,"188 South St, San Francisco, CA 94016",Pilas
AAA Batteries (4-pack),1,2.99,2022-02-11,"936 14th St, San Francisco, CA 94016",Pilas
AA Batteries (4-pack),1,3.84,2022-02-05,"993 West St, San Francisco, CA 94016",Pilas
Vareebadd Phone,1,400,2022-02-08,"396 Park St, Seattle, WA 98101",Teléfonos
AA Batteries (4-pack),1,3.84,2022-02-04,"666 Cedar St, New York City, NY 10001",Pilas
USB-C Charging Cable,1,11.95,2022-02-09,"402 Lake St, San Francisco, CA 94016",Cargadores
iPhone,1,700,2022-02-03,"351 Ridge St, Austin, TX 73301",Teléfonos
Lightning Charging Cable,1,14.95,2022-02-03,"351 Ridge St, Austin, TX 73301",Cargadores
27in 4K Gaming Monitor,1,389.99,2022-02-07,"394 Center St, Los Angeles, CA 90001",Monitores
Google Phone,1,600,2022-02-08,"220 Cedar St, Los Angeles, CA 90001",Teléfonos
Wired Headphones,1,11.99,2022-02-08,"220 Cedar St, Los Angeles, CA 90001",Auriculares
Google Phone,1,600,2022-02-10,"419 Main St, New York City, NY 10001",Teléfonos
USB-C Charging Cable,1,11.95,2022-02-10,"419 Main St, New York City, NY 10001",Cargadores
20in Monitor,1,109.99,2022-02-07,"320 Jackson St, San Francisco, CA 94016",Monitores
USB-C Charging Cable,1,11.95,2022-02-06,"73 Madison St, New York City, NY 10001",Cargadores
iPhone,1,700,2022-02-06,"73 Madison St, New York City, NY 10001",Teléfonos
ThinkPad Laptop,1,999.99,2022-02-04,"715 Chestnut St, San Francisco, CA 94016",Portátiles
AAA Batteries (4-pack),1,2.99,2022-02-08,"542 Jackson St, New York City, NY 10001",Pilas
AAA Batteries (4-pack),1,2.99,2022-02-08,"732 6th St, Los Angeles, CA 90001",Pilas
Apple Airpods Headphones,1,150,2022-02-04,"853 Elm St, San Francisco, CA 94016",Auriculares
Wired Headphones,1,11.99,2022-02-09,"163 12th St, San Francisco, CA 94016",Auriculares
Lightning Charging Cable,1,14.95,2022-02-11,"634 Jefferson St, San Francisco, CA 94016",Cargadores
AAA Batteries (4-pack),1,2.99,2022-02-02,"642 Forest St, Portland, ME 04101",Pilas
Lightning Charging Cable,1,14.95,2022-02-10,"891 Lakeview St, Austin, TX 73301",Cargadores
Macbook Pro Laptop,1,1700,2022-02-02,"933 Madison St, Austin, TX 73301",Portátiles
Wired Headphones,1,11.99,2022-02-03,"803 Sunset St, Atlanta, GA 30301",Auriculares
iPhone,1,700,2022-02-11,"941 Meadow St, New York City, NY 10001",Teléfonos
Vareebadd Phone,1,400,2022-02-08,"948 Elm St, San Francisco, CA 94016",Teléfonos
Bose SoundSport Headphones,1,99.99,2022-02-06,"485 Jackson St, Dallas, TX 75001",Auriculares
AA Batteries (4-pack),1,3.84,2022-02-10,"251 Meadow St, Seattle, WA 98101",Pilas
Apple Airpods Headphones,1,150,2022-02-01,"258 8th St, New York City, NY 10001",Auriculares
iPhone,1,700,2022-02-03,"434 Center St, San Francisco, CA 94016",Teléfonos
Apple Airpods Headphones,1,150,2022-02-05,"690 Chestnut St, Los Angeles, CA 90001",Auriculares
Bose SoundSport Headphones,1,99.99,2022-02-11,"591 South St, Boston, MA 02215",Auriculares
Google Phone,1,600,2022-02-06,"532 5th St, San Francisco, CA 94016",Teléfonos
Apple Airpods Headphones,1,150,2022-02-12,"706 Adams St, New York City, NY 10001",Auriculares
27in 4K Gaming Monitor,1,389.99,2022-02-11,"469 10th St, San Francisco, CA 94016",Monitores
AA Batteries (4-pack),2,3.84,2022-02-10,"742 Madison St, Seattle, WA 98101",Pilas
Wired Headphones,1,11.99,2022-02-11,"17 Elm St, Los Angeles, CA 90001",Auriculares
AA Batteries (4-pack),1,3.84,2022-02-04,"824 Lincoln St, San Francisco, CA 94016",Pilas
27in 4K Gaming Monitor,1,389.99,2022-02-01,"387 Church St, Portland, OR 97035",Monitores
USB-C Charging Cable,1,11.95,2022-02-09,"704 Highland St, San Francisco, CA 94016",Cargadores
Bose SoundSport Headphones,1,99.99,2022-02-01,"432 Maple St, San Francisco, CA 94016",Auriculares
27in FHD Monitor,1,149.99,2022-02-04,"76 Madison St, Los Angeles, CA 90001",Monitores
34in Ultrawide Monitor,1,379.99,2022-02-05,"646 Ridge St, Los Angeles, CA 90001",Monitores
ThinkPad Laptop,1,999.99,2022-02-04,"117 West St, Portland, OR 97035",Portátiles
iPhone,1,700,2022-02-07,"846 13th St, Boston, MA 02215",Teléfonos
Wired Headphones,1,11.99,2022-02-07,"846 13th St, Boston, MA 02215",Auriculares
AAA Batteries (4-pack),1,2.99,2022-02-03,"404 West St, Seattle, WA 98101",Pilas
Bose SoundSport Headphones,1,99.99,2022-02-09,"675 Lakeview St, San Francisco, CA 94016",Auriculares
Wired Headphones,1,11.99,2022-02-09,"304 Hill St, Los Angeles, CA 90001",Auriculares
AA Batteries (4-pack),1,3.84,2022-02-06,"321 6th St, Atlanta, GA 30301",Pilas
20in Monitor,1,109.99,2022-02-08,"761 Washington St, New York City, NY 10001",Monitores
AAA Batteries (4-pack),5,2.99,2022-02-10,"900 Cherry St, Los Angeles, CA 90001",Pilas
Lightning Charging Cable,1,14.95,2022-02-05,"378 Walnut St, New York City, NY 10001",Cargadores
Wired Headphones,1,11.99,2022-02-09,"289 13th St, New York City, NY 10001",Auriculares
Apple Airpods Headphones,1,150,2022-02-08,"55 Elm St, Boston, MA 02215",Auriculares
AA Batteries (4-pack),1,3.84,2022-02-08,"614 Adams St, San Francisco, CA 94016",Pilas
AA Batteries (4-pack),1,3.84,2022-02-07,"117 Church St, San Francisco, CA 94016",Pilas
AAA Batteries (4-pack),1,2.99,2022-02-02,"72 Willow St, New York City, NY 10001",Pilas
AA Batteries (4-pack),1,3.84,2022-02-02,"394 Pine St, San Francisco, CA 94016",Pilas
Macbook Pro Laptop,1,1700,2022-02-11,"875 2nd St, Dallas, TX 75001",Portátiles
ThinkPad Laptop,1,999.99,2022-02-09,"475 Lake St, San Francisco, CA 94016",Portátiles
Bose SoundSport Headphones,1,99.99,2022-02-08,"73 Walnut St, Portland, OR 97035",Auriculares
USB-C Charging Cable,1,11.95,2022-02-05,"353 Hickory St, San Francisco, CA 94016",Cargadores
AAA Batteries (4-pack),1,2.99,2022-02-02,"667 Lincoln St, San Francisco, CA 94016",Pilas
LG Washing Machine,1,600.0,2022-02-06,"388 11th St, Boston, MA 02215",Electrodomésticos
Bose SoundSport Headphones,1,99.99,2022-02-09,"398 5th St, Seattle, WA 98101",Auriculares
AAA Batteries (4-pack),1,2.99,2022-02-07,"397 Sunset St, Atlanta, GA 30301",Pilas
AA Batteries (4-pack),2,3.84,2022-02-10,"335 North St, San Francisco, CA 94016",Pilas
AAA Batteries (4-pack),2,2.99,2022-02-03,"703 10th St, Los Angeles, CA 90001",Pilas
27in 4K Gaming Monitor,1,389.99,2022-02-08,"349 Lakeview St, Boston, MA 02215",Monitores
AA Batteries (4-pack),1,3.84,2022-02-12,"442 1st St, San Francisco, CA 94016",Pilas
AAA Batteries (4-pack),2,2.99,2022-02-07,"561 Walnut St, New York City, NY 10001",Pilas
AA Batteries (4-pack),3,3.84,2022-02-05,"382 Main St, Atlanta, GA 30301",Pilas
Wired Headphones,1,11.99,2022-02-09,"965 Jackson St, San Francisco, CA 94016",Auriculares
Google Phone,1,600,2022-02-08,"505 Pine St, Dallas, TX 75001",Teléfonos
USB-C Charging Cable,1,11.95,2022-02-08,"505 Pine St, Dallas, TX 75001",Cargadores
Wired Headphones,1,11.99,2022-02-06,"633 8th St, Los Angeles, CA 90001",Auriculares
AAA Batteries (4-pack),1,2.99,2022-02-06,"705 North St, Los Angeles, CA 90001",Pilas
Apple Airpods Headphones,1,150,2022-02-03,"666 South St, Atlanta, GA 30301",Auriculares
USB-C Charging Cable,1,11.95,2022-02-08,"476 Lincoln St, Seattle, WA 98101",Cargadores
AA Batteries (4-pack),2,3.84,2022-02-10,"888 Wilson St, Atlanta, GA 30301",Pilas
Lightning Charging Cable,1,14.95,2022-02-03,"142 Forest St, Dallas, TX 75001",Cargadores
Apple Airpods Headphones,1,150,2022-02-10,"375 Hickory St, Austin, TX 73301",Auriculares
Vareebadd Phone,1,400,2022-02-08,"463 12th St, Seattle, WA 98101",Teléfonos
AAA Batteries (4-pack),1,2.99,2022-02-09,"993 10th St, Los Angeles, CA 90001",Pilas
USB-C Charging Cable,1,11.95,2022-02-10,"833 10th St, Los Angeles, CA 90001",Cargadores
AAA Batteries (4-pack),1,2.99,2022-02-07,"442 River St, Los Angeles, CA 90001",Pilas
Wired Headphones,1,11.99,2022-02-05,"56 Madison St, Los Angeles, CA 90001",Auriculares
AAA Batteries (4-pack),2,2.99,2022-02-10,"721 South St, San Francisco, CA 94016",Pilas
AA Batteries (4-pack),1,3.84,2022-02-05,"499 Lake St, Los Angeles, CA 90001",Pilas
Google Phone,1,600,2022-02-07,"184 Hill St, Boston, MA 02215",Teléfonos
USB-C Charging Cable,1,11.95,2022-02-07,"184 Hill St, Boston, MA 02215",Cargadores
AA Batteries (4-pack),3,3.84,2022-02-04,"219 7th St, San Francisco, CA 94016",Pilas
20in Monitor,1,109.99,2022-02-06,"886 Forest St, San Francisco, CA 94016",Monitores
Google Phone,1,600,2022-02-04,"979 Chestnut St, Los Angeles, CA 90001",Teléfonos
AA Batteries (4-pack),3,3.84,2022-02-11,"168 Ridge St, New York City, NY 10001",Pilas
Lightning Charging Cable,1,14.95,2022-02-11,"35 Madison St, Los Angeles, CA 90001",Cargadores
Google Phone,1,600,2022-02-09,"53 10th St, Los Angeles, CA 90001",Teléfonos
AAA Batteries (4-pack),1,2.99,2022-02-09,"29 Spruce St, San Francisco, CA 94016",Pilas
AAA Batteries (4-pack),2,2.99,2022-02-09,"936 13th St, Los Angeles, CA 90001",Pilas
AA Batteries (4-pack),2,3.84,2022-02-07,"264 North St, San Francisco, CA 94016",Pilas
Macbook Pro Laptop,1,1700,2022-02-07,"447 Meadow St, Los Angeles, CA 90001",Portátiles
ThinkPad Laptop,1,999.99,2022-02-08,"926 South St, Dallas, TX 75001",Portátiles
Flatscreen TV,1,300,2022-02-08,"944 Church St, Dallas, TX 75001",Televisores
AAA Batteries (4-pack),2,2.99,2022-02-10,"502 North St, Atlanta, GA 30301",Pilas
Apple Airpods Headphones,1,150,2022-02-01,"781 Park St, Dallas, TX 75001",Auriculares
Apple Airpods Headphones,2,150,2022-02-07,"238 North St, New York City, NY 10001",Auriculares
USB-C Charging Cable,1,11.95,2022-02-07,"238 North St, New York City, NY 10001",Cargadores
AAA Batteries (4-pack),1,2.99,2022-02-08,"694 West St, Portland, OR 97035",Pilas
AA Batteries (4-pack),1,3.84,2022-02-11,"932 River St, Los Angeles, CA 90001",Pilas
AA Batteries (4-pack),1,3.84,2022-02-06,"480 Willow St, Boston, MA 02215",Pilas
Lightning Charging Cable,1,14.95,2022-02-06,"480 Willow St, Boston, MA 02215",Cargadores
Wired Headphones,1,11.99,2022-02-08,"936 Dogwood St, Dallas, TX 75001",Auriculares
Lightning Charging Cable,1,14.95,2022-02-09,"486 Sunset St, New York City, NY 10001",Cargadores
iPhone,1,700,2022-02-06,"718 Cherry St, New York City, NY 10001",Teléfonos
Google Phone,1,600,2022-02-07,"346 1st St, Portland, OR 97035",Teléfonos
Lightning Charging Cable,1,14.95,2022-02-08,"207 7th St, Los Angeles, CA 90001",Cargadores
USB-C Charging Cable,1,11.95,2022-02-07,"463 Maple St, Boston, MA 02215",Cargadores
USB-C Charging Cable,1,11.95,2022-02-09,"197 Pine St, Dallas, TX 75001",Cargadores
iPhone,1,700,2022-02-05,"588 Meadow St, Seattle, WA 98101",Teléfonos
AA Batteries (4-pack),1,3.84,2022-02-02,"131 14th St, Portland, OR 97035",Pilas
AA Batteries (4-pack),2,3.84,2022-02-01,"298 Jackson St, New York City, NY 10001",Pilas
20in Monitor,1,109.99,2022-02-03,"263 Hickory St, Austin, TX 73301",Monitores
Wired Headphones,1,11.99,2022-02-03,"263 Hickory St, Austin, TX 73301",Auriculares
Bose SoundSport Headphones,1,99.99,2022-02-02,"463 Chestnut St, San Francisco, CA 94016",Auriculares
Wired Headphones,1,11.99,2022-02-08,"419 1st St, Dallas, TX 75001",Auriculares
Lightning Charging Cable,1,14.95,2022-02-03,"483 Jefferson St, San Francisco, CA 94016",Cargadores
Flatscreen TV,1,300,2022-02-01,"531 Lincoln St, San Francisco, CA 94016",Televisores
Apple Airpods Headphones,1,150,2022-02-11,"859 11th St, Seattle, WA 98101",Auriculares
Google Phone,1,600,2022-02-01,"363 Walnut St, San Francisco, CA 94016",Teléfonos
Apple Airpods Headphones,1,150,2022-02-12,"512 Ridge St, Dallas, TX 75001",Auriculares
USB-C Charging Cable,1,11.95,2022-02-10,"767 Washington St, San Francisco, CA 94016",Cargadores
AAA Batteries (4-pack),5,2.99,2022-02-12,"791 Ridge St, San Francisco, CA 94016",Pilas
Lightning Charging Cable,1,14.95,2022-02-10,"547 Wilson St, Boston, MA 02215",Cargadores
Lightning Charging Cable,1,14.95,2022-02-09,"961 7th St, Seattle, WA 98101",Cargadores
Bose SoundSport Headphones,1,99.99,2022-02-08,"52 Sunset St, Boston, MA 02215",Auriculares
AAA Batteries (4-pack),1,2.99,2022-02-09,"49 Hickory St, Los Angeles, CA 90001",Pilas
USB-C Charging Cable,1,11.95,2022-02-09,"817 Jefferson St, New York City, NY 10001",Cargadores
27in FHD Monitor,1,149.99,2022-02-05,"568 12th St, Los Angeles, CA 90001",Monitores
AA Batteries (4-pack),3,3.84,2022-02-01,"863 River St, New York City, NY 10001",Pilas
34in Ultrawide Monitor,1,379.99,2022-02-06,"217 Adams St, San Francisco, CA 94016",Monitores
Lightning Charging Cable,1,14.95,2022-02-09,"272 Lincoln St, San Francisco, CA 94016",Cargadores
AAA Batteries (4-pack),1,2.99,2022-02-09,"274 Forest St, San Francisco, CA 94016",Pilas
Vareebadd Phone,1,400,2022-02-05,"225 River St, Boston, MA 02215",Teléfonos
Bose SoundSport Headphones,1,99.99,2022-02-05,"225 River St, Boston, MA 02215",Auriculares
Wired Headphones,1,11.99,2022-02-06,"826 Elm St, San Francisco, CA 94016",Auriculares
ThinkPad Laptop,1,999.99,2022-02-06,"335 Spruce St, San Francisco, CA 94016",Portátiles
AAA Batteries (4-pack),1,2.99,2022-02-08,"45 Willow St, Los Angeles, CA 90001",Pilas
USB-C Charging Cable,1,11.95,2022-02-11,"620 Washington St, Los Angeles, CA 90001",Cargadores
iPhone,1,700,2022-02-04,"570 Pine St, Los Angeles, CA 90001",Teléfonos
AAA Batteries (4-pack),2,2.99,2022-02-04,"155 Lake St, Boston, MA 02215",Pilas
AA Batteries (4-pack),1,3.84,2022-02-12,"540 14th St, San Francisco, CA 94016",Pilas
Wired Headphones,1,11.99,2022-02-12,"432 Church St, Portland, OR 97035",Auriculares
Bose SoundSport Headphones,1,99.99,2022-02-03,"478 12th St, Atlanta, GA 30301",Auriculares
USB-C Charging Cable,1,11.95,2022-02-05,"504 Wilson St, San Francisco, CA 94016",Cargadores
Lightning Charging Cable,2,14.95,2022-02-06,"533 Wilson St, Austin, TX 73301",Cargadores
USB-C Charging Cable,1,11.95,2022-02-09,"421 Willow St, San Francisco, CA 94016",Cargadores
Apple Airpods Headphones,1,150,2022-02-08,"450 Ridge St, San Francisco, CA 94016",Auriculares
Apple Airpods Headphones,1,150,2022-02-09,"956 Meadow St, Boston, MA 02215",Auriculares
AAA Batteries (4-pack),1,2.99,2022-02-12,"32 9th St, New York City, NY 10001",Pilas
AAA Batteries (4-pack),2,2.99,2022-02-09,"386 Center St, Dallas, TX 75001",Pilas
USB-C Charging Cable,1,11.95,2022-02-02,"584 1st St, San Francisco, CA 94016",Cargadores
AAA Batteries (4-pack),1,2.99,2022-02-01,"470 Wilson St, Seattle, WA 98101",Pilas
ThinkPad Laptop,1,999.99,2022-02-11,"527 Jackson St, Boston, MA 02215",Portátiles
AA Batteries (4-pack),2,3.84,2022-02-03,"855 Highland St, San Francisco, CA 94016",Pilas
AAA Batteries (4-pack),1,2.99,2022-02-03,"871 Lakeview St, Atlanta, GA 30301",Pilas
USB-C Charging Cable,1,11.95,2022-02-10,"814 Hickory St, Boston, MA 02215",Cargadores
AAA Batteries (4-pack),1,2.99,2022-02-12,"126 Park St, New York City, NY 10001",Pilas
AA Batteries (4-pack),1,3.84,2022-02-02,"354 13th St, Boston, MA 02215",Pilas
Bose SoundSport Headphones,1,99.99,2022-02-03,"122 4th St, Boston, MA 02215",Auriculares
Macbook Pro Laptop,1,1700,2022-02-06,"204 River St, Boston, MA 02215",Portátiles
Google Phone,1,600,2022-02-02,"985 10th St, San Francisco, CA 94016",Teléfonos
USB-C Charging Cable,1,11.95,2022-02-02,"985 10th St, San Francisco, CA 94016",Cargadores
Wired Headphones,1,11.99,2022-02-02,"985 10th St, San Francisco, CA 94016",Auriculares
AA Batteries (4-pack),3,3.84,2022-02-07,"418 11th St, Austin, TX 73301",Pilas
27in FHD Monitor,1,149.99,2022-02-07,"791 Lincoln St, New York City, NY 10001",Monitores
Google Phone,1,600,2022-02-09,"181 Adams St, Portland, OR 97035",Teléfonos
Wired Headphones,1,11.99,2022-02-09,"496 Sunset St, Atlanta, GA 30301",Auriculares
20in Monitor,1,109.99,2022-02-07,"464 13th St, New York City, NY 10001",Monitores
Wired Headphones,1,11.99,2022-02-07,"464 13th St, New York City, NY 10001",Auriculares
USB-C Charging Cable,1,11.95,2022-02-03,"515 Lincoln St, New York City, NY 10001",Cargadores
27in FHD Monitor,1,149.99,2022-02-10,"42 River St, Atlanta, GA 30301",Monitores
Apple Airpods Headphones,1,150,2022-02-12,"644 North St, Portland, OR 97035",Auriculares
Bose SoundSport Headphones,1,99.99,2022-02-09,"602 Lake St, Atlanta, GA 30301",Auriculares
27in FHD Monitor,1,149.99,2022-02-04,"68 Wilson St, Dallas, TX 75001",Monitores
27in 4K Gaming Monitor,1,389.99,2022-02-12,"308 Madison St, Austin, TX 73301",Monitores
Wired Headphones,2,11.99,2022-02-11,"33 Johnson St, Austin, TX 73301",Auriculares
iPhone,1,700,2022-02-05,"63 Chestnut St, San Francisco, CA 94016",Teléfonos
Lightning Charging Cable,1,14.95,2022-02-05,"63 Chestnut St, San Francisco, CA 94016",Cargadores
Wired Headphones,1,11.99,2022-02-05,"63 Chestnut St, San Francisco, CA 94016",Auriculares
Bose SoundSport Headphones,1,99.99,2022-02-11,"145 North St, Los Angeles, CA 90001",Auriculares
AA Batteries (4-pack),2,3.84,2022-02-11,"787 Pine St, San Francisco, CA 94016",Pilas
Bose SoundSport Headphones,1,99.99,2022-02-06,"86 Main St, Dallas, TX 75001",Auriculares
Macbook Pro Laptop,1,1700,2022-02-10,"863 Meadow St, Dallas, TX 75001",Portátiles
AAA Batteries (4-pack),1,2.99,2022-02-11,"801 South St, Dallas, TX 75001",Pilas
iPhone,1,700,2022-02-09,"65 4th St, Seattle, WA 98101",Teléfonos
USB-C Charging Cable,1,11.95,2022-02-07,"715 Washington St, Dallas, TX 75001",Cargadores
AA Batteries (4-pack),1,3.84,2022-02-09,"345 9th St, New York City, NY 10001",Pilas
AA Batteries (4-pack),1,3.84,2022-02-02,"514 7th St, Los Angeles, CA 90001",Pilas
34in Ultrawide Monitor,1,379.99,2022-02-01,"21 Ridge St, San Francisco, CA 94016",Monitores
Wired Headphones,1,11.99,2022-02-10,"41 West St, Seattle, WA 98101",Auriculares
27in FHD Monitor,1,149.99,2022-02-11,"307 Chestnut St, San Francisco, CA 94016",Monitores
USB-C Charging Cable,1,11.95,2022-02-11,"674 Park St, New York City, NY 10001",Cargadores
Lightning Charging Cable,1,14.95,2022-02-09,"911 6th St, Dallas, TX 75001",Cargadores
Wired Headphones,1,11.99,2022-02-11,"398 Center St, Dallas, TX 75001",Auriculares
Flatscreen TV,1,300,2022-02-10,"546 Main St, Seattle, WA 98101",Televisores
Wired Headphones,1,11.99,2022-02-11,"251 Main St, Los Angeles, CA 90001",Auriculares
AA Batteries (4-pack),1,3.84,2022-02-03,"841 Chestnut St, Los Angeles, CA 90001",Pilas
LG Dryer,1,600.0,2022-02-03,"841 Chestnut St, Los Angeles, CA 90001",Electrodomésticos
Wired Headphones,1,11.99,2022-02-10,"12 Sunset St, Atlanta, GA 30301",Auriculares
ThinkPad Laptop,1,999.99,2022-02-03,"330 West St, Atlanta, GA 30301",Portátiles
USB-C Charging Cable,1,11.95,2022-02-03,"131 14th St, San Francisco, CA 94016",Cargadores
Lightning Charging Cable,1,14.95,2022-02-03,"429 Washington St, Atlanta, GA 30301",Cargadores
27in FHD Monitor,1,149.99,2022-02-04,"118 Pine St, San Francisco, CA 94016",Monitores
USB-C Charging Cable,1,11.95,2022-02-05,"172 Hill St, New York City, NY 10001",Cargadores
USB-C Charging Cable,1,11.95,2022-02-06,"812 5th St, New York City, NY 10001",Cargadores
AA Batteries (4-pack),1,3.84,2022-02-08,"85 Jefferson St, Los Angeles, CA 90001",Pilas
Lightning Charging Cable,1,14.95,2022-02-11,"413 Adams St, Boston, MA 02215",Cargadores
AAA Batteries (4-pack),1,2.99,2022-02-02,"541 6th St, Boston, MA 02215",Pilas
Bose SoundSport Headphones,1,99.99,2022-02-12,"542 Adams St, Seattle, WA 98101",Auriculares
AAA Batteries (4-pack),1,2.99,2022-02-12,"463 West St, Portland, OR 97035",Pilas
AAA Batteries (4-pack),2,2.99,2022-02-03,"904 Lake St, Los Angeles, CA 90001",Pilas
Lightning Charging Cable,1,14.95,2022-02-09,"567 12th St, San Francisco, CA 94016",Cargadores
AA Batteries (4-pack),1,3.84,2022-02-02,"499 Jefferson St, Los Angeles, CA 90001",Pilas
AA Batteries (4-pack),2,3.84,2022-02-07,"881 Church St, San Francisco, CA 94016",Pilas
AAA Batteries (4-pack),1,2.99,2022-02-09,"341 9th St, San Francisco, CA 94016",Pilas
USB-C Charging Cable,1,11.95,2022-02-09,"859 11th St, Atlanta, GA 30301",Cargadores
AA Batteries (4-pack),2,3.84,2022-02-11,"861 Hickory St, San Francisco, CA 94016",Pilas
Google Phone,1,600,2022-02-02,"18 Pine St, New York City, NY 10001",Teléfonos
Apple Airpods Headphones,1,150,2022-02-05,"877 Jefferson St, Los Angeles, CA 90001",Auriculares
AAA Batteries (4-pack),1,2.99,2022-02-05,"834 Cherry St, New York City, NY 10001",Pilas
Google Phone,1,600,2022-02-02,"726 West St, Portland, ME 04101",Teléfonos
iPhone,1,700,2022-02-11,"331 Hickory St, Boston, MA 02215",Teléfonos
Lightning Charging Cable,1,14.95,2022-02-06,"718 Pine St, Dallas, TX 75001",Cargadores
USB-C Charging Cable,2,11.95,2022-02-02,"761 Pine St, Seattle, WA 98101",Cargadores
AA Batteries (4-pack),1,3.84,2022-02-06,"644 Chestnut St, Austin, TX 73301",Pilas
27in FHD Monitor,1,149.99,2022-02-07,"532 Willow St, San Francisco, CA 94016",Monitores
iPhone,1,700,2022-02-11,"438 Cherry St, New York City, NY 10001",Teléfonos
AAA Batteries (4-pack),3,2.99,2022-02-09,"113 Dogwood St, San Francisco, CA 94016",Pilas
Wired Headphones,1,11.99,2022-02-05,"93 Pine St, New York City, NY 10001",Auriculares
Wired Headphones,1,11.99,2022-02-09,"19 Jackson St, Boston, MA 02215",Auriculares
Google Phone,1,600,2022-02-01,"362 Meadow St, San Francisco, CA 94016",Teléfonos
Wired Headphones,1,11.99,2022-02-01,"362 Meadow St, San Francisco, CA 94016",Auriculares
Flatscreen TV,1,300,2022-02-02,"935 Adams St, Dallas, TX 75001",Televisores
Flatscreen TV,1,300,2022-02-12,"49 9th St, New York City, NY 10001",Televisores
USB-C Charging Cable,2,11.95,2022-02-03,"816 Maple St, New York City, NY 10001",Cargadores
Lightning Charging Cable,1,14.95,2022-02-13,"484 6th St, Dallas, TX 75001",Cargadores
USB-C Charging Cable,1,11.95,2022-02-08,"638 6th St, Boston, MA 02215",Cargadores
AA Batteries (4-pack),1,3.84,2022-02-11,"368 9th St, New York City, NY 10001",Pilas
AA Batteries (4-pack),2,3.84,2022-02-08,"555 6th St, Los Angeles, CA 90001",Pilas
AAA Batteries (4-pack),2,2.99,2022-02-08,"901 Madison St, Seattle, WA 98101",Pilas
20in Monitor,1,109.99,2022-02-09,"707 6th St, Los Angeles, CA 90001",Monitores
LG Dryer,1,600.0,2022-02-11,"866 11th St, San Francisco, CA 94016",Electrodomésticos
Wired Headphones,1,11.99,2022-02-05,"655 Hill St, Los Angeles, CA 90001",Auriculares
Vareebadd Phone,1,400,2022-02-01,"949 Forest St, Boston, MA 02215",Teléfonos
LG Washing Machine,1,600.0,2022-02-05,"403 4th St, Los Angeles, CA 90001",Electrodomésticos
27in FHD Monitor,1,149.99,2022-02-01,"197 5th St, San Francisco, CA 94016",Monitores
Apple Airpods Headphones,1,150,2022-02-12,"951 Hill St, Austin, TX 73301",Auriculares
Wired Headphones,1,11.99,2022-02-12,"957 Cedar St, New York City, NY 10001",Auriculares
Wired Headphones,1,11.99,2022-02-07,"330 Elm St, Los Angeles, CA 90001",Auriculares
Wired Headphones,1,11.99,2022-02-04,"308 Walnut St, New York City, NY 10001",Auriculares
AAA Batteries (4-pack),1,2.99,2022-02-03,"972 1st St, New York City, NY 10001",Pilas
AAA Batteries (4-pack),1,2.99,2022-02-05,"726 Lincoln St, Portland, ME 04101",Pilas
Flatscreen TV,1,300,2022-02-05,"794 Lake St, Boston, MA 02215",Televisores
Lightning Charging Cable,1,14.95,2022-02-07,"55 Madison St, Portland, OR 97035",Cargadores
AA Batteries (4-pack),1,3.84,2022-02-06,"27 7th St, New York City, NY 10001",Pilas
AAA Batteries (4-pack),1,2.99,2022-02-07,"102 8th St, Portland, OR 97035",Pilas
AA Batteries (4-pack),1,3.84,2022-02-03,"887 Lincoln St, Los Angeles, CA 90001",Pilas
Bose SoundSport Headphones,1,99.99,2022-02-09,"889 Cherry St, Los Angeles, CA 90001",Auriculares
34in Ultrawide Monitor,1,379.99,2022-02-04,"391 10th St, Los Angeles, CA 90001",Monitores
Bose SoundSport Headphones,1,99.99,2022-02-02,"86 1st St, Boston, MA 02215",Auriculares
USB-C Charging Cable,1,11.95,2022-02-03,"192 4th St, Dallas, TX 75001",Cargadores
27in FHD Monitor,1,149.99,2022-02-02,"587 Madison St, Los Angeles, CA 90001",Monitores
Apple Airpods Headphones,1,150,2022-02-10,"663 8th St, Seattle, WA 98101",Auriculares
USB-C Charging Cable,1,11.95,2022-02-09,"479 5th St, Los Angeles, CA 90001",Cargadores
AA Batteries (4-pack),1,3.84,2022-02-07,"942 Dogwood St, Austin, TX 73301",Pilas
AA Batteries (4-pack),1,3.84,2022-02-06,"961 Meadow St, Atlanta, GA 30301",Pilas
27in FHD Monitor,1,149.99,2022-02-10,"193 Jackson St, New York City, NY 10001",Monitores
Wired Headphones,1,11.99,2022-02-01,"82 Walnut St, Seattle, WA 98101",Auriculares
AAA Batteries (4-pack),2,2.99,2022-02-01,"82 Walnut St, Seattle, WA 98101",Pilas
Wired Headphones,1,11.99,2022-02-08,"360 12th St, Dallas, TX 75001",Auriculares
USB-C Charging Cable,1,11.95,2022-02-05,"110 Sunset St, San Francisco, CA 94016",Cargadores
AAA Batteries (4-pack),1,2.99,2022-02-03,"245 2nd St, Dallas, TX 75001",Pilas
20in Monitor,1,109.99,2022-02-07,"681 1st St, Boston, MA 02215",Monitores
Apple Airpods Headphones,1,150,2022-02-08,"332 Pine St, San Francisco, CA 94016",Auriculares
AAA Batteries (4-pack),3,2.99,2022-02-09,"607 Lakeview St, New York City, NY 10001",Pilas
USB-C Charging Cable,1,11.95,2022-02-09,"940 Jefferson St, New York City, NY 10001",Cargadores
Apple Airpods Headphones,1,150,2022-02-11,"596 Dogwood St, Los Angeles, CA 90001",Auriculares
AAA Batteries (4-pack),1,2.99,2022-02-01,"493 Center St, Dallas, TX 75001",Pilas
USB-C Charging Cable,1,11.95,2022-02-05,"78 West St, San Francisco, CA 94016",Cargadores
Google Phone,1,600,2022-02-06,"338 11th St, Atlanta, GA 30301",Teléfonos
Apple Airpods Headphones,1,150,2022-02-09,"80 5th St, New York City, NY 10001",Auriculares
Apple Airpods Headphones,1,150,2022-02-01,"824 Cherry St, New York City, NY 10001",Auriculares
iPhone,1,700,2022-02-09,"210 12th St, Seattle, WA 98101",Teléfonos
AA Batteries (4-pack),2,3.84,2022-02-04,"269 13th St, Portland, OR 97035",Pilas
AA Batteries (4-pack),4,3.84,2022-02-04,"504 Pine St, Dallas, TX 75001",Pilas
AA Batteries (4-pack),1,3.84,2022-02-04,"828 Lakeview St, Los Angeles, CA 90001",Pilas
Wired Headphones,1,11.99,2022-02-10,"189 Center St, San Francisco, CA 94016",Auriculares
Wired Headphones,1,11.99,2022-02-01,"256 6th St, Dallas, TX 75001",Auriculares
AAA Batteries (4-pack),3,2.99,2022-02-03,"984 North St, Los Angeles, CA 90001",Pilas
Bose SoundSport Headphones,1,99.99,2022-02-03,"984 North St, Los Angeles, CA 90001",Auriculares
Lightning Charging Cable,2,14.95,2022-02-05,"219 Main St, Atlanta, GA 30301",Cargadores
27in 4K Gaming Monitor,1,389.99,2022-02-07,"900 Lakeview St, Boston, MA 02215",Monitores
Lightning Charging Cable,1,14.95,2022-02-07,"277 Lincoln St, Los Angeles, CA 90001",Cargadores
27in FHD Monitor,1,149.99,2022-02-05,"567 7th St, Seattle, WA 98101",Monitores
AAA Batteries (4-pack),1,2.99,2022-02-13,"459 West St, Dallas, TX 75001",Pilas
Lightning Charging Cable,1,14.95,2022-02-04,"40 Jackson St, New York City, NY 10001",Cargadores
AAA Batteries (4-pack),6,2.99,2022-02-04,"275 Highland St, Los Angeles, CA 90001",Pilas
34in Ultrawide Monitor,1,379.99,2022-02-03,"867 Jefferson St, Boston, MA 02215",Monitores
AAA Batteries (4-pack),1,2.99,2022-02-11,"362 6th St, Atlanta, GA 30301",Pilas
USB-C Charging Cable,1,11.95,2022-02-04,"802 River St, San Francisco, CA 94016",Cargadores
Lightning Charging Cable,1,14.95,2022-02-01,"675 10th St, San Francisco, CA 94016",Cargadores
AAA Batteries (4-pack),1,2.99,2022-02-02,"304 Hill St, Dallas, TX 75001",Pilas
Wired Headphones,1,11.99,2022-02-06,"608 Dogwood St, Austin, TX 73301",Auriculares
Wired Headphones,1,11.99,2022-02-04,"927 8th St, New York City, NY 10001",Auriculares
Wired Headphones,1,11.99,2022-02-07,"147 Adams St, Boston, MA 02215",Auriculares
AA Batteries (4-pack),1,3.84,2022-02-02,"994 South St, Los Angeles, CA 90001",Pilas
AAA Batteries (4-pack),1,2.99,2022-02-06,"171 South St, Atlanta, GA 30301",Pilas
Google Phone,1,600,2022-02-03,"374 Pine St, Boston, MA 02215",Teléfonos
27in FHD Monitor,1,149.99,2022-02-01,"273 Main St, San Francisco, CA 94016",Monitores
USB-C Charging Cable,1,11.95,2022-02-08,"239 Madison St, San Francisco, CA 94016",Cargadores
USB-C Charging Cable,1,11.95,2022-02-11,"54 Center St, Boston, MA 02215",Cargadores
Lightning Charging Cable,1,14.95,2022-02-02,"262 14th St, Portland, OR 97035",Cargadores
Lightning Charging Cable,1,14.95,2022-02-05,"584 Meadow St, Los Angeles, CA 90001",Cargadores
USB-C Charging Cable,1,11.95,2022-02-05,"188 Madison St, Dallas, TX 75001",Cargadores
AAA Batteries (4-pack),3,2.99,2022-02-04,"996 Center St, Los Angeles, CA 90001",Pilas
USB-C Charging Cable,1,11.95,2022-02-02,"47 8th St, Boston, MA 02215",Cargadores
20in Monitor,1,109.99,2022-02-07,"342 Willow St, Boston, MA 02215",Monitores
iPhone,1,700,2022-02-07,"20 Ridge St, San Francisco, CA 94016",Teléfonos
27in FHD Monitor,1,149.99,2022-02-12,"92 Highland St, Austin, TX 73301",Monitores
Bose SoundSport Headphones,1,99.99,2022-02-11,"549 Highland St, Boston, MA 02215",Auriculares
USB-C Charging Cable,1,11.95,2022-02-04,"369 Adams St, Seattle, WA 98101",Cargadores
27in FHD Monitor,1,149.99,2022-02-03,"30 2nd St, Los Angeles, CA 90001",Monitores
Wired Headphones,1,11.99,2022-02-10,"395 Sunset St, Seattle, WA 98101",Auriculares
Wired Headphones,1,11.99,2022-02-02,"509 West St, San Francisco, CA 94016",Auriculares
LG Washing Machine,1,600.0,2022-02-10,"717 6th St, San Francisco, CA 94016",Electrodomésticos
AA Batteries (4-pack),1,3.84,2022-02-07,"571 10th St, Boston, MA 02215",Pilas
AAA Batteries (4-pack),1,2.99,2022-02-10,"814 Hill St, San Francisco, CA 94016",Pilas
Lightning Charging Cable,2,14.95,2022-02-06,"379 Park St, San Francisco, CA 94016",Cargadores
Bose SoundSport Headphones,1,99.99,2022-02-07,"109 Spruce St, Atlanta, GA 30301",Auriculares
20in Monitor,1,109.99,2022-02-07,"109 Spruce St, Atlanta, GA 30301",Monitores
iPhone,1,700,2022-02-09,"774 Lincoln St, San Francisco, CA 94016",Teléfonos
AAA Batteries (4-pack),1,2.99,2022-02-05,"15 Willow St, Los Angeles, CA 90001",Pilas
Apple Airpods Headphones,1,150,2022-02-09,"212 Jefferson St, Seattle, WA 98101",Auriculares
AAA Batteries (4-pack),1,2.99,2022-02-12,"714 12th St, Boston, MA 02215",Pilas
Apple Airpods Headphones,1,150,2022-02-02,"729 8th St, San Francisco, CA 94016",Auriculares
ThinkPad Laptop,1,999.99,2022-02-09,"922 Hill St, New York City, NY 10001",Portátiles
AA Batteries (4-pack),1,3.84,2022-02-07,"92 Pine St, San Francisco, CA 94016",Pilas
Apple Airpods Headphones,1,150,2022-02-02,"14 6th St, Los Angeles, CA 90001",Auriculares
20in Monitor,1,109.99,2022-02-04,"810 Ridge St, San Francisco, CA 94016",Monitores
Macbook Pro Laptop,1,1700,2022-02-10,"828 Forest St, San Francisco, CA 94016",Portátiles
Lightning Charging Cable,1,14.95,2022-02-11,"147 West St, San Francisco, CA 94016",Cargadores
AA Batteries (4-pack),2,3.84,2022-02-11,"562 13th St, Los Angeles, CA 90001",Pilas
27in FHD Monitor,1,149.99,2022-02-01,"430 Cedar St, Atlanta, GA 30301",Monitores
Apple Airpods Headphones,1,150,2022-02-08,"812 Lakeview St, San Francisco, CA 94016",Auriculares
Lightning Charging Cable,1,14.95,2022-02-12,"448 Lincoln St, Los Angeles, CA 90001",Cargadores
USB-C Charging Cable,1,11.95,2022-02-07,"121 Center St, Dallas, TX 75001",Cargadores
Google Phone,1,600,2022-02-02,"317 Highland St, Atlanta, GA 30301",Teléfonos
Bose SoundSport Headphones,2,99.99,2022-02-02,"184 Lake St, Dallas, TX 75001",Auriculares
USB-C Charging Cable,1,11.95,2022-02-01,"649 Lake St, San Francisco, CA 94016",Cargadores
20in Monitor,1,109.99,2022-02-04,"882 Lakeview St, San Francisco, CA 94016",Monitores
USB-C Charging Cable,1,11.95,2022-02-02,"243 Madison St, Los Angeles, CA 90001",Cargadores
Lightning Charging Cable,1,14.95,2022-02-03,"896 2nd St, Dallas, TX 75001",Cargadores
AA Batteries (4-pack),1,3.84,2022-02-01,"932 Center St, Dallas, TX 75001",Pilas
Wired Headphones,1,11.99,2022-02-05,"847 Hill St, Atlanta, GA 30301",Auriculares
Apple Airpods Headphones,1,150,2022-02-11,"268 12th St, Austin, TX 73301",Auriculares
iPhone,1,700,2022-02-12,"73 Meadow St, Los Angeles, CA 90001",Teléfonos
USB-C Charging Cable,1,11.95,2022-02-07,"504 Walnut St, New York City, NY 10001",Cargadores
20in Monitor,1,109.99,2022-02-06,"710 River St, Seattle, WA 98101",Monitores
Wired Headphones,1,11.99,2022-02-10,"679 12th St, Portland, OR 97035",Auriculares
27in FHD Monitor,1,149.99,2022-02-12,"112 Ridge St, Dallas, TX 75001",Monitores
Lightning Charging Cable,1,14.95,2022-02-06,"124 Forest St, Portland, OR 97035",Cargadores
Lightning Charging Cable,2,14.95,2022-02-04,"139 12th St, Dallas, TX 75001",Cargadores
Lightning Charging Cable,1,14.95,2022-02-12,"208 Ridge St, Atlanta, GA 30301",Cargadores
USB-C Charging Cable,1,11.95,2022-02-04,"678 2nd St, Portland, OR 97035",Cargadores
20in Monitor,1,109.99,2022-02-08,"459 Jefferson St, San Francisco, CA 94016",Monitores
AAA Batteries (4-pack),1,2.99,2022-02-07,"446 Madison St, Los Angeles, CA 90001",Pilas
Apple Airpods Headphones,1,150,2022-02-11,"505 North St, Seattle, WA 98101",Auriculares
Bose SoundSport Headphones,1,99.99,2022-02-10,"604 South St, New York City, NY 10001",Auriculares
Macbook Pro Laptop,1,1700,2022-02-11,"288 Adams St, New York City, NY 10001",Portátiles
ThinkPad Laptop,1,999.99,2022-02-02,"467 2nd St, Boston, MA 02215",Portátiles
Lightning Charging Cable,1,14.95,2022-02-08,"915 Lakeview St, San Francisco, CA 94016",Cargadores
20in Monitor,1,109.99,2022-02-04,"602 10th St, Austin, TX 73301",Monitores
Bose SoundSport Headphones,1,99.99,2022-02-09,"976 Lake St, Los Angeles, CA 90001",Auriculares
USB-C Charging Cable,1,11.95,2022-02-11,"992 10th St, New York City, NY 10001",Cargadores
Bose SoundSport Headphones,1,99.99,2022-02-02,"977 5th St, San Francisco, CA 94016",Auriculares
AAA Batteries (4-pack),1,2.99,2022-02-06,"778 4th St, Seattle, WA 98101",Pilas
AA Batteries (4-pack),1,3.84,2022-02-04,"678 North St, Los Angeles, CA 90001",Pilas
Google Phone,1,600,2022-02-09,"985 Church St, Boston, MA 02215",Teléfonos
AAA Batteries (4-pack),1,2.99,2022-02-12,"854 South St, San Francisco, CA 94016",Pilas
USB-C Charging Cable,1,11.95,2022-02-12,"734 Highland St, Austin, TX 73301",Cargadores
Vareebadd Phone,1,400,2022-02-06,"661 Maple St, San Francisco, CA 94016",Teléfonos
Wired Headphones,1,11.99,2022-02-02,"161 13th St, Atlanta, GA 30301",Auriculares
USB-C Charging Cable,4,11.95,2022-02-06,"202 Cherry St, San Francisco, CA 94016",Cargadores
Apple Airpods Headphones,1,150,2022-02-10,"478 Willow St, Boston, MA 02215",Auriculares
USB-C Charging Cable,1,11.95,2022-02-10,"323 13th St, San Francisco, CA 94016",Cargadores
Lightning Charging Cable,1,14.95,2022-02-02,"900 Hill St, San Francisco, CA 94016",Cargadores
Macbook Pro Laptop,1,1700,2022-02-02,"805 12th St, Boston, MA 02215",Portátiles
Wired Headphones,1,11.99,2022-02-02,"54 2nd St, New York City, NY 10001",Auriculares
Lightning Charging Cable,1,14.95,2022-02-12,"768 Church St, New York City, NY 10001",Cargadores
Google Phone,1,600,2022-02-06,"39 13th St, San Francisco, CA 94016",Teléfonos
iPhone,1,700,2022-02-07,"832 Walnut St, Atlanta, GA 30301",Teléfonos
AA Batteries (4-pack),1,3.84,2022-02-09,"725 Spruce St, Portland, ME 04101",Pilas
AAA Batteries (4-pack),1,2.99,2022-02-11,"461 1st St, New York City, NY 10001",Pilas
iPhone,1,700,2022-02-07,"701 North St, Boston, MA 02215",Teléfonos
Wired Headphones,1,11.99,2022-02-12,"130 1st St, Los Angeles, CA 90001",Auriculares
USB-C Charging Cable,1,11.95,2022-02-05,"470 Walnut St, Dallas, TX 75001",Cargadores
Bose SoundSport Headphones,1,99.99,2022-02-09,"914 9th St, Boston, MA 02215",Auriculares
AAA Batteries (4-pack),1,2.99,2022-02-08,"491 6th St, Seattle, WA 98101",Pilas
Lightning Charging Cable,1,14.95,2022-02-02,"220 8th St, Dallas, TX 75001",Cargadores
AAA Batteries (4-pack),1,2.99,2022-02-04,"990 West St, Portland, OR 97035",Pilas
Wired Headphones,1,11.99,2022-02-01,"821 Lake St, San Francisco, CA 94016",Auriculares
Apple Airpods Headphones,1,150,2022-02-08,"581 River St, Atlanta, GA 30301",Auriculares
Apple Airpods Headphones,1,150,2022-02-10,"707 North St, Dallas, TX 75001",Auriculares
USB-C Charging Cable,1,11.95,2022-02-09,"765 Lake St, San Francisco, CA 94016",Cargadores
27in FHD Monitor,1,149.99,2022-02-12,"79 Maple St, Dallas, TX 75001",Monitores
Lightning Charging Cable,1,14.95,2022-02-01,"216 Adams St, Atlanta, GA 30301",Cargadores
USB-C Charging Cable,1,11.95,2022-02-12,"312 8th St, San Francisco, CA 94016",Cargadores
Wired Headphones,1,11.99,2022-02-03,"769 6th St, Los Angeles, CA 90001",Auriculares
34in Ultrawide Monitor,1,379.99,2022-02-09,"382 Wilson St, San Francisco, CA 94016",Monitores
Google Phone,1,600,2022-02-01,"31 Jefferson St, Atlanta, GA 30301",Teléfonos
USB-C Charging Cable,1,11.95,2022-02-01,"31 Jefferson St, Atlanta, GA 30301",Cargadores
Bose SoundSport Headphones,1,99.99,2022-02-01,"31 Jefferson St, Atlanta, GA 30301",Auriculares
AA Batteries (4-pack),1,3.84,2022-02-10,"503 Forest St, San Francisco, CA 94016",Pilas
Wired Headphones,1,11.99,2022-02-01,"92 Lake St, San Francisco, CA 94016",Auriculares
AAA Batteries (4-pack),1,2.99,2022-02-01,"92 Lake St, San Francisco, CA 94016",Pilas
AAA Batteries (4-pack),1,2.99,2022-02-08,"584 13th St, New York City, NY 10001",Pilas
27in 4K Gaming Monitor,1,389.99,2022-02-09,"863 Cedar St, Austin, TX 73301",Monitores
Apple Airpods Headphones,1,150,2022-02-02,"649 Walnut St, Los Angeles, CA 90001",Auriculares
AA Batteries (4-pack),1,3.84,2022-02-07,"974 1st St, Los Angeles, CA 90001",Pilas
AAA Batteries (4-pack),1,2.99,2022-02-03,"481 8th St, Boston, MA 02215",Pilas
USB-C Charging Cable,1,11.95,2022-02-02,"775 Elm St, Los Angeles, CA 90001",Cargadores
Lightning Charging Cable,1,14.95,2022-02-09,"292 Lake St, New York City, NY 10001",Cargadores
Google Phone,1,600,2022-02-03,"503 Cedar St, San Francisco, CA 94016",Teléfonos
Lightning Charging Cable,1,14.95,2022-02-07,"686 Washington St, Seattle, WA 98101",Cargadores
27in FHD Monitor,1,149.99,2022-02-09,"713 Willow St, Atlanta, GA 30301",Monitores
Google Phone,1,600,2022-02-10,"279 North St, San Francisco, CA 94016",Teléfonos
Apple Airpods Headphones,1,150,2022-02-07,"894 7th St, Austin, TX 73301",Auriculares
Apple Airpods Headphones,1,150,2022-02-07,"955 South St, Boston, MA 02215",Auriculares
AA Batteries (4-pack),1,3.84,2022-02-05,"56 1st St, San Francisco, CA 94016",Pilas
USB-C Charging Cable,1,11.95,2022-02-11,"912 South St, Dallas, TX 75001",Cargadores
Apple Airpods Headphones,1,150,2022-02-01,"170 1st St, San Francisco, CA 94016",Auriculares
Flatscreen TV,1,300,2022-02-05,"189 7th St, Los Angeles, CA 90001",Televisores
iPhone,1,700,2022-02-02,"671 Cherry St, New York City, NY 10001",Teléfonos
Wired Headphones,1,11.99,2022-02-12,"132 West St, Los Angeles, CA 90001",Auriculares
iPhone,1,700,2022-02-10,"205 7th St, New York City, NY 10001",Teléfonos
Bose SoundSport Headphones,1,99.99,2022-02-03,"541 8th St, Boston, MA 02215",Auriculares
AA Batteries (4-pack),1,3.84,2022-02-11,"232 Johnson St, New York City, NY 10001",Pilas
20in Monitor,1,109.99,2022-02-09,"614 South St, San Francisco, CA 94016",Monitores
USB-C Charging Cable,1,11.95,2022-02-09,"233 West St, Atlanta, GA 30301",Cargadores
Wired Headphones,1,11.99,2022-02-11,"771 Center St, Boston, MA 02215",Auriculares
Wired Headphones,1,11.99,2022-02-03,"175 Church St, San Francisco, CA 94016",Auriculares
ThinkPad Laptop,1,999.99,2022-02-01,"83 Lincoln St, New York City, NY 10001",Portátiles
Bose SoundSport Headphones,1,99.99,2022-02-03,"463 River St, Atlanta, GA 30301",Auriculares
Macbook Pro Laptop,1,1700,2022-02-10,"483 West St, San Francisco, CA 94016",Portátiles
AAA Batteries (4-pack),1,2.99,2022-02-05,"844 Johnson St, Seattle, WA 98101",Pilas
AAA Batteries (4-pack),1,2.99,2022-02-09,"707 North St, Austin, TX 73301",Pilas
Lightning Charging Cable,1,14.95,2022-02-01,"31 9th St, Portland, OR 97035",Cargadores
Wired Headphones,1,11.99,2022-02-10,"916 13th St, Los Angeles, CA 90001",Auriculares
Wired Headphones,1,11.99,2022-02-03,"588 Lakeview St, New York City, NY 10001",Auriculares
Apple Airpods Headphones,1,150,2022-02-06,"254 Hill St, Los Angeles, CA 90001",Auriculares
iPhone,1,700,2022-02-04,"853 Main St, Dallas, TX 75001",Teléfonos
34in Ultrawide Monitor,1,379.99,2022-02-09,"774 2nd St, San Francisco, CA 94016",Monitores
Vareebadd Phone,1,400,2022-02-10,"895 Meadow St, Los Angeles, CA 90001",Teléfonos
AAA Batteries (4-pack),1,2.99,2022-02-10,"350 Chestnut St, San Francisco, CA 94016",Pilas
Lightning Charging Cable,1,14.95,2022-02-11,"263 Elm St, Los Angeles, CA 90001",Cargadores
27in 4K Gaming Monitor,1,389.99,2022-02-08,"644 5th St, Dallas, TX 75001",Monitores
Wired Headphones,1,11.99,2022-02-03,"393 Lakeview St, Seattle, WA 98101",Auriculares
Bose SoundSport Headphones,1,99.99,2022-02-05,"113 Spruce St, San Francisco, CA 94016",Auriculares
AAA Batteries (4-pack),2,2.99,2022-02-03,"362 Pine St, San Francisco, CA 94016",Pilas
Lightning Charging Cable,1,14.95,2022-02-06,"227 Chestnut St, Dallas, TX 75001",Cargadores
AA Batteries (4-pack),1,3.84,2022-02-12,"698 Park St, Dallas, TX 75001",Pilas
Wired Headphones,1,11.99,2022-02-04,"345 Maple St, San Francisco, CA 94016",Auriculares
USB-C Charging Cable,1,11.95,2022-02-01,"92 Adams St, San Francisco, CA 94016",Cargadores
AAA Batteries (4-pack),2,2.99,2022-02-03,"406 Sunset St, Boston, MA 02215",Pilas
iPhone,1,700,2022-02-03,"224 Elm St, San Francisco, CA 94016",Teléfonos
USB-C Charging Cable,1,11.95,2022-02-10,"60 Pine St, Boston, MA 02215",Cargadores
Bose SoundSport Headphones,1,99.99,2022-02-01,"127 West St, New York City, NY 10001",Auriculares
USB-C Charging Cable,1,11.95,2022-02-04,"688 Walnut St, San Francisco, CA 94016",Cargadores
AA Batteries (4-pack),1,3.84,2022-02-05,"783 8th St, San Francisco, CA 94016",Pilas
AA Batteries (4-pack),5,3.84,2022-02-09,"893 Main St, San Francisco, CA 94016",Pilas
AAA Batteries (4-pack),1,2.99,2022-02-01,"169 12th St, Seattle, WA 98101",Pilas
27in 4K Gaming Monitor,1,389.99,2022-02-07,"469 Park St, Dallas, TX 75001",Monitores
20in Monitor,1,109.99,2022-02-06,"407 Jackson St, Dallas, TX 75001",Monitores
Macbook Pro Laptop,1,1700,2022-02-09,"144 6th St, Atlanta, GA 30301",Portátiles
Macbook Pro Laptop,1,1700,2022-02-11,"738 Pine St, Boston, MA 02215",Portátiles
Apple Airpods Headphones,1,150,2022-02-01,"654 Hill St, Portland, OR 97035",Auriculares
34in Ultrawide Monitor,1,379.99,2022-02-07,"371 4th St, Seattle, WA 98101",Monitores
AAA Batteries (4-pack),3,2.99,2022-02-11,"228 5th St, Portland, ME 04101",Pilas
Apple Airpods Headphones,1,150,2022-02-02,"153 Highland St, Portland, OR 97035",Auriculares
Apple Airpods Headphones,1,150,2022-02-02,"528 Dogwood St, Boston, MA 02215",Auriculares
Apple Airpods Headphones,1,150,2022-02-01,"224 11th St, New York City, NY 10001",Auriculares
Wired Headphones,1,11.99,2022-02-05,"460 Highland St, Boston, MA 02215",Auriculares
Lightning Charging Cable,1,14.95,2022-02-11,"103 8th St, Los Angeles, CA 90001",Cargadores
Flatscreen TV,1,300,2022-02-06,"366 Highland St, Atlanta, GA 30301",Televisores
Lightning Charging Cable,1,14.95,2022-02-01,"403 Adams St, New York City, NY 10001",Cargadores
AA Batteries (4-pack),1,3.84,2022-02-06,"379 8th St, Austin, TX 73301",Pilas
Flatscreen TV,1,300,2022-02-10,"679 Maple St, Boston, MA 02215",Televisores
Apple Airpods Headphones,1,150,2022-02-12,"667 Washington St, Seattle, WA 98101",Auriculares
Google Phone,1,600,2022-02-03,"592 Adams St, Boston, MA 02215",Teléfonos
USB-C Charging Cable,1,11.95,2022-02-09,"363 4th St, Boston, MA 02215",Cargadores
AA Batteries (4-pack),1,3.84,2022-02-10,"675 Sunset St, Dallas, TX 75001",Pilas
AAA Batteries (4-pack),2,2.99,2022-02-11,"225 4th St, Boston, MA 02215",Pilas
AAA Batteries (4-pack),2,2.99,2022-02-09,"933 14th St, New York City, NY 10001",Pilas
USB-C Charging Cable,2,11.95,2022-02-01,"7 1st St, San Francisco, CA 94016",Cargadores
AAA Batteries (4-pack),1,2.99,2022-02-01,"855 Chestnut St, Austin, TX 73301",Pilas
USB-C Charging Cable,1,11.95,2022-02-01,"307 Wilson St, San Francisco, CA 94016",Cargadores
Apple Airpods Headphones,1,150,2022-02-04,"595 Ridge St, San Francisco, CA 94016",Auriculares
Apple Airpods Headphones,1,150,2022-02-10,"830 Hickory St, Portland, OR 97035",Auriculares
Lightning Charging Cable,1,14.95,2022-02-07,"508 6th St, Seattle, WA 98101",Cargadores
20in Monitor,1,109.99,2022-02-04,"45 Ridge St, Dallas, TX 75001",Monitores
Wired Headphones,1,11.99,2022-02-01,"164 14th St, New York City, NY 10001",Auriculares
AAA Batteries (4-pack),2,2.99,2022-02-01,"164 14th St, New York City, NY 10001",Pilas
Lightning Charging Cable,1,14.95,2022-02-02,"555 Lake St, San Francisco, CA 94016",Cargadores
Macbook Pro Laptop,1,1700,2022-02-09,"727 Johnson St, New York City, NY 10001",Portátiles
USB-C Charging Cable,1,11.95,2022-02-06,"573 Jefferson St, New York City, NY 10001",Cargadores
27in 4K Gaming Monitor,1,389.99,2022-02-10,"411 Chestnut St, New York City, NY 10001",Monitores
AA Batteries (4-pack),1,3.84,2022-02-09,"244 Meadow St, San Francisco, CA 94016",Pilas
27in 4K Gaming Monitor,1,389.99,2022-02-10,"386 Wilson St, Boston, MA 02215",Monitores
Apple Airpods Headphones,1,150,2022-02-11,"539 14th St, New York City, NY 10001",Auriculares
Lightning Charging Cable,2,14.95,2022-02-04,"451 Madison St, San Francisco, CA 94016",Cargadores
Wired Headphones,1,11.99,2022-02-06,"13 Main St, Los Angeles, CA 90001",Auriculares
ThinkPad Laptop,1,999.99,2022-02-06,"245 Highland St, San Francisco, CA 94016",Portátiles
Lightning Charging Cable,1,14.95,2022-02-12,"722 Willow St, Boston, MA 02215",Cargadores
LG Washing Machine,1,600.0,2022-02-09,"697 Chestnut St, Seattle, WA 98101",Electrodomésticos
AAA Batteries (4-pack),2,2.99,2022-02-10,"697 North St, Boston, MA 02215",Pilas
Bose SoundSport Headphones,1,99.99,2022-02-02,"170 Park St, Boston, MA 02215",Auriculares
AAA Batteries (4-pack),1,2.99,2022-02-10,"807 Cherry St, Boston, MA 02215",Pilas
iPhone,1,700,2022-02-02,"601 10th St, Atlanta, GA 30301",Teléfonos
AA Batteries (4-pack),1,3.84,2022-02-04,"717 Washington St, Los Angeles, CA 90001",Pilas
iPhone,1,700,2022-02-08,"347 Maple St, Seattle, WA 98101",Teléfonos
Apple Airpods Headphones,1,150,2022-02-10,"911 2nd St, Seattle, WA 98101",Auriculares
Lightning Charging Cable,1,14.95,2022-02-05,"7 5th St, Los Angeles, CA 90001",Cargadores
Flatscreen TV,1,300,2022-02-11,"685 Elm St, New York City, NY 10001",Televisores
AAA Batteries (4-pack),1,2.99,2022-02-07,"742 Highland St, Los Angeles, CA 90001",Pilas
AA Batteries (4-pack),1,3.84,2022-02-08,"848 Forest St, San Francisco, CA 94016",Pilas
Vareebadd Phone,1,400,2022-02-02,"148 8th St, San Francisco, CA 94016",Teléfonos
USB-C Charging Cable,1,11.95,2022-02-02,"148 8th St, San Francisco, CA 94016",Cargadores
Wired Headphones,1,11.99,2022-02-02,"148 8th St, San Francisco, CA 94016",Auriculares
Wired Headphones,1,11.99,2022-02-02,"324 Willow St, New York City, NY 10001",Auriculares
Apple Airpods Headphones,1,150,2022-02-08,"844 Park St, New York City, NY 10001",Auriculares
27in FHD Monitor,1,149.99,2022-02-10,"45 Hill St, Portland, OR 97035",Monitores
27in 4K Gaming Monitor,1,389.99,2022-02-07,"980 11th St, San Francisco, CA 94016",Monitores
AA Batteries (4-pack),1,3.84,2022-02-07,"980 11th St, San Francisco, CA 94016",Pilas
Bose SoundSport Headphones,1,99.99,2022-02-10,"168 2nd St, Austin, TX 73301",Auriculares
Bose SoundSport Headphones,1,99.99,2022-02-10,"336 11th St, Dallas, TX 75001",Auriculares
USB-C Charging Cable,1,11.95,2022-02-03,"980 Lake St, Los Angeles, CA 90001",Cargadores
USB-C Charging Cable,1,11.95,2022-02-05,"870 Cherry St, Atlanta, GA 30301",Cargadores
20in Monitor,1,109.99,2022-02-06,"300 North St, San Francisco, CA 94016",Monitores
Wired Headphones,2,11.99,2022-02-11,"989 Johnson St, New York City, NY 10001",Auriculares
34in Ultrawide Monitor,1,379.99,2022-02-08,"177 Hill St, Los Angeles, CA 90001",Monitores
27in 4K Gaming Monitor,1,389.99,2022-02-04,"998 4th St, Portland, ME 04101",Monitores
Lightning Charging Cable,1,14.95,2022-02-08,"687 7th St, Atlanta, GA 30301",Cargadores
Google Phone,1,600,2022-02-08,"687 7th St, Atlanta, GA 30301",Teléfonos
Wired Headphones,1,11.99,2022-02-10,"549 Sunset St, Seattle, WA 98101",Auriculares
iPhone,1,700,2022-02-05,"279 4th St, San Francisco, CA 94016",Teléfonos
Wired Headphones,1,11.99,2022-02-05,"279 4th St, San Francisco, CA 94016",Auriculares
Lightning Charging Cable,1,14.95,2022-02-03,"374 North St, Austin, TX 73301",Cargadores
Flatscreen TV,1,300,2022-02-06,"496 14th St, Los Angeles, CA 90001",Televisores
34in Ultrawide Monitor,1,379.99,2022-02-01,"39 Lakeview St, Boston, MA 02215",Monitores
AA Batteries (4-pack),1,3.84,2022-02-07,"588 9th St, Los Angeles, CA 90001",Pilas
27in FHD Monitor,1,149.99,2022-02-12,"546 Main St, Atlanta, GA 30301",Monitores
USB-C Charging Cable,1,11.95,2022-02-10,"634 4th St, Los Angeles, CA 90001",Cargadores
AAA Batteries (4-pack),1,2.99,2022-02-05,"785 Sunset St, Dallas, TX 75001",Pilas
27in FHD Monitor,1,149.99,2022-02-11,"917 Center St, San Francisco, CA 94016",Monitores
Macbook Pro Laptop,1,1700,2022-02-07,"596 Willow St, San Francisco, CA 94016",Portátiles
Wired Headphones,1,11.99,2022-02-10,"111 Ridge St, Los Angeles, CA 90001",Auriculares
iPhone,1,700,2022-02-04,"916 Church St, Los Angeles, CA 90001",Teléfonos
Bose SoundSport Headphones,1,99.99,2022-02-07,"115 1st St, Seattle, WA 98101",Auriculares
Bose SoundSport Headphones,1,99.99,2022-02-08,"531 Adams St, Atlanta, GA 30301",Auriculares
Wired Headphones,1,11.99,2022-02-06,"18 Forest St, New York City, NY 10001",Auriculares
Lightning Charging Cable,1,14.95,2022-02-09,"269 Cedar St, New York City, NY 10001",Cargadores
20in Monitor,1,109.99,2022-02-03,"664 2nd St, San Francisco, CA 94016",Monitores
AAA Batteries (4-pack),1,2.99,2022-02-01,"780 North St, Atlanta, GA 30301",Pilas
USB-C Charging Cable,2,11.95,2022-02-09,"421 Dogwood St, New York City, NY 10001",Cargadores
AAA Batteries (4-pack),1,2.99,2022-02-10,"747 Ridge St, Los Angeles, CA 90001",Pilas
AA Batteries (4-pack),1,3.84,2022-02-06,"925 Lake St, New York City, NY 10001",Pilas
Lightning Charging Cable,1,14.95,2022-02-09,"501 Washington St, New York City, NY 10001",Cargadores
Lightning Charging Cable,1,14.95,2022-02-01,"728 North St, New York City, NY 10001",Cargadores
AA Batteries (4-pack),1,3.84,2022-02-01,"664 Dogwood St, Atlanta, GA 30301",Pilas
AAA Batteries (4-pack),1,2.99,2022-02-02,"933 Lincoln St, Portland, OR 97035",Pilas
Apple Airpods Headphones,1,150,2022-02-12,"401 Ridge St, Boston, MA 02215",Auriculares
Apple Airpods Headphones,1,150,2022-02-10,"152 Center St, Austin, TX 73301",Auriculares
USB-C Charging Cable,1,11.95,2022-02-08,"185 Lake St, Seattle, WA 98101",Cargadores
AAA Batteries (4-pack),3,2.99,2022-02-01,"243 Madison St, New York City, NY 10001",Pilas
AAA Batteries (4-pack),1,2.99,2022-02-06,"791 Jefferson St, San Francisco, CA 94016",Pilas
Macbook Pro Laptop,1,1700,2022-02-07,"857 2nd St, Boston, MA 02215",Portátiles
Wired Headphones,1,11.99,2022-02-07,"563 Center St, Portland, OR 97035",Auriculares
AAA Batteries (4-pack),1,2.99,2022-02-12,"710 2nd St, Austin, TX 73301",Pilas
34in Ultrawide Monitor,1,379.99,2022-02-01,"379 9th St, San Francisco, CA 94016",Monitores
27in FHD Monitor,1,149.99,2022-02-07,"874 Adams St, Seattle, WA 98101",Monitores
Wired Headphones,1,11.99,2022-02-07,"919 Hill St, Atlanta, GA 30301",Auriculares
20in Monitor,1,109.99,2022-02-07,"896 Johnson St, Seattle, WA 98101",Monitores
20in Monitor,1,109.99,2022-02-06,"39 2nd St, Boston, MA 02215",Monitores
Wired Headphones,1,11.99,2022-02-03,"983 Jackson St, New York City, NY 10001",Auriculares
Vareebadd Phone,1,400,2022-02-10,"210 Cedar St, Seattle, WA 98101",Teléfonos
AA Batteries (4-pack),2,3.84,2022-02-11,"964 11th St, Boston, MA 02215",Pilas
AAA Batteries (4-pack),1,2.99,2022-02-10,"184 Highland St, Los Angeles, CA 90001",Pilas
AAA Batteries (4-pack),1,2.99,2022-02-03,"84 Hickory St, New York City, NY 10001",Pilas
iPhone,1,700,2022-02-02,"460 Hickory St, Boston, MA 02215",Teléfonos
Apple Airpods Headphones,1,150,2022-02-03,"422 Walnut St, Portland, OR 97035",Auriculares
AA Batteries (4-pack),1,3.84,2022-02-04,"889 13th St, San Francisco, CA 94016",Pilas
20in Monitor,1,109.99,2022-02-01,"43 Lakeview St, San Francisco, CA 94016",Monitores
AAA Batteries (4-pack),1,2.99,2022-02-10,"798 Madison St, Dallas, TX 75001",Pilas
USB-C Charging Cable,1,11.95,2022-02-03,"808 6th St, San Francisco, CA 94016",Cargadores
34in Ultrawide Monitor,1,379.99,2022-02-08,"213 Willow St, Boston, MA 02215",Monitores
AAA Batteries (4-pack),1,2.99,2022-02-03,"628 14th St, Atlanta, GA 30301",Pilas
USB-C Charging Cable,1,11.95,2022-02-03,"299 Pine St, Los Angeles, CA 90001",Cargadores
Wired Headphones,2,11.99,2022-02-06,"635 Chestnut St, Atlanta, GA 30301",Auriculares
Apple Airpods Headphones,1,150,2022-02-03,"724 Cherry St, Los Angeles, CA 90001",Auriculares
27in FHD Monitor,1,149.99,2022-02-11,"294 2nd St, New York City, NY 10001",Monitores
Flatscreen TV,1,300,2022-02-02,"494 4th St, New York City, NY 10001",Televisores
USB-C Charging Cable,1,11.95,2022-02-03,"197 10th St, San Francisco, CA 94016",Cargadores
Wired Headphones,1,11.99,2022-02-12,"638 Lincoln St, Boston, MA 02215",Auriculares
Bose SoundSport Headphones,1,99.99,2022-02-07,"286 Washington St, San Francisco, CA 94016",Auriculares
27in FHD Monitor,1,149.99,2022-02-02,"298 Hill St, Boston, MA 02215",Monitores
AA Batteries (4-pack),2,3.84,2022-02-05,"491 Church St, Dallas, TX 75001",Pilas
Lightning Charging Cable,1,14.95,2022-02-10,"207 Forest St, Austin, TX 73301",Cargadores
27in FHD Monitor,1,149.99,2022-02-09,"853 5th St, Seattle, WA 98101",Monitores
USB-C Charging Cable,1,11.95,2022-02-06,"919 6th St, San Francisco, CA 94016",Cargadores
Apple Airpods Headphones,1,150,2022-02-12,"430 Main St, Austin, TX 73301",Auriculares
USB-C Charging Cable,1,11.95,2022-02-07,"593 Meadow St, Austin, TX 73301",Cargadores
AAA Batteries (4-pack),2,2.99,2022-02-05,"720 Cedar St, Dallas, TX 75001",Pilas
Lightning Charging Cable,1,14.95,2022-02-12,"553 Hill St, Seattle, WA 98101",Cargadores
Google Phone,1,600,2022-02-10,"492 Jefferson St, Los Angeles, CA 90001",Teléfonos
34in Ultrawide Monitor,1,379.99,2022-02-10,"374 Willow St, San Francisco, CA 94016",Monitores
20in Monitor,1,109.99,2022-02-05,"467 7th St, San Francisco, CA 94016",Monitores
Bose SoundSport Headphones,1,99.99,2022-02-01,"738 Main St, San Francisco, CA 94016",Auriculares
Google Phone,1,600,2022-02-11,"419 Hickory St, Los Angeles, CA 90001",Teléfonos
Apple Airpods Headphones,1,150,2022-02-04,"614 Walnut St, Dallas, TX 75001",Auriculares
AAA Batteries (4-pack),1,2.99,2022-02-02,"472 Pine St, San Francisco, CA 94016",Pilas
Google Phone,1,600,2022-02-03,"277 Washington St, San Francisco, CA 94016",Teléfonos
iPhone,1,700,2022-02-11,"748 Meadow St, Portland, OR 97035",Teléfonos
Lightning Charging Cable,1,14.95,2022-02-11,"209 2nd St, New York City, NY 10001",Cargadores
27in FHD Monitor,1,149.99,2022-02-07,"794 Maple St, Los Angeles, CA 90001",Monitores
Lightning Charging Cable,1,14.95,2022-02-07,"325 Highland St, New York City, NY 10001",Cargadores
AA Batteries (4-pack),1,3.84,2022-02-09,"284 Spruce St, Los Angeles, CA 90001",Pilas
AAA Batteries (4-pack),1,2.99,2022-02-06,"325 12th St, San Francisco, CA 94016",Pilas
Wired Headphones,1,11.99,2022-02-05,"811 Meadow St, Boston, MA 02215",Auriculares
34in Ultrawide Monitor,1,379.99,2022-02-01,"466 Elm St, Atlanta, GA 30301",Monitores
USB-C Charging Cable,2,11.95,2022-02-05,"185 2nd St, Dallas, TX 75001",Cargadores
Flatscreen TV,1,300,2022-02-02,"730 Hickory St, San Francisco, CA 94016",Televisores
AA Batteries (4-pack),1,3.84,2022-02-10,"817 Cedar St, San Francisco, CA 94016",Pilas
AAA Batteries (4-pack),2,2.99,2022-02-03,"462 Spruce St, Los Angeles, CA 90001",Pilas
Lightning Charging Cable,1,14.95,2022-02-12,"347 9th St, New York City, NY 10001",Cargadores
Macbook Pro Laptop,1,1700,2022-02-02,"996 Cedar St, Seattle, WA 98101",Portátiles
27in FHD Monitor,1,149.99,2022-02-04,"105 4th St, Atlanta, GA 30301",Monitores
USB-C Charging Cable,1,11.95,2022-02-11,"58 Jefferson St, Los Angeles, CA 90001",Cargadores
Lightning Charging Cable,1,14.95,2022-02-06,"339 Adams St, Seattle, WA 98101",Cargadores
Wired Headphones,1,11.99,2022-02-05,"168 North St, San Francisco, CA 94016",Auriculares
Vareebadd Phone,1,400,2022-02-04,"842 Forest St, Los Angeles, CA 90001",Teléfonos
Flatscreen TV,1,300,2022-02-07,"917 13th St, Los Angeles, CA 90001",Televisores
Apple Airpods Headphones,1,150,2022-02-04,"207 North St, Los Angeles, CA 90001",Auriculares
Lightning Charging Cable,1,14.95,2022-02-03,"946 Dogwood St, Los Angeles, CA 90001",Cargadores
Apple Airpods Headphones,1,150,2022-02-09,"810 Main St, Boston, MA 02215",Auriculares
USB-C Charging Cable,1,11.95,2022-02-11,"266 Elm St, San Francisco, CA 94016",Cargadores
iPhone,1,700,2022-02-08,"469 10th St, San Francisco, CA 94016",Teléfonos
Lightning Charging Cable,1,14.95,2022-02-08,"469 10th St, San Francisco, CA 94016",Cargadores
Lightning Charging Cable,1,14.95,2022-02-03,"23 River St, San Francisco, CA 94016",Cargadores
AAA Batteries (4-pack),1,2.99,2022-02-01,"63 9th St, Atlanta, GA 30301",Pilas
Macbook Pro Laptop,1,1700,2022-02-11,"635 River St, Atlanta, GA 30301",Portátiles
AA Batteries (4-pack),2,3.84,2022-02-10,"979 River St, San Francisco, CA 94016",Pilas
Lightning Charging Cable,1,14.95,2022-02-02,"28 Wilson St, New York City, NY 10001",Cargadores
Lightning Charging Cable,1,14.95,2022-02-03,"338 Lake St, Seattle, WA 98101",Cargadores
Macbook Pro Laptop,1,1700,2022-02-04,"575 Chestnut St, Austin, TX 73301",Portátiles
AA Batteries (4-pack),2,3.84,2022-02-02,"116 Hill St, Los Angeles, CA 90001",Pilas
USB-C Charging Cable,1,11.95,2022-02-02,"668 Sunset St, New York City, NY 10001",Cargadores
Flatscreen TV,1,300,2022-02-07,"908 14th St, Portland, OR 97035",Televisores
AAA Batteries (4-pack),1,2.99,2022-02-07,"286 13th St, Boston, MA 02215",Pilas
USB-C Charging Cable,1,11.95,2022-02-11,"845 North St, Portland, ME 04101",Cargadores
Google Phone,1,600,2022-02-11,"845 North St, Portland, ME 04101",Teléfonos
Wired Headphones,1,11.99,2022-02-11,"440 Lincoln St, San Francisco, CA 94016",Auriculares
Google Phone,1,600,2022-02-08,"728 Maple St, San Francisco, CA 94016",Teléfonos
Wired Headphones,1,11.99,2022-02-01,"346 West St, Boston, MA 02215",Auriculares
Lightning Charging Cable,1,14.95,2022-02-07,"894 Chestnut St, New York City, NY 10001",Cargadores
Google Phone,1,600,2022-02-05,"611 Hickory St, San Francisco, CA 94016",Teléfonos
20in Monitor,1,109.99,2022-02-12,"220 Chestnut St, Los Angeles, CA 90001",Monitores
Wired Headphones,1,11.99,2022-02-12,"24 Spruce St, Boston, MA 02215",Auriculares
Google Phone,1,600,2022-02-12,"866 Pine St, San Francisco, CA 94016",Teléfonos
AAA Batteries (4-pack),2,2.99,2022-02-02,"205 10th St, Boston, MA 02215",Pilas
Apple Airpods Headphones,1,150,2022-02-08,"599 West St, Seattle, WA 98101",Auriculares
Bose SoundSport Headphones,1,99.99,2022-02-06,"356 Lincoln St, Boston, MA 02215",Auriculares
Apple Airpods Headphones,1,150,2022-02-12,"57 River St, Los Angeles, CA 90001",Auriculares
AAA Batteries (4-pack),2,2.99,2022-02-10,"173 Pine St, San Francisco, CA 94016",Pilas
Apple Airpods Headphones,1,150,2022-02-02,"407 Dogwood St, Boston, MA 02215",Auriculares
20in Monitor,1,109.99,2022-02-08,"58 Lincoln St, New York City, NY 10001",Monitores
AA Batteries (4-pack),1,3.84,2022-02-06,"440 5th St, San Francisco, CA 94016",Pilas
Lightning Charging Cable,1,14.95,2022-02-03,"220 Willow St, Seattle, WA 98101",Cargadores
USB-C Charging Cable,1,11.95,2022-02-03,"43 8th St, San Francisco, CA 94016",Cargadores
USB-C Charging Cable,1,11.95,2022-02-09,"625 13th St, Los Angeles, CA 90001",Cargadores
Wired Headphones,1,11.99,2022-02-09,"625 13th St, Los Angeles, CA 90001",Auriculares
AA Batteries (4-pack),2,3.84,2022-02-02,"785 Adams St, Austin, TX 73301",Pilas
27in FHD Monitor,1,149.99,2022-02-01,"352 7th St, New York City, NY 10001",Monitores
27in 4K Gaming Monitor,1,389.99,2022-02-07,"806 Main St, San Francisco, CA 94016",Monitores
AAA Batteries (4-pack),1,2.99,2022-02-07,"580 7th St, Atlanta, GA 30301",Pilas
Bose SoundSport Headphones,1,99.99,2022-02-03,"810 Willow St, Portland, OR 97035",Auriculares
USB-C Charging Cable,1,11.95,2022-02-10,"347 Hickory St, Dallas, TX 75001",Cargadores
Lightning Charging Cable,2,14.95,2022-02-09,"666 Spruce St, Seattle, WA 98101",Cargadores
Apple Airpods Headphones,1,150,2022-02-04,"882 Wilson St, Seattle, WA 98101",Auriculares
Bose SoundSport Headphones,1,99.99,2022-02-08,"162 Pine St, Boston, MA 02215",Auriculares
USB-C Charging Cable,1,11.95,2022-02-07,"800 Park St, Los Angeles, CA 90001",Cargadores
ThinkPad Laptop,1,999.99,2022-02-08,"917 West St, Los Angeles, CA 90001",Portátiles
Lightning Charging Cable,1,14.95,2022-02-06,"640 Spruce St, Dallas, TX 75001",Cargadores
Macbook Pro Laptop,1,1700,2022-02-04,"791 Chestnut St, San Francisco, CA 94016",Portátiles
AAA Batteries (4-pack),2,2.99,2022-02-06,"765 Jackson St, New York City, NY 10001",Pilas
Wired Headphones,2,11.99,2022-02-03,"810 Hill St, Boston, MA 02215",Auriculares
34in Ultrawide Monitor,1,379.99,2022-02-04,"90 Jackson St, Portland, OR 97035",Monitores
Lightning Charging Cable,1,14.95,2022-02-07,"118 Park St, San Francisco, CA 94016",Cargadores
USB-C Charging Cable,1,11.95,2022-02-10,"998 6th St, Los Angeles, CA 90001",Cargadores
Lightning Charging Cable,1,14.95,2022-02-05,"539 Dogwood St, Dallas, TX 75001",Cargadores
AA Batteries (4-pack),1,3.84,2022-02-11,"107 1st St, San Francisco, CA 94016",Pilas
USB-C Charging Cable,1,11.95,2022-02-09,"606 6th St, Austin, TX 73301",Cargadores
AAA Batteries (4-pack),2,2.99,2022-02-08,"780 11th St, New York City, NY 10001",Pilas
AA Batteries (4-pack),1,3.84,2022-02-01,"551 Pine St, San Francisco, CA 94016",Pilas
27in 4K Gaming Monitor,1,389.99,2022-02-03,"293 Willow St, Boston, MA 02215",Monitores
Wired Headphones,1,11.99,2022-02-11,"921 8th St, New York City, NY 10001",Auriculares
27in 4K Gaming Monitor,1,389.99,2022-02-03,"998 Walnut St, Los Angeles, CA 90001",Monitores
Lightning Charging Cable,1,14.95,2022-02-05,"829 Wilson St, Portland, OR 97035",Cargadores
AAA Batteries (4-pack),1,2.99,2022-02-02,"291 Pine St, San Francisco, CA 94016",Pilas
Macbook Pro Laptop,1,1700,2022-02-03,"991 Spruce St, San Francisco, CA 94016",Portátiles
USB-C Charging Cable,1,11.95,2022-02-12,"717 Dogwood St, Los Angeles, CA 90001",Cargadores
Bose SoundSport Headphones,1,99.99,2022-02-12,"924 Hickory St, Seattle, WA 98101",Auriculares
20in Monitor,1,109.99,2022-02-08,"405 Spruce St, San Francisco, CA 94016",Monitores
Lightning Charging Cable,1,14.95,2022-02-11,"493 Walnut St, Portland, OR 97035",Cargadores
AA Batteries (4-pack),1,3.84,2022-02-05,"53 Washington St, Portland, ME 04101",Pilas
ThinkPad Laptop,1,999.99,2022-02-03,"100 Wilson St, New York City, NY 10001",Portátiles
USB-C Charging Cable,1,11.95,2022-02-06,"370 Jackson St, Portland, OR 97035",Cargadores
AAA Batteries (4-pack),2,2.99,2022-02-04,"209 Johnson St, Atlanta, GA 30301",Pilas
Apple Airpods Headphones,1,150,2022-02-11,"418 Lakeview St, San Francisco, CA 94016",Auriculares
iPhone,1,700,2022-02-07,"196 Chestnut St, San Francisco, CA 94016",Teléfonos
AA Batteries (4-pack),1,3.84,2022-02-05,"192 Elm St, San Francisco, CA 94016",Pilas
27in FHD Monitor,1,149.99,2022-02-09,"933 Ridge St, San Francisco, CA 94016",Monitores
Bose SoundSport Headphones,1,99.99,2022-02-09,"933 Ridge St, San Francisco, CA 94016",Auriculares
Lightning Charging Cable,1,14.95,2022-02-05,"696 12th St, San Francisco, CA 94016",Cargadores
ThinkPad Laptop,1,999.99,2022-02-04,"403 Maple St, Los Angeles, CA 90001",Portátiles
USB-C Charging Cable,1,11.95,2022-02-06,"393 8th St, San Francisco, CA 94016",Cargadores
Wired Headphones,1,11.99,2022-02-12,"65 Johnson St, Seattle, WA 98101",Auriculares
Google Phone,1,600,2022-02-07,"258 Willow St, Dallas, TX 75001",Teléfonos
Bose SoundSport Headphones,1,99.99,2022-02-11,"956 8th St, Dallas, TX 75001",Auriculares
34in Ultrawide Monitor,1,379.99,2022-02-05,"453 Spruce St, Austin, TX 73301",Monitores
Lightning Charging Cable,1,14.95,2022-02-06,"449 14th St, San Francisco, CA 94016",Cargadores
Lightning Charging Cable,1,14.95,2022-02-07,"836 Pine St, Los Angeles, CA 90001",Cargadores
Apple Airpods Headphones,1,150,2022-02-08,"320 Main St, Los Angeles, CA 90001",Auriculares
Apple Airpods Headphones,1,150,2022-02-05,"682 7th St, Dallas, TX 75001",Auriculares
AAA Batteries (4-pack),1,2.99,2022-02-03,"434 Ridge St, San Francisco, CA 94016",Pilas
Macbook Pro Laptop,1,1700,2022-02-12,"314 Elm St, Boston, MA 02215",Portátiles
Wired Headphones,1,11.99,2022-02-12,"215 Hill St, San Francisco, CA 94016",Auriculares
AA Batteries (4-pack),2,3.84,2022-02-05,"206 Park St, New York City, NY 10001",Pilas
Apple Airpods Headphones,1,150,2022-02-03,"987 1st St, Boston, MA 02215",Auriculares
Bose SoundSport Headphones,1,99.99,2022-02-10,"104 Center St, Los Angeles, CA 90001",Auriculares
Wired Headphones,1,11.99,2022-02-09,"646 Dogwood St, Portland, OR 97035",Auriculares
Google Phone,1,600,2022-02-10,"314 5th St, Dallas, TX 75001",Teléfonos
27in FHD Monitor,1,149.99,2022-02-07,"610 Meadow St, San Francisco, CA 94016",Monitores
20in Monitor,1,109.99,2022-02-01,"146 Ridge St, New York City, NY 10001",Monitores
USB-C Charging Cable,1,11.95,2022-02-09,"770 1st St, San Francisco, CA 94016",Cargadores
USB-C Charging Cable,1,11.95,2022-02-13,"229 West St, Los Angeles, CA 90001",Cargadores
Lightning Charging Cable,1,14.95,2022-02-06,"541 Lincoln St, Dallas, TX 75001",Cargadores
34in Ultrawide Monitor,1,379.99,2022-02-07,"373 Chestnut St, New York City, NY 10001",Monitores
AAA Batteries (4-pack),1,2.99,2022-02-08,"277 Wilson St, San Francisco, CA 94016",Pilas
Lightning Charging Cable,1,14.95,2022-02-09,"283 14th St, Dallas, TX 75001",Cargadores
Macbook Pro Laptop,1,1700,2022-02-06,"950 5th St, Los Angeles, CA 90001",Portátiles
Bose SoundSport Headphones,1,99.99,2022-02-04,"592 River St, Los Angeles, CA 90001",Auriculares
Wired Headphones,1,11.99,2022-02-05,"398 Dogwood St, San Francisco, CA 94016",Auriculares
27in FHD Monitor,1,149.99,2022-02-09,"744 6th St, Portland, OR 97035",Monitores
Lightning Charging Cable,1,14.95,2022-02-08,"205 Forest St, Austin, TX 73301",Cargadores
27in FHD Monitor,1,149.99,2022-02-03,"393 Center St, San Francisco, CA 94016",Monitores
Wired Headphones,1,11.99,2022-02-09,"212 6th St, Atlanta, GA 30301",Auriculares
USB-C Charging Cable,1,11.95,2022-02-06,"515 Lincoln St, New York City, NY 10001",Cargadores
Bose SoundSport Headphones,1,99.99,2022-02-03,"26 Ridge St, Los Angeles, CA 90001",Auriculares
Lightning Charging Cable,1,14.95,2022-02-03,"26 Ridge St, Los Angeles, CA 90001",Cargadores
Flatscreen TV,1,300,2022-02-01,"638 Ridge St, San Francisco, CA 94016",Televisores
Lightning Charging Cable,1,14.95,2022-02-03,"698 6th St, New York City, NY 10001",Cargadores
USB-C Charging Cable,1,11.95,2022-02-07,"511 2nd St, New York City, NY 10001",Cargadores
AA Batteries (4-pack),1,3.84,2022-02-05,"915 North St, Atlanta, GA 30301",Pilas
USB-C Charging Cable,1,11.95,2022-02-03,"80 Dogwood St, Atlanta, GA 30301",Cargadores
USB-C Charging Cable,1,11.95,2022-02-09,"754 Main St, San Francisco, CA 94016",Cargadores
AAA Batteries (4-pack),1,2.99,2022-02-05,"288 Johnson St, Los Angeles, CA 90001",Pilas
AAA Batteries (4-pack),2,2.99,2022-02-01,"393 Park St, Dallas, TX 75001",Pilas
Wired Headphones,1,11.99,2022-02-10,"635 Lincoln St, San Francisco, CA 94016",Auriculares
Bose SoundSport Headphones,1,99.99,2022-02-03,"515 Park St, Dallas, TX 75001",Auriculares
Bose SoundSport Headphones,1,99.99,2022-02-07,"869 Lincoln St, Los Angeles, CA 90001",Auriculares
AA Batteries (4-pack),1,3.84,2022-02-03,"64 Cedar St, San Francisco, CA 94016",Pilas
Apple Airpods Headphones,1,150,2022-02-05,"598 6th St, San Francisco, CA 94016",Auriculares
Apple Airpods Headphones,1,150,2022-02-04,"858 12th St, Los Angeles, CA 90001",Auriculares
Flatscreen TV,1,300,2022-02-04,"858 12th St, Los Angeles, CA 90001",Televisores
Apple Airpods Headphones,1,150,2022-02-08,"173 Hill St, Boston, MA 02215",Auriculares
Macbook Pro Laptop,1,1700,2022-02-07,"238 Hill St, Los Angeles, CA 90001",Portátiles
Google Phone,1,600,2022-02-06,"801 Washington St, Atlanta, GA 30301",Teléfonos
USB-C Charging Cable,1,11.95,2022-02-06,"801 Washington St, Atlanta, GA 30301",Cargadores
Apple Airpods Headphones,1,150,2022-02-09,"871 4th St, New York City, NY 10001",Auriculares
Macbook Pro Laptop,1,1700,2022-02-09,"268 Main St, San Francisco, CA 94016",Portátiles
Lightning Charging Cable,1,14.95,2022-02-06,"374 Cherry St, Portland, ME 04101",Cargadores
AA Batteries (4-pack),1,3.84,2022-02-11,"807 7th St, Atlanta, GA 30301",Pilas
AA Batteries (4-pack),1,3.84,2022-02-10,"806 10th St, Boston, MA 02215",Pilas
AA Batteries (4-pack),1,3.84,2022-02-01,"15 Ridge St, San Francisco, CA 94016",Pilas
AAA Batteries (4-pack),1,2.99,2022-02-02,"967 South St, San Francisco, CA 94016",Pilas
ThinkPad Laptop,1,999.99,2022-02-01,"814 Pine St, New York City, NY 10001",Portátiles
34in Ultrawide Monitor,1,379.99,2022-02-02,"440 Lakeview St, Boston, MA 02215",Monitores
iPhone,1,700,2022-02-09,"551 North St, Seattle, WA 98101",Teléfonos
Vareebadd Phone,1,400,2022-02-01,"601 Wilson St, Portland, OR 97035",Teléfonos
Lightning Charging Cable,1,14.95,2022-02-09,"504 Lincoln St, Seattle, WA 98101",Cargadores
20in Monitor,1,109.99,2022-02-04,"115 Cherry St, San Francisco, CA 94016",Monitores
Wired Headphones,1,11.99,2022-02-01,"803 9th St, Seattle, WA 98101",Auriculares
Vareebadd Phone,1,400,2022-02-09,"63 Sunset St, Seattle, WA 98101",Teléfonos
AA Batteries (4-pack),1,3.84,2022-02-07,"88 Adams St, New York City, NY 10001",Pilas
Lightning Charging Cable,1,14.95,2022-02-09,"352 Meadow St, Dallas, TX 75001",Cargadores
Lightning Charging Cable,1,14.95,2022-02-04,"118 Cedar St, Atlanta, GA 30301",Cargadores
AA Batteries (4-pack),2,3.84,2022-02-05,"487 1st St, New York City, NY 10001",Pilas
34in Ultrawide Monitor,1,379.99,2022-02-05,"582 Church St, Los Angeles, CA 90001",Monitores
Google Phone,1,600,2022-02-05,"818 14th St, New York City, NY 10001",Teléfonos
27in FHD Monitor,1,149.99,2022-02-08,"484 11th St, Boston, MA 02215",Monitores
Wired Headphones,1,11.99,2022-02-07,"317 Washington St, New York City, NY 10001",Auriculares
Flatscreen TV,1,300,2022-02-07,"837 Church St, San Francisco, CA 94016",Televisores
AAA Batteries (4-pack),1,2.99,2022-02-01,"113 Sunset St, New York City, NY 10001",Pilas
Lightning Charging Cable,1,14.95,2022-02-12,"419 Park St, New York City, NY 10001",Cargadores
USB-C Charging Cable,1,11.95,2022-02-03,"642 Hill St, San Francisco, CA 94016",Cargadores
USB-C Charging Cable,1,11.95,2022-02-03,"495 Adams St, New York City, NY 10001",Cargadores
27in 4K Gaming Monitor,1,389.99,2022-02-06,"844 12th St, New York City, NY 10001",Monitores
27in FHD Monitor,1,149.99,2022-02-12,"32 Chestnut St, New York City, NY 10001",Monitores
USB-C Charging Cable,1,11.95,2022-02-12,"657 Forest St, Austin, TX 73301",Cargadores
27in FHD Monitor,1,149.99,2022-02-03,"429 Cherry St, Seattle, WA 98101",Monitores
Lightning Charging Cable,1,14.95,2022-02-04,"216 Main St, Los Angeles, CA 90001",Cargadores
Macbook Pro Laptop,1,1700,2022-02-10,"227 7th St, Los Angeles, CA 90001",Portátiles
AA Batteries (4-pack),2,3.84,2022-02-04,"550 Jackson St, New York City, NY 10001",Pilas
Lightning Charging Cable,1,14.95,2022-02-03,"491 Washington St, Seattle, WA 98101",Cargadores
AA Batteries (4-pack),1,3.84,2022-02-07,"46 12th St, San Francisco, CA 94016",Pilas
AAA Batteries (4-pack),1,2.99,2022-02-02,"401 Pine St, Los Angeles, CA 90001",Pilas
27in 4K Gaming Monitor,1,389.99,2022-02-07,"886 Wilson St, Seattle, WA 98101",Monitores
Bose SoundSport Headphones,1,99.99,2022-02-06,"88 Willow St, Seattle, WA 98101",Auriculares
AA Batteries (4-pack),2,3.84,2022-02-11,"496 Hill St, New York City, NY 10001",Pilas
Apple Airpods Headphones,1,150,2022-02-09,"885 South St, San Francisco, CA 94016",Auriculares
Lightning Charging Cable,1,14.95,2022-02-11,"63 Washington St, Seattle, WA 98101",Cargadores
USB-C Charging Cable,1,11.95,2022-02-05,"773 Center St, New York City, NY 10001",Cargadores
iPhone,1,700,2022-02-04,"801 Jefferson St, Atlanta, GA 30301",Teléfonos
Lightning Charging Cable,1,14.95,2022-02-09,"635 Jefferson St, Portland, OR 97035",Cargadores
Apple Airpods Headphones,1,150,2022-02-09,"635 Jefferson St, Portland, OR 97035",Auriculares
Lightning Charging Cable,2,14.95,2022-02-07,"569 Willow St, Atlanta, GA 30301",Cargadores
AA Batteries (4-pack),1,3.84,2022-02-06,"815 Adams St, New York City, NY 10001",Pilas
Lightning Charging Cable,1,14.95,2022-02-06,"176 7th St, Dallas, TX 75001",Cargadores
Apple Airpods Headphones,1,150,2022-02-11,"948 Main St, Atlanta, GA 30301",Auriculares
iPhone,1,700,2022-02-04,"216 Jackson St, Boston, MA 02215",Teléfonos
AAA Batteries (4-pack),1,2.99,2022-02-12,"579 North St, New York City, NY 10001",Pilas
27in FHD Monitor,1,149.99,2022-02-07,"887 5th St, New York City, NY 10001",Monitores
AAA Batteries (4-pack),2,2.99,2022-02-06,"881 Elm St, Seattle, WA 98101",Pilas
Wired Headphones,1,11.99,2022-02-06,"383 1st St, Atlanta, GA 30301",Auriculares
Wired Headphones,1,11.99,2022-02-04,"24 Elm St, Portland, OR 97035",Auriculares
34in Ultrawide Monitor,1,379.99,2022-02-12,"634 9th St, Seattle, WA 98101",Monitores
USB-C Charging Cable,1,11.95,2022-02-09,"917 Meadow St, San Francisco, CA 94016",Cargadores
20in Monitor,1,109.99,2022-02-03,"143 Cherry St, Austin, TX 73301",Monitores
Macbook Pro Laptop,1,1700,2022-02-09,"341 Highland St, Portland, OR 97035",Portátiles
34in Ultrawide Monitor,1,379.99,2022-02-06,"672 Meadow St, New York City, NY 10001",Monitores
Bose SoundSport Headphones,1,99.99,2022-02-02,"70 11th St, Los Angeles, CA 90001",Auriculares
Wired Headphones,1,11.99,2022-02-07,"753 Maple St, Los Angeles, CA 90001",Auriculares
Lightning Charging Cable,1,14.95,2022-02-02,"874 Dogwood St, Los Angeles, CA 90001",Cargadores
USB-C Charging Cable,1,11.95,2022-02-10,"356 1st St, Los Angeles, CA 90001",Cargadores
AA Batteries (4-pack),1,3.84,2022-02-10,"877 Spruce St, San Francisco, CA 94016",Pilas
Bose SoundSport Headphones,1,99.99,2022-02-03,"558 Walnut St, Los Angeles, CA 90001",Auriculares
AA Batteries (4-pack),1,3.84,2022-02-12,"94 6th St, San Francisco, CA 94016",Pilas
USB-C Charging Cable,1,11.95,2022-02-01,"501 South St, Seattle, WA 98101",Cargadores
20in Monitor,1,109.99,2022-02-09,"589 Main St, Los Angeles, CA 90001",Monitores
Google Phone,1,600,2022-02-09,"37 2nd St, Seattle, WA 98101",Teléfonos
USB-C Charging Cable,1,11.95,2022-02-08,"527 Pine St, San Francisco, CA 94016",Cargadores
USB-C Charging Cable,1,11.95,2022-02-01,"854 Cedar St, New York City, NY 10001",Cargadores
Bose SoundSport Headphones,1,99.99,2022-02-01,"596 Center St, San Francisco, CA 94016",Auriculares
USB-C Charging Cable,1,11.95,2022-02-11,"316 Walnut St, New York City, NY 10001",Cargadores
iPhone,1,700,2022-02-05,"625 Adams St, San Francisco, CA 94016",Teléfonos
Bose SoundSport Headphones,1,99.99,2022-02-11,"242 14th St, Atlanta, GA 30301",Auriculares
Macbook Pro Laptop,1,1700,2022-02-05,"455 12th St, San Francisco, CA 94016",Portátiles
Macbook Pro Laptop,1,1700,2022-02-10,"475 Adams St, Austin, TX 73301",Portátiles
Macbook Pro Laptop,1,1700,2022-02-04,"657 Highland St, Atlanta, GA 30301",Portátiles
Lightning Charging Cable,1,14.95,2022-02-08,"550 1st St, Los Angeles, CA 90001",Cargadores
Flatscreen TV,1,300,2022-02-12,"927 West St, Los Angeles, CA 90001",Televisores
AA Batteries (4-pack),1,3.84,2022-02-10,"198 South St, Atlanta, GA 30301",Pilas
34in Ultrawide Monitor,1,379.99,2022-02-12,"372 7th St, San Francisco, CA 94016",Monitores
AA Batteries (4-pack),1,3.84,2022-02-09,"2 10th St, Seattle, WA 98101",Pilas
Apple Airpods Headphones,1,150,2022-02-10,"633 Hickory St, San Francisco, CA 94016",Auriculares
Lightning Charging Cable,2,14.95,2022-02-09,"903 5th St, Portland, OR 97035",Cargadores
USB-C Charging Cable,2,11.95,2022-02-12,"352 Maple St, Seattle, WA 98101",Cargadores
Google Phone,1,600,2022-02-05,"734 Maple St, San Francisco, CA 94016",Teléfonos
iPhone,1,700,2022-02-10,"911 8th St, New York City, NY 10001",Teléfonos
Lightning Charging Cable,1,14.95,2022-02-01,"70 8th St, Los Angeles, CA 90001",Cargadores
AA Batteries (4-pack),1,3.84,2022-02-03,"277 West St, San Francisco, CA 94016",Pilas
ThinkPad Laptop,1,999.99,2022-02-06,"971 13th St, Seattle, WA 98101",Portátiles
Wired Headphones,1,11.99,2022-02-01,"559 Forest St, San Francisco, CA 94016",Auriculares
Google Phone,1,600,2022-02-02,"918 Highland St, New York City, NY 10001",Teléfonos
Google Phone,1,600,2022-02-02,"918 Highland St, New York City, NY 10001",Teléfonos
Macbook Pro Laptop,1,1700,2022-02-03,"354 Main St, Dallas, TX 75001",Portátiles
AA Batteries (4-pack),1,3.84,2022-02-11,"738 North St, Dallas, TX 75001",Pilas
Bose SoundSport Headphones,1,99.99,2022-02-10,"18 Main St, Portland, OR 97035",Auriculares
AAA Batteries (4-pack),1,2.99,2022-02-04,"28 Jefferson St, Seattle, WA 98101",Pilas
Wired Headphones,1,11.99,2022-02-07,"61 Adams St, San Francisco, CA 94016",Auriculares
AAA Batteries (4-pack),1,2.99,2022-02-11,"115 Dogwood St, Los Angeles, CA 90001",Pilas
Google Phone,1,600,2022-02-09,"92 Dogwood St, San Francisco, CA 94016",Teléfonos
Apple Airpods Headphones,1,150,2022-02-09,"915 Elm St, San Francisco, CA 94016",Auriculares
Wired Headphones,1,11.99,2022-02-01,"886 Highland St, New York City, NY 10001",Auriculares
USB-C Charging Cable,1,11.95,2022-02-04,"808 10th St, New York City, NY 10001",Cargadores
Wired Headphones,1,11.99,2022-02-02,"323 Highland St, Los Angeles, CA 90001",Auriculares
Wired Headphones,1,11.99,2022-02-01,"351 Hill St, San Francisco, CA 94016",Auriculares
USB-C Charging Cable,1,11.95,2022-02-07,"115 Ridge St, Boston, MA 02215",Cargadores
34in Ultrawide Monitor,1,379.99,2022-02-06,"698 12th St, San Francisco, CA 94016",Monitores
USB-C Charging Cable,1,11.95,2022-02-04,"359 North St, Los Angeles, CA 90001",Cargadores
Lightning Charging Cable,1,14.95,2022-02-12,"866 Sunset St, Boston, MA 02215",Cargadores
Lightning Charging Cable,1,14.95,2022-02-03,"486 Jackson St, Atlanta, GA 30301",Cargadores
AA Batteries (4-pack),2,3.84,2022-02-05,"411 10th St, Austin, TX 73301",Pilas
Flatscreen TV,1,300,2022-02-10,"773 Hickory St, Seattle, WA 98101",Televisores
USB-C Charging Cable,1,11.95,2022-02-01,"255 Elm St, Atlanta, GA 30301",Cargadores
USB-C Charging Cable,1,11.95,2022-02-01,"641 Dogwood St, Los Angeles, CA 90001",Cargadores
Flatscreen TV,1,300,2022-02-08,"572 4th St, San Francisco, CA 94016",Televisores
Bose SoundSport Headphones,1,99.99,2022-02-11,"713 Lakeview St, Los Angeles, CA 90001",Auriculares
iPhone,1,700,2022-02-09,"491 Forest St, San Francisco, CA 94016",Teléfonos
27in 4K Gaming Monitor,1,389.99,2022-02-08,"445 Cedar St, Portland, OR 97035",Monitores
Google Phone,1,600,2022-02-11,"128 Main St, Austin, TX 73301",Teléfonos
Wired Headphones,1,11.99,2022-02-11,"128 Main St, Austin, TX 73301",Auriculares
Wired Headphones,1,11.99,2022-02-03,"932 Lake St, New York City, NY 10001",Auriculares
ThinkPad Laptop,1,999.99,2022-02-02,"871 Adams St, Atlanta, GA 30301",Portátiles
Google Phone,1,600,2022-02-08,"494 Hill St, Boston, MA 02215",Teléfonos
AAA Batteries (4-pack),2,2.99,2022-02-01,"672 Maple St, Dallas, TX 75001",Pilas
34in Ultrawide Monitor,1,379.99,2022-02-03,"149 6th St, New York City, NY 10001",Monitores
27in FHD Monitor,1,149.99,2022-02-03,"936 7th St, Boston, MA 02215",Monitores
27in FHD Monitor,1,149.99,2022-02-07,"873 Jackson St, New York City, NY 10001",Monitores
Bose SoundSport Headphones,1,99.99,2022-02-07,"831 Jefferson St, San Francisco, CA 94016",Auriculares
iPhone,1,700,2022-02-07,"819 Dogwood St, Dallas, TX 75001",Teléfonos
Apple Airpods Headphones,1,150,2022-02-07,"819 Dogwood St, Dallas, TX 75001",Auriculares
AA Batteries (4-pack),2,3.84,2022-02-03,"55 Church St, Los Angeles, CA 90001",Pilas
Macbook Pro Laptop,1,1700,2022-02-06,"864 Lakeview St, Atlanta, GA 30301",Portátiles
Lightning Charging Cable,1,14.95,2022-02-08,"130 South St, New York City, NY 10001",Cargadores
Lightning Charging Cable,1,14.95,2022-02-01,"396 6th St, Los Angeles, CA 90001",Cargadores
USB-C Charging Cable,1,11.95,2022-02-02,"944 Chestnut St, Los Angeles, CA 90001",Cargadores
AA Batteries (4-pack),1,3.84,2022-02-05,"454 Willow St, Atlanta, GA 30301",Pilas
Wired Headphones,1,11.99,2022-02-07,"977 Madison St, Austin, TX 73301",Auriculares
iPhone,1,700,2022-02-12,"470 Jefferson St, Los Angeles, CA 90001",Teléfonos
Apple Airpods Headphones,1,150,2022-02-12,"470 Jefferson St, Los Angeles, CA 90001",Auriculares
AAA Batteries (4-pack),1,2.99,2022-02-09,"873 Jackson St, Portland, OR 97035",Pilas
iPhone,1,700,2022-02-08,"906 Ridge St, Dallas, TX 75001",Teléfonos
Google Phone,1,600,2022-02-05,"33 Sunset St, San Francisco, CA 94016",Teléfonos
Flatscreen TV,1,300,2022-02-09,"758 12th St, Portland, OR 97035",Televisores
Flatscreen TV,1,300,2022-02-02,"427 Lake St, Boston, MA 02215",Televisores
Apple Airpods Headphones,1,150,2022-02-10,"742 13th St, San Francisco, CA 94016",Auriculares
ThinkPad Laptop,1,999.99,2022-02-12,"471 Lincoln St, San Francisco, CA 94016",Portátiles
AA Batteries (4-pack),1,3.84,2022-02-05,"831 7th St, Seattle, WA 98101",Pilas
Google Phone,1,600,2022-02-10,"595 Dogwood St, San Francisco, CA 94016",Teléfonos
USB-C Charging Cable,3,11.95,2022-02-06,"580 West St, San Francisco, CA 94016",Cargadores
AA Batteries (4-pack),1,3.84,2022-02-03,"550 6th St, Dallas, TX 75001",Pilas
27in 4K Gaming Monitor,1,389.99,2022-02-04,"317 5th St, Los Angeles, CA 90001",Monitores
USB-C Charging Cable,2,11.95,2022-02-08,"418 Adams St, New York City, NY 10001",Cargadores
USB-C Charging Cable,1,11.95,2022-02-07,"206 Pine St, New York City, NY 10001",Cargadores
27in 4K Gaming Monitor,1,389.99,2022-02-11,"991 Highland St, Seattle, WA 98101",Monitores
AA Batteries (4-pack),1,3.84,2022-02-04,"662 Elm St, Los Angeles, CA 90001",Pilas
Wired Headphones,1,11.99,2022-02-10,"768 10th St, Atlanta, GA 30301",Auriculares
iPhone,1,700,2022-02-11,"943 Park St, San Francisco, CA 94016",Teléfonos
AAA Batteries (4-pack),1,2.99,2022-02-03,"941 12th St, New York City, NY 10001",Pilas
USB-C Charging Cable,1,11.95,2022-02-03,"994 11th St, San Francisco, CA 94016",Cargadores
20in Monitor,1,109.99,2022-02-09,"867 2nd St, Dallas, TX 75001",Monitores
Vareebadd Phone,1,400,2022-02-02,"919 Cedar St, San Francisco, CA 94016",Teléfonos
iPhone,1,700,2022-02-06,"425 14th St, San Francisco, CA 94016",Teléfonos
Wired Headphones,1,11.99,2022-02-06,"425 14th St, San Francisco, CA 94016",Auriculares
Wired Headphones,1,11.99,2022-02-06,"852 Ridge St, New York City, NY 10001",Auriculares
Apple Airpods Headphones,1,150,2022-02-11,"268 Forest St, New York City, NY 10001",Auriculares
AAA Batteries (4-pack),2,2.99,2022-02-02,"748 Highland St, Boston, MA 02215",Pilas
Apple Airpods Headphones,1,150,2022-02-03,"570 Maple St, San Francisco, CA 94016",Auriculares
Wired Headphones,1,11.99,2022-02-03,"552 14th St, Los Angeles, CA 90001",Auriculares
34in Ultrawide Monitor,1,379.99,2022-02-03,"482 11th St, Los Angeles, CA 90001",Monitores
34in Ultrawide Monitor,1,379.99,2022-02-11,"883 1st St, New York City, NY 10001",Monitores
USB-C Charging Cable,1,11.95,2022-02-07,"491 12th St, Portland, OR 97035",Cargadores
AA Batteries (4-pack),3,3.84,2022-02-07,"398 River St, New York City, NY 10001",Pilas
AA Batteries (4-pack),1,3.84,2022-02-09,"202 Willow St, Dallas, TX 75001",Pilas
AA Batteries (4-pack),1,3.84,2022-02-10,"560 Willow St, San Francisco, CA 94016",Pilas
Flatscreen TV,1,300,2022-02-04,"532 Main St, Portland, OR 97035",Televisores
Lightning Charging Cable,1,14.95,2022-02-09,"448 Main St, Seattle, WA 98101",Cargadores
USB-C Charging Cable,1,11.95,2022-02-04,"101 Jackson St, Los Angeles, CA 90001",Cargadores
20in Monitor,1,109.99,2022-02-07,"878 Wilson St, San Francisco, CA 94016",Monitores
Apple Airpods Headphones,1,150,2022-02-02,"90 Sunset St, Dallas, TX 75001",Auriculares
iPhone,1,700,2022-02-02,"314 9th St, Los Angeles, CA 90001",Teléfonos
Wired Headphones,1,11.99,2022-02-08,"999 8th St, Boston, MA 02215",Auriculares
Bose SoundSport Headphones,1,99.99,2022-02-10,"829 Church St, Dallas, TX 75001",Auriculares
AA Batteries (4-pack),1,3.84,2022-02-07,"833 Chestnut St, Boston, MA 02215",Pilas
iPhone,1,700,2022-02-04,"511 11th St, New York City, NY 10001",Teléfonos
Wired Headphones,1,11.99,2022-02-01,"739 1st St, San Francisco, CA 94016",Auriculares
AAA Batteries (4-pack),1,2.99,2022-02-05,"482 Hickory St, Atlanta, GA 30301",Pilas
Lightning Charging Cable,1,14.95,2022-02-12,"999 Walnut St, San Francisco, CA 94016",Cargadores
Vareebadd Phone,1,400,2022-02-04,"975 Lakeview St, San Francisco, CA 94016",Teléfonos
Vareebadd Phone,1,400,2022-02-08,"410 Highland St, San Francisco, CA 94016",Teléfonos
AAA Batteries (4-pack),1,2.99,2022-02-06,"807 7th St, Dallas, TX 75001",Pilas
Flatscreen TV,1,300,2022-02-12,"615 Madison St, Atlanta, GA 30301",Televisores
Wired Headphones,1,11.99,2022-02-12,"615 Madison St, Atlanta, GA 30301",Auriculares
Wired Headphones,2,11.99,2022-02-12,"691 Park St, New York City, NY 10001",Auriculares
Flatscreen TV,1,300,2022-02-03,"234 Ridge St, Atlanta, GA 30301",Televisores
AAA Batteries (4-pack),1,2.99,2022-02-03,"893 River St, New York City, NY 10001",Pilas
Lightning Charging Cable,3,14.95,2022-02-08,"540 North St, Los Angeles, CA 90001",Cargadores
Apple Airpods Headphones,1,150,2022-02-02,"237 2nd St, New York City, NY 10001",Auriculares
27in FHD Monitor,1,149.99,2022-02-08,"535 Lakeview St, New York City, NY 10001",Monitores
27in FHD Monitor,1,149.99,2022-02-03,"6 Pine St, San Francisco, CA 94016",Monitores
AAA Batteries (4-pack),1,2.99,2022-02-03,"6 Pine St, San Francisco, CA 94016",Pilas
USB-C Charging Cable,2,11.95,2022-02-05,"122 Meadow St, Los Angeles, CA 90001",Cargadores
34in Ultrawide Monitor,1,379.99,2022-02-02,"755 River St, Portland, OR 97035",Monitores
Bose SoundSport Headphones,1,99.99,2022-02-08,"366 South St, San Francisco, CA 94016",Auriculares
AAA Batteries (4-pack),1,2.99,2022-02-05,"164 Lake St, San Francisco, CA 94016",Pilas
Lightning Charging Cable,1,14.95,2022-02-11,"403 Sunset St, Dallas, TX 75001",Cargadores
USB-C Charging Cable,1,11.95,2022-02-10,"928 Lake St, Atlanta, GA 30301",Cargadores
AAA Batteries (4-pack),1,2.99,2022-02-03,"752 Forest St, Boston, MA 02215",Pilas
Wired Headphones,1,11.99,2022-02-09,"446 Madison St, New York City, NY 10001",Auriculares
20in Monitor,1,109.99,2022-02-05,"500 Chestnut St, Dallas, TX 75001",Monitores
Wired Headphones,1,11.99,2022-02-05,"807 7th St, San Francisco, CA 94016",Auriculares
Bose SoundSport Headphones,1,99.99,2022-02-11,"175 Chestnut St, Austin, TX 73301",Auriculares
AAA Batteries (4-pack),1,2.99,2022-02-08,"58 Pine St, San Francisco, CA 94016",Pilas
Wired Headphones,1,11.99,2022-02-08,"85 Forest St, New York City, NY 10001",Auriculares
AAA Batteries (4-pack),1,2.99,2022-02-03,"442 Park St, Boston, MA 02215",Pilas
Lightning Charging Cable,1,14.95,2022-02-05,"547 6th St, San Francisco, CA 94016",Cargadores
Flatscreen TV,1,300,2022-02-07,"1 Highland St, Austin, TX 73301",Televisores
Bose SoundSport Headphones,1,99.99,2022-02-01,"833 12th St, Seattle, WA 98101",Auriculares
AA Batteries (4-pack),1,3.84,2022-02-04,"408 Park St, Portland, OR 97035",Pilas
Lightning Charging Cable,1,14.95,2022-02-11,"616 Cherry St, Los Angeles, CA 90001",Cargadores
Macbook Pro Laptop,1,1700,2022-02-11,"241 River St, Los Angeles, CA 90001",Portátiles
USB-C Charging Cable,1,11.95,2022-02-04,"308 Willow St, San Francisco, CA 94016",Cargadores
Google Phone,1,600,2022-02-10,"621 Wilson St, San Francisco, CA 94016",Teléfonos
Macbook Pro Laptop,1,1700,2022-02-06,"827 Lakeview St, Portland, OR 97035",Portátiles
Lightning Charging Cable,1,14.95,2022-02-02,"209 14th St, New York City, NY 10001",Cargadores
Lightning Charging Cable,1,14.95,2022-02-09,"583 North St, Seattle, WA 98101",Cargadores
Macbook Pro Laptop,1,1700,2022-02-04,"161 11th St, New York City, NY 10001",Portátiles
Lightning Charging Cable,1,14.95,2022-02-09,"588 Lakeview St, Atlanta, GA 30301",Cargadores
Wired Headphones,1,11.99,2022-02-09,"716 Ridge St, Los Angeles, CA 90001",Auriculares
Google Phone,1,600,2022-02-09,"199 North St, Los Angeles, CA 90001",Teléfonos
AA Batteries (4-pack),3,3.84,2022-02-11,"885 North St, Los Angeles, CA 90001",Pilas
Flatscreen TV,1,300,2022-02-02,"225 Meadow St, San Francisco, CA 94016",Televisores
USB-C Charging Cable,1,11.95,2022-02-05,"608 Main St, Seattle, WA 98101",Cargadores
iPhone,1,700,2022-02-06,"714 Washington St, San Francisco, CA 94016",Teléfonos
Wired Headphones,1,11.99,2022-02-06,"714 Washington St, San Francisco, CA 94016",Auriculares
Bose SoundSport Headphones,1,99.99,2022-02-07,"873 Madison St, Los Angeles, CA 90001",Auriculares
Flatscreen TV,1,300,2022-02-01,"909 South St, Boston, MA 02215",Televisores
USB-C Charging Cable,1,11.95,2022-02-08,"364 2nd St, Los Angeles, CA 90001",Cargadores
Apple Airpods Headphones,1,150,2022-02-09,"192 Spruce St, New York City, NY 10001",Auriculares
Wired Headphones,3,11.99,2022-02-07,"898 Center St, San Francisco, CA 94016",Auriculares
Lightning Charging Cable,1,14.95,2022-02-09,"723 7th St, Dallas, TX 75001",Cargadores
34in Ultrawide Monitor,1,379.99,2022-02-06,"456 Madison St, Los Angeles, CA 90001",Monitores
AA Batteries (4-pack),2,3.84,2022-02-09,"609 South St, San Francisco, CA 94016",Pilas
AA Batteries (4-pack),2,3.84,2022-02-12,"391 Willow St, Dallas, TX 75001",Pilas
27in 4K Gaming Monitor,1,389.99,2022-02-12,"111 Church St, San Francisco, CA 94016",Monitores
Lightning Charging Cable,1,14.95,2022-02-07,"641 South St, San Francisco, CA 94016",Cargadores
Lightning Charging Cable,1,14.95,2022-02-09,"360 Elm St, Boston, MA 02215",Cargadores
USB-C Charging Cable,2,11.95,2022-02-08,"189 Jefferson St, Portland, OR 97035",Cargadores
Lightning Charging Cable,1,14.95,2022-02-06,"756 9th St, Atlanta, GA 30301",Cargadores
AAA Batteries (4-pack),1,2.99,2022-02-08,"406 Chestnut St, Dallas, TX 75001",Pilas
Lightning Charging Cable,1,14.95,2022-02-01,"369 Hill St, San Francisco, CA 94016",Cargadores
Apple Airpods Headphones,1,150,2022-02-09,"973 Walnut St, Austin, TX 73301",Auriculares
Apple Airpods Headphones,1,150,2022-02-03,"735 Meadow St, Boston, MA 02215",Auriculares
Lightning Charging Cable,1,14.95,2022-02-09,"737 2nd St, Los Angeles, CA 90001",Cargadores
Google Phone,1,600,2022-02-02,"488 Jackson St, New York City, NY 10001",Teléfonos
Wired Headphones,1,11.99,2022-02-02,"488 Jackson St, New York City, NY 10001",Auriculares
Lightning Charging Cable,1,14.95,2022-02-01,"503 Main St, San Francisco, CA 94016",Cargadores
27in FHD Monitor,1,149.99,2022-02-11,"656 Highland St, Los Angeles, CA 90001",Monitores
27in 4K Gaming Monitor,1,389.99,2022-02-09,"713 14th St, Atlanta, GA 30301",Monitores
AA Batteries (4-pack),1,3.84,2022-02-06,"744 Hickory St, Dallas, TX 75001",Pilas
Lightning Charging Cable,1,14.95,2022-02-02,"622 8th St, Atlanta, GA 30301",Cargadores
AA Batteries (4-pack),3,3.84,2022-02-08,"337 Cedar St, New York City, NY 10001",Pilas
Macbook Pro Laptop,1,1700,2022-02-01,"42 5th St, Austin, TX 73301",Portátiles
Apple Airpods Headphones,1,150,2022-02-03,"623 Center St, New York City, NY 10001",Auriculares
AA Batteries (4-pack),1,3.84,2022-02-08,"736 Madison St, San Francisco, CA 94016",Pilas
Lightning Charging Cable,1,14.95,2022-02-10,"464 Maple St, Atlanta, GA 30301",Cargadores
USB-C Charging Cable,2,11.95,2022-02-10,"152 Cedar St, San Francisco, CA 94016",Cargadores
AAA Batteries (4-pack),2,2.99,2022-02-11,"645 9th St, Austin, TX 73301",Pilas
27in FHD Monitor,1,149.99,2022-02-11,"965 12th St, Portland, ME 04101",Monitores
Lightning Charging Cable,1,14.95,2022-02-02,"543 7th St, Los Angeles, CA 90001",Cargadores
Flatscreen TV,1,300,2022-02-05,"877 Wilson St, Seattle, WA 98101",Televisores
AA Batteries (4-pack),1,3.84,2022-02-08,"170 Hickory St, New York City, NY 10001",Pilas
Apple Airpods Headphones,1,150,2022-02-01,"50 6th St, San Francisco, CA 94016",Auriculares
Lightning Charging Cable,1,14.95,2022-02-06,"250 11th St, New York City, NY 10001",Cargadores
AA Batteries (4-pack),2,3.84,2022-02-06,"250 11th St, New York City, NY 10001",Pilas
AA Batteries (4-pack),1,3.84,2022-02-08,"981 13th St, Seattle, WA 98101",Pilas
Apple Airpods Headphones,1,150,2022-02-09,"679 Wilson St, Los Angeles, CA 90001",Auriculares
Apple Airpods Headphones,1,150,2022-02-04,"628 Jackson St, Portland, OR 97035",Auriculares
AAA Batteries (4-pack),3,2.99,2022-02-07,"428 13th St, New York City, NY 10001",Pilas
AA Batteries (4-pack),1,3.84,2022-02-12,"808 13th St, Dallas, TX 75001",Pilas
AA Batteries (4-pack),1,3.84,2022-02-10,"351 10th St, Atlanta, GA 30301",Pilas
AAA Batteries (4-pack),5,2.99,2022-02-06,"372 Willow St, New York City, NY 10001",Pilas
AAA Batteries (4-pack),4,2.99,2022-02-04,"623 Dogwood St, Los Angeles, CA 90001",Pilas
Lightning Charging Cable,1,14.95,2022-02-05,"22 River St, San Francisco, CA 94016",Cargadores
USB-C Charging Cable,1,11.95,2022-02-04,"744 Willow St, Atlanta, GA 30301",Cargadores
Bose SoundSport Headphones,1,99.99,2022-02-05,"883 Church St, Austin, TX 73301",Auriculares
34in Ultrawide Monitor,1,379.99,2022-02-11,"386 Center St, Atlanta, GA 30301",Monitores
Bose SoundSport Headphones,1,99.99,2022-02-11,"383 Church St, Los Angeles, CA 90001",Auriculares
AAA Batteries (4-pack),2,2.99,2022-02-05,"794 Lakeview St, San Francisco, CA 94016",Pilas
Wired Headphones,1,11.99,2022-02-08,"911 Wilson St, Portland, OR 97035",Auriculares
Apple Airpods Headphones,1,150,2022-02-07,"67 13th St, Boston, MA 02215",Auriculares
Lightning Charging Cable,1,14.95,2022-02-05,"132 Adams St, Austin, TX 73301",Cargadores
Flatscreen TV,1,300,2022-02-08,"90 Main St, San Francisco, CA 94016",Televisores
27in FHD Monitor,1,149.99,2022-02-01,"296 Maple St, New York City, NY 10001",Monitores
AAA Batteries (4-pack),1,2.99,2022-02-12,"474 Main St, Los Angeles, CA 90001",Pilas
AAA Batteries (4-pack),4,2.99,2022-02-10,"773 Ridge St, San Francisco, CA 94016",Pilas
AA Batteries (4-pack),2,3.84,2022-02-11,"986 Willow St, San Francisco, CA 94016",Pilas
USB-C Charging Cable,1,11.95,2022-02-11,"455 1st St, Seattle, WA 98101",Cargadores
Wired Headphones,1,11.99,2022-02-03,"273 12th St, Dallas, TX 75001",Auriculares
Wired Headphones,1,11.99,2022-02-03,"232 6th St, Boston, MA 02215",Auriculares
AAA Batteries (4-pack),3,2.99,2022-02-10,"283 Jefferson St, New York City, NY 10001",Pilas
Google Phone,1,600,2022-02-05,"862 Spruce St, Austin, TX 73301",Teléfonos
USB-C Charging Cable,1,11.95,2022-02-05,"862 Spruce St, Austin, TX 73301",Cargadores
Macbook Pro Laptop,1,1700,2022-02-11,"37 2nd St, San Francisco, CA 94016",Portátiles
USB-C Charging Cable,2,11.95,2022-02-12,"371 South St, Dallas, TX 75001",Cargadores
AA Batteries (4-pack),1,3.84,2022-02-08,"191 13th St, Boston, MA 02215",Pilas
AAA Batteries (4-pack),1,2.99,2022-02-05,"924 Hill St, Dallas, TX 75001",Pilas
Wired Headphones,1,11.99,2022-02-07,"833 8th St, Austin, TX 73301",Auriculares
iPhone,1,700,2022-02-06,"81 7th St, Los Angeles, CA 90001",Teléfonos
AA Batteries (4-pack),1,3.84,2022-02-02,"314 Hickory St, Boston, MA 02215",Pilas
Lightning Charging Cable,1,14.95,2022-02-01,"849 Dogwood St, Portland, OR 97035",Cargadores
34in Ultrawide Monitor,1,379.99,2022-02-08,"387 Maple St, Dallas, TX 75001",Monitores
Wired Headphones,1,11.99,2022-02-10,"449 Chestnut St, New York City, NY 10001",Auriculares
AAA Batteries (4-pack),4,2.99,2022-02-10,"538 11th St, Portland, OR 97035",Pilas
Flatscreen TV,1,300,2022-02-10,"234 Ridge St, Los Angeles, CA 90001",Televisores
AAA Batteries (4-pack),1,2.99,2022-02-11,"284 Park St, San Francisco, CA 94016",Pilas
USB-C Charging Cable,2,11.95,2022-02-11,"849 11th St, New York City, NY 10001",Cargadores
Bose SoundSport Headphones,1,99.99,2022-02-02,"421 Spruce St, San Francisco, CA 94016",Auriculares
27in 4K Gaming Monitor,1,389.99,2022-02-09,"928 Chestnut St, Portland, ME 04101",Monitores
AA Batteries (4-pack),1,3.84,2022-02-03,"342 Highland St, Boston, MA 02215",Pilas
AA Batteries (4-pack),2,3.84,2022-02-05,"183 Dogwood St, San Francisco, CA 94016",Pilas
AAA Batteries (4-pack),1,2.99,2022-02-02,"335 9th St, Dallas, TX 75001",Pilas
Macbook Pro Laptop,1,1700,2022-02-13,"594 South St, Dallas, TX 75001",Portátiles
USB-C Charging Cable,1,11.95,2022-02-08,"812 Wilson St, San Francisco, CA 94016",Cargadores
Bose SoundSport Headphones,1,99.99,2022-02-01,"139 Chestnut St, Austin, TX 73301",Auriculares
AAA Batteries (4-pack),1,2.99,2022-02-03,"862 West St, Dallas, TX 75001",Pilas
USB-C Charging Cable,1,11.95,2022-02-03,"967 Adams St, Boston, MA 02215",Cargadores
Wired Headphones,1,11.99,2022-02-11,"262 Church St, Los Angeles, CA 90001",Auriculares
27in FHD Monitor,1,149.99,2022-02-12,"951 Spruce St, Boston, MA 02215",Monitores
USB-C Charging Cable,1,11.95,2022-02-07,"768 Cherry St, Dallas, TX 75001",Cargadores
Lightning Charging Cable,1,14.95,2022-02-09,"161 1st St, Portland, OR 97035",Cargadores
USB-C Charging Cable,1,11.95,2022-02-08,"952 Wilson St, Boston, MA 02215",Cargadores
AAA Batteries (4-pack),1,2.99,2022-02-09,"483 Highland St, Boston, MA 02215",Pilas
Apple Airpods Headphones,1,150,2022-02-10,"46 4th St, San Francisco, CA 94016",Auriculares
Bose SoundSport Headphones,1,99.99,2022-02-02,"996 South St, Boston, MA 02215",Auriculares
Wired Headphones,2,11.99,2022-02-03,"715 9th St, Los Angeles, CA 90001",Auriculares
USB-C Charging Cable,1,11.95,2022-02-06,"584 9th St, Portland, OR 97035",Cargadores
AAA Batteries (4-pack),1,2.99,2022-02-02,"158 Meadow St, New York City, NY 10001",Pilas
Wired Headphones,1,11.99,2022-02-09,"917 Cedar St, San Francisco, CA 94016",Auriculares
27in 4K Gaming Monitor,1,389.99,2022-02-01,"5 River St, San Francisco, CA 94016",Monitores
AA Batteries (4-pack),1,3.84,2022-02-01,"969 6th St, San Francisco, CA 94016",Pilas
Bose SoundSport Headphones,1,99.99,2022-02-05,"906 Jefferson St, San Francisco, CA 94016",Auriculares
AA Batteries (4-pack),1,3.84,2022-02-02,"526 7th St, Los Angeles, CA 90001",Pilas
AA Batteries (4-pack),1,3.84,2022-02-05,"625 13th St, New York City, NY 10001",Pilas
USB-C Charging Cable,1,11.95,2022-02-02,"985 Hickory St, New York City, NY 10001",Cargadores
AA Batteries (4-pack),1,3.84,2022-02-08,"257 Jefferson St, San Francisco, CA 94016",Pilas
Bose SoundSport Headphones,1,99.99,2022-02-07,"777 Ridge St, Los Angeles, CA 90001",Auriculares
Apple Airpods Headphones,1,150,2022-02-03,"58 10th St, San Francisco, CA 94016",Auriculares
iPhone,1,700,2022-02-02,"754 Cherry St, Boston, MA 02215",Teléfonos
Wired Headphones,1,11.99,2022-02-02,"754 Cherry St, Boston, MA 02215",Auriculares
Google Phone,1,600,2022-02-03,"546 Johnson St, San Francisco, CA 94016",Teléfonos
Apple Airpods Headphones,1,150,2022-02-11,"45 Center St, Boston, MA 02215",Auriculares
27in 4K Gaming Monitor,1,389.99,2022-02-06,"92 Madison St, San Francisco, CA 94016",Monitores
Bose SoundSport Headphones,1,99.99,2022-02-05,"823 Walnut St, New York City, NY 10001",Auriculares
Apple Airpods Headphones,1,150,2022-02-08,"181 Cedar St, Boston, MA 02215",Auriculares
AA Batteries (4-pack),1,3.84,2022-02-05,"772 7th St, Portland, OR 97035",Pilas
Apple Airpods Headphones,1,150,2022-02-01,"310 Adams St, San Francisco, CA 94016",Auriculares
USB-C Charging Cable,1,11.95,2022-02-05,"753 Pine St, Austin, TX 73301",Cargadores
AA Batteries (4-pack),1,3.84,2022-02-01,"91 8th St, San Francisco, CA 94016",Pilas
Flatscreen TV,1,300,2022-02-06,"292 Pine St, New York City, NY 10001",Televisores
AA Batteries (4-pack),1,3.84,2022-02-10,"138 2nd St, New York City, NY 10001",Pilas
27in 4K Gaming Monitor,1,389.99,2022-02-07,"915 Madison St, Dallas, TX 75001",Monitores
Wired Headphones,1,11.99,2022-02-11,"741 Adams St, Austin, TX 73301",Auriculares
AA Batteries (4-pack),1,3.84,2022-02-10,"31 Park St, Austin, TX 73301",Pilas
Macbook Pro Laptop,1,1700,2022-02-02,"352 12th St, San Francisco, CA 94016",Portátiles
27in 4K Gaming Monitor,1,389.99,2022-02-02,"713 Hill St, San Francisco, CA 94016",Monitores
Google Phone,1,600,2022-02-01,"78 Washington St, Portland, ME 04101",Teléfonos
ThinkPad Laptop,1,999.99,2022-02-04,"566 Elm St, New York City, NY 10001",Portátiles
Bose SoundSport Headphones,1,99.99,2022-02-05,"716 7th St, San Francisco, CA 94016",Auriculares
Apple Airpods Headphones,1,150,2022-02-10,"31 7th St, Los Angeles, CA 90001",Auriculares
Google Phone,1,600,2022-02-03,"770 Walnut St, Dallas, TX 75001",Teléfonos
Bose SoundSport Headphones,1,99.99,2022-02-01,"146 Johnson St, New York City, NY 10001",Auriculares
27in 4K Gaming Monitor,1,389.99,2022-02-10,"678 Sunset St, San Francisco, CA 94016",Monitores
USB-C Charging Cable,1,11.95,2022-02-06,"53 Madison St, San Francisco, CA 94016",Cargadores
iPhone,1,700,2022-02-07,"112 River St, Seattle, WA 98101",Teléfonos
Lightning Charging Cable,1,14.95,2022-02-07,"112 River St, Seattle, WA 98101",Cargadores
Bose SoundSport Headphones,1,99.99,2022-02-01,"105 Center St, Los Angeles, CA 90001",Auriculares
USB-C Charging Cable,1,11.95,2022-02-01,"947 Pine St, Boston, MA 02215",Cargadores
Lightning Charging Cable,1,14.95,2022-02-09,"689 Lincoln St, Atlanta, GA 30301",Cargadores
Apple Airpods Headphones,1,150,2022-02-09,"78 4th St, Austin, TX 73301",Auriculares
Wired Headphones,1,11.99,2022-02-11,"309 2nd St, Los Angeles, CA 90001",Auriculares
Flatscreen TV,1,300,2022-02-07,"788 Park St, New York City, NY 10001",Televisores
AAA Batteries (4-pack),1,2.99,2022-02-06,"277 Dogwood St, New York City, NY 10001",Pilas
Wired Headphones,1,11.99,2022-02-02,"437 Walnut St, Dallas, TX 75001",Auriculares
AA Batteries (4-pack),1,3.84,2022-02-02,"147 Park St, Los Angeles, CA 90001",Pilas
ThinkPad Laptop,1,999.99,2022-02-09,"232 Willow St, Seattle, WA 98101",Portátiles
34in Ultrawide Monitor,1,379.99,2022-02-08,"709 River St, San Francisco, CA 94016",Monitores
Flatscreen TV,1,300,2022-02-09,"401 Park St, New York City, NY 10001",Televisores
Apple Airpods Headphones,1,150,2022-02-06,"620 5th St, San Francisco, CA 94016",Auriculares
Vareebadd Phone,1,400,2022-02-11,"310 4th St, Atlanta, GA 30301",Teléfonos
USB-C Charging Cable,1,11.95,2022-02-11,"310 4th St, Atlanta, GA 30301",Cargadores
iPhone,1,700,2022-02-10,"148 Cherry St, Los Angeles, CA 90001",Teléfonos
Lightning Charging Cable,1,14.95,2022-02-10,"148 Cherry St, Los Angeles, CA 90001",Cargadores
Wired Headphones,1,11.99,2022-02-10,"46 Pine St, San Francisco, CA 94016",Auriculares
Lightning Charging Cable,1,14.95,2022-02-10,"933 Park St, Dallas, TX 75001",Cargadores
Wired Headphones,1,11.99,2022-02-12,"400 8th St, Atlanta, GA 30301",Auriculares
Apple Airpods Headphones,1,150,2022-02-03,"312 5th St, Portland, OR 97035",Auriculares
AA Batteries (4-pack),2,3.84,2022-02-05,"417 6th St, San Francisco, CA 94016",Pilas
AAA Batteries (4-pack),2,2.99,2022-02-07,"417 10th St, Dallas, TX 75001",Pilas
Google Phone,1,600,2022-02-02,"424 Meadow St, Los Angeles, CA 90001",Teléfonos
34in Ultrawide Monitor,1,379.99,2022-02-03,"714 Main St, Atlanta, GA 30301",Monitores
iPhone,1,700,2022-02-08,"65 Hill St, Atlanta, GA 30301",Teléfonos
USB-C Charging Cable,1,11.95,2022-02-11,"685 Lake St, San Francisco, CA 94016",Cargadores
USB-C Charging Cable,1,11.95,2022-02-02,"518 Madison St, Dallas, TX 75001",Cargadores
USB-C Charging Cable,1,11.95,2022-02-05,"722 Center St, Los Angeles, CA 90001",Cargadores
Apple Airpods Headphones,1,150,2022-02-10,"545 Lake St, Dallas, TX 75001",Auriculares
iPhone,1,700,2022-02-05,"956 10th St, San Francisco, CA 94016",Teléfonos
Apple Airpods Headphones,1,150,2022-02-12,"5 Walnut St, Atlanta, GA 30301",Auriculares
USB-C Charging Cable,1,11.95,2022-02-06,"887 Lakeview St, New York City, NY 10001",Cargadores
Lightning Charging Cable,2,14.95,2022-02-04,"355 Willow St, Los Angeles, CA 90001",Cargadores
USB-C Charging Cable,1,11.95,2022-02-03,"222 13th St, Atlanta, GA 30301",Cargadores
Macbook Pro Laptop,1,1700,2022-02-01,"425 9th St, Boston, MA 02215",Portátiles
USB-C Charging Cable,1,11.95,2022-02-07,"781 South St, San Francisco, CA 94016",Cargadores
Apple Airpods Headphones,1,150,2022-02-10,"274 Spruce St, Portland, OR 97035",Auriculares
Lightning Charging Cable,1,14.95,2022-02-11,"813 Lake St, Los Angeles, CA 90001",Cargadores
Lightning Charging Cable,1,14.95,2022-02-10,"735 Willow St, New York City, NY 10001",Cargadores
AA Batteries (4-pack),1,3.84,2022-02-08,"312 Maple St, Dallas, TX 75001",Pilas
Bose SoundSport Headphones,1,99.99,2022-02-01,"655 Jackson St, Dallas, TX 75001",Auriculares
Wired Headphones,1,11.99,2022-02-01,"189 Church St, Boston, MA 02215",Auriculares
Bose SoundSport Headphones,1,99.99,2022-02-07,"692 Park St, Los Angeles, CA 90001",Auriculares
AA Batteries (4-pack),2,3.84,2022-02-02,"730 10th St, Austin, TX 73301",Pilas
Wired Headphones,1,11.99,2022-02-05,"275 Willow St, San Francisco, CA 94016",Auriculares
ThinkPad Laptop,1,999.99,2022-02-07,"714 Willow St, Boston, MA 02215",Portátiles
AA Batteries (4-pack),1,3.84,2022-02-09,"306 Lakeview St, Seattle, WA 98101",Pilas
AAA Batteries (4-pack),1,2.99,2022-02-08,"643 River St, Boston, MA 02215",Pilas
Lightning Charging Cable,1,14.95,2022-02-06,"588 Lincoln St, Boston, MA 02215",Cargadores
USB-C Charging Cable,1,11.95,2022-02-03,"519 South St, New York City, NY 10001",Cargadores
AA Batteries (4-pack),2,3.84,2022-02-01,"537 River St, Boston, MA 02215",Pilas
AAA Batteries (4-pack),2,2.99,2022-02-05,"935 Lincoln St, San Francisco, CA 94016",Pilas
AAA Batteries (4-pack),1,2.99,2022-02-05,"984 8th St, San Francisco, CA 94016",Pilas
Google Phone,1,600,2022-02-08,"530 Willow St, San Francisco, CA 94016",Teléfonos
USB-C Charging Cable,1,11.95,2022-02-08,"530 Willow St, San Francisco, CA 94016",Cargadores
Apple Airpods Headphones,1,150,2022-02-09,"257 14th St, Atlanta, GA 30301",Auriculares
ThinkPad Laptop,1,999.99,2022-02-07,"475 Church St, New York City, NY 10001",Portátiles
Apple Airpods Headphones,1,150,2022-02-01,"78 Main St, Seattle, WA 98101",Auriculares
Apple Airpods Headphones,1,150,2022-02-10,"349 8th St, Dallas, TX 75001",Auriculares
USB-C Charging Cable,1,11.95,2022-02-07,"979 Washington St, San Francisco, CA 94016",Cargadores
Apple Airpods Headphones,1,150,2022-02-02,"465 Walnut St, Seattle, WA 98101",Auriculares
20in Monitor,1,109.99,2022-02-06,"845 14th St, Dallas, TX 75001",Monitores
AA Batteries (4-pack),1,3.84,2022-02-02,"647 9th St, San Francisco, CA 94016",Pilas
27in 4K Gaming Monitor,1,389.99,2022-02-04,"317 12th St, New York City, NY 10001",Monitores
Lightning Charging Cable,1,14.95,2022-02-05,"53 Willow St, Atlanta, GA 30301",Cargadores
Lightning Charging Cable,1,14.95,2022-02-03,"938 West St, New York City, NY 10001",Cargadores
AA Batteries (4-pack),1,3.84,2022-02-04,"813 North St, Atlanta, GA 30301",Pilas
iPhone,1,700,2022-02-06,"251 10th St, Atlanta, GA 30301",Teléfonos
Google Phone,1,600,2022-02-05,"250 6th St, San Francisco, CA 94016",Teléfonos
AA Batteries (4-pack),1,3.84,2022-02-01,"58 13th St, Boston, MA 02215",Pilas
LG Dryer,1,600.0,2022-02-04,"779 5th St, San Francisco, CA 94016",Electrodomésticos
AA Batteries (4-pack),2,3.84,2022-02-10,"758 Jackson St, New York City, NY 10001",Pilas
Apple Airpods Headphones,1,150,2022-02-04,"253 6th St, Portland, OR 97035",Auriculares
USB-C Charging Cable,2,11.95,2022-02-05,"944 Wilson St, Los Angeles, CA 90001",Cargadores
20in Monitor,1,109.99,2022-02-01,"781 Forest St, New York City, NY 10001",Monitores
iPhone,1,700,2022-02-08,"795 Center St, Portland, OR 97035",Teléfonos
USB-C Charging Cable,2,11.95,2022-02-06,"34 Lakeview St, Los Angeles, CA 90001",Cargadores
Lightning Charging Cable,1,14.95,2022-02-04,"402 Meadow St, Dallas, TX 75001",Cargadores
Wired Headphones,1,11.99,2022-02-12,"423 West St, Boston, MA 02215",Auriculares
Macbook Pro Laptop,1,1700,2022-02-05,"400 Cedar St, Austin, TX 73301",Portátiles
34in Ultrawide Monitor,1,379.99,2022-02-01,"487 Lincoln St, San Francisco, CA 94016",Monitores
Lightning Charging Cable,3,14.95,2022-02-12,"111 Dogwood St, Los Angeles, CA 90001",Cargadores
iPhone,1,700,2022-02-11,"484 12th St, San Francisco, CA 94016",Teléfonos
Apple Airpods Headphones,1,150,2022-02-11,"484 12th St, San Francisco, CA 94016",Auriculares
Wired Headphones,1,11.99,2022-02-11,"484 12th St, San Francisco, CA 94016",Auriculares
AA Batteries (4-pack),1,3.84,2022-02-05,"717 Spruce St, Dallas, TX 75001",Pilas
AA Batteries (4-pack),3,3.84,2022-02-04,"53 Hill St, Los Angeles, CA 90001",Pilas
AA Batteries (4-pack),1,3.84,2022-02-06,"250 Maple St, Los Angeles, CA 90001",Pilas
AAA Batteries (4-pack),3,2.99,2022-02-07,"368 Spruce St, Dallas, TX 75001",Pilas
Lightning Charging Cable,1,14.95,2022-02-13,"96 Elm St, Boston, MA 02215",Cargadores
AAA Batteries (4-pack),4,2.99,2022-02-08,"875 13th St, New York City, NY 10001",Pilas
34in Ultrawide Monitor,1,379.99,2022-02-08,"875 13th St, New York City, NY 10001",Monitores
Apple Airpods Headphones,1,150,2022-02-10,"24 Washington St, San Francisco, CA 94016",Auriculares
Apple Airpods Headphones,1,150,2022-02-12,"371 10th St, Portland, ME 04101",Auriculares
USB-C Charging Cable,1,11.95,2022-02-07,"472 River St, Austin, TX 73301",Cargadores
Apple Airpods Headphones,1,150,2022-02-07,"123 Willow St, Atlanta, GA 30301",Auriculares
Lightning Charging Cable,1,14.95,2022-02-12,"391 Cedar St, Boston, MA 02215",Cargadores
Lightning Charging Cable,2,14.95,2022-02-12,"729 12th St, San Francisco, CA 94016",Cargadores
USB-C Charging Cable,1,11.95,2022-02-01,"57 Dogwood St, Los Angeles, CA 90001",Cargadores
USB-C Charging Cable,1,11.95,2022-02-07,"706 8th St, Boston, MA 02215",Cargadores
27in FHD Monitor,1,149.99,2022-02-05,"689 North St, Los Angeles, CA 90001",Monitores
Lightning Charging Cable,1,14.95,2022-02-05,"988 Jefferson St, Los Angeles, CA 90001",Cargadores
Lightning Charging Cable,1,14.95,2022-02-03,"711 Madison St, San Francisco, CA 94016",Cargadores
Lightning Charging Cable,2,14.95,2022-02-06,"169 6th St, Los Angeles, CA 90001",Cargadores
Apple Airpods Headphones,1,150,2022-02-06,"280 Wilson St, Portland, OR 97035",Auriculares
Google Phone,1,600,2022-02-05,"659 Lincoln St, San Francisco, CA 94016",Teléfonos
AA Batteries (4-pack),1,3.84,2022-02-03,"97 7th St, San Francisco, CA 94016",Pilas
Wired Headphones,1,11.99,2022-02-01,"426 Forest St, Seattle, WA 98101",Auriculares
iPhone,1,700,2022-02-12,"351 Pine St, Dallas, TX 75001",Teléfonos
USB-C Charging Cable,1,11.95,2022-02-08,"772 2nd St, Seattle, WA 98101",Cargadores
AA Batteries (4-pack),1,3.84,2022-02-12,"585 1st St, San Francisco, CA 94016",Pilas
Bose SoundSport Headphones,1,99.99,2022-02-04,"74 Hill St, San Francisco, CA 94016",Auriculares
USB-C Charging Cable,1,11.95,2022-02-06,"499 Jackson St, Dallas, TX 75001",Cargadores
Lightning Charging Cable,1,14.95,2022-02-02,"144 Dogwood St, Boston, MA 02215",Cargadores
AA Batteries (4-pack),2,3.84,2022-02-03,"794 Jefferson St, Portland, OR 97035",Pilas
Lightning Charging Cable,1,14.95,2022-02-12,"161 Willow St, New York City, NY 10001",Cargadores
AA Batteries (4-pack),2,3.84,2022-02-02,"646 Dogwood St, Los Angeles, CA 90001",Pilas
27in 4K Gaming Monitor,1,389.99,2022-02-04,"965 North St, Boston, MA 02215",Monitores
AAA Batteries (4-pack),1,2.99,2022-02-04,"440 Highland St, Seattle, WA 98101",Pilas
Wired Headphones,1,11.99,2022-02-08,"471 Lakeview St, San Francisco, CA 94016",Auriculares
Apple Airpods Headphones,1,150,2022-02-09,"738 River St, Portland, OR 97035",Auriculares
AAA Batteries (4-pack),1,2.99,2022-02-11,"493 Cedar St, Seattle, WA 98101",Pilas
Wired Headphones,1,11.99,2022-02-05,"719 Willow St, Boston, MA 02215",Auriculares
AAA Batteries (4-pack),3,2.99,2022-02-05,"661 Wilson St, New York City, NY 10001",Pilas
Wired Headphones,1,11.99,2022-02-09,"578 Adams St, Austin, TX 73301",Auriculares
AA Batteries (4-pack),1,3.84,2022-02-11,"295 Elm St, Austin, TX 73301",Pilas
AAA Batteries (4-pack),1,2.99,2022-02-11,"896 14th St, New York City, NY 10001",Pilas
USB-C Charging Cable,1,11.95,2022-02-06,"871 9th St, Austin, TX 73301",Cargadores
27in FHD Monitor,1,149.99,2022-02-11,"864 Meadow St, Los Angeles, CA 90001",Monitores
AA Batteries (4-pack),2,3.84,2022-02-12,"112 Chestnut St, Portland, OR 97035",Pilas
AA Batteries (4-pack),1,3.84,2022-02-03,"96 Lincoln St, Seattle, WA 98101",Pilas
34in Ultrawide Monitor,1,379.99,2022-02-07,"285 9th St, Portland, OR 97035",Monitores
Wired Headphones,1,11.99,2022-02-11,"7 Main St, San Francisco, CA 94016",Auriculares
Vareebadd Phone,1,400,2022-02-01,"277 Adams St, Portland, OR 97035",Teléfonos
Wired Headphones,1,11.99,2022-02-07,"487 10th St, San Francisco, CA 94016",Auriculares
USB-C Charging Cable,1,11.95,2022-02-01,"792 5th St, Atlanta, GA 30301",Cargadores
Lightning Charging Cable,1,14.95,2022-02-03,"436 12th St, Seattle, WA 98101",Cargadores
Wired Headphones,1,11.99,2022-02-11,"504 Highland St, Dallas, TX 75001",Auriculares
USB-C Charging Cable,1,11.95,2022-02-11,"976 Highland St, San Francisco, CA 94016",Cargadores
Flatscreen TV,1,300,2022-02-10,"122 Forest St, San Francisco, CA 94016",Televisores
AAA Batteries (4-pack),1,2.99,2022-02-09,"862 Washington St, New York City, NY 10001",Pilas
Bose SoundSport Headphones,1,99.99,2022-02-07,"247 13th St, San Francisco, CA 94016",Auriculares
Flatscreen TV,1,300,2022-02-10,"417 Ridge St, New York City, NY 10001",Televisores
AAA Batteries (4-pack),1,2.99,2022-02-12,"794 1st St, Boston, MA 02215",Pilas
Lightning Charging Cable,1,14.95,2022-02-10,"158 Main St, San Francisco, CA 94016",Cargadores
Wired Headphones,1,11.99,2022-02-01,"208 Wilson St, San Francisco, CA 94016",Auriculares
Wired Headphones,1,11.99,2022-02-06,"70 Forest St, Portland, OR 97035",Auriculares
USB-C Charging Cable,1,11.95,2022-02-07,"722 Meadow St, Los Angeles, CA 90001",Cargadores
Vareebadd Phone,1,400,2022-02-01,"236 Lincoln St, Los Angeles, CA 90001",Teléfonos
USB-C Charging Cable,1,11.95,2022-02-01,"236 Lincoln St, Los Angeles, CA 90001",Cargadores
Wired Headphones,1,11.99,2022-02-01,"236 Lincoln St, Los Angeles, CA 90001",Auriculares
27in FHD Monitor,1,149.99,2022-02-01,"758 River St, Los Angeles, CA 90001",Monitores
Google Phone,1,600,2022-02-10,"334 11th St, Los Angeles, CA 90001",Teléfonos
USB-C Charging Cable,1,11.95,2022-02-10,"334 11th St, Los Angeles, CA 90001",Cargadores
USB-C Charging Cable,1,11.95,2022-02-10,"264 7th St, Boston, MA 02215",Cargadores
20in Monitor,1,109.99,2022-02-05,"572 Jefferson St, Boston, MA 02215",Monitores
Wired Headphones,1,11.99,2022-02-05,"409 Park St, San Francisco, CA 94016",Auriculares
Flatscreen TV,1,300,2022-02-02,"214 Elm St, San Francisco, CA 94016",Televisores
Google Phone,1,600,2022-02-12,"486 2nd St, Dallas, TX 75001",Teléfonos
Apple Airpods Headphones,1,150,2022-02-06,"965 Sunset St, Portland, ME 04101",Auriculares
AAA Batteries (4-pack),1,2.99,2022-02-11,"203 Lakeview St, Los Angeles, CA 90001",Pilas
iPhone,1,700,2022-02-04,"992 8th St, Los Angeles, CA 90001",Teléfonos
20in Monitor,1,109.99,2022-02-04,"720 9th St, San Francisco, CA 94016",Monitores
Wired Headphones,1,11.99,2022-02-04,"756 10th St, San Francisco, CA 94016",Auriculares
Google Phone,1,600,2022-02-08,"856 Adams St, Boston, MA 02215",Teléfonos
AAA Batteries (4-pack),2,2.99,2022-02-07,"11 10th St, San Francisco, CA 94016",Pilas
27in FHD Monitor,1,149.99,2022-02-05,"909 Wilson St, San Francisco, CA 94016",Monitores
AA Batteries (4-pack),3,3.84,2022-02-11,"866 13th St, New York City, NY 10001",Pilas
AAA Batteries (4-pack),2,2.99,2022-02-04,"387 Adams St, Atlanta, GA 30301",Pilas
Lightning Charging Cable,1,14.95,2022-02-06,"798 Elm St, Dallas, TX 75001",Cargadores
27in 4K Gaming Monitor,1,389.99,2022-02-05,"783 Church St, San Francisco, CA 94016",Monitores
AAA Batteries (4-pack),2,2.99,2022-02-02,"297 Madison St, San Francisco, CA 94016",Pilas
USB-C Charging Cable,1,11.95,2022-02-01,"498 Dogwood St, Austin, TX 73301",Cargadores
Flatscreen TV,1,300,2022-02-05,"745 Dogwood St, San Francisco, CA 94016",Televisores
AA Batteries (4-pack),1,3.84,2022-02-06,"665 7th St, Los Angeles, CA 90001",Pilas
34in Ultrawide Monitor,1,379.99,2022-02-02,"589 Dogwood St, San Francisco, CA 94016",Monitores
iPhone,1,700,2022-02-11,"313 6th St, Los Angeles, CA 90001",Teléfonos
AAA Batteries (4-pack),1,2.99,2022-02-08,"744 Lincoln St, Seattle, WA 98101",Pilas
Wired Headphones,1,11.99,2022-02-04,"505 Center St, Los Angeles, CA 90001",Auriculares
Wired Headphones,1,11.99,2022-02-01,"363 Cedar St, San Francisco, CA 94016",Auriculares
AA Batteries (4-pack),3,3.84,2022-02-07,"25 Lakeview St, Portland, OR 97035",Pilas
27in 4K Gaming Monitor,1,389.99,2022-02-11,"242 South St, Dallas, TX 75001",Monitores
ThinkPad Laptop,1,999.99,2022-02-12,"346 Sunset St, San Francisco, CA 94016",Portátiles
USB-C Charging Cable,1,11.95,2022-02-09,"75 Willow St, Boston, MA 02215",Cargadores
AAA Batteries (4-pack),1,2.99,2022-02-12,"685 Forest St, Austin, TX 73301",Pilas
AA Batteries (4-pack),1,3.84,2022-02-07,"609 Lincoln St, Los Angeles, CA 90001",Pilas
Bose SoundSport Headphones,1,99.99,2022-02-07,"136 Ridge St, Boston, MA 02215",Auriculares
Vareebadd Phone,1,400,2022-02-07,"937 Elm St, New York City, NY 10001",Teléfonos
ThinkPad Laptop,1,999.99,2022-02-01,"681 River St, Atlanta, GA 30301",Portátiles
Macbook Pro Laptop,1,1700,2022-02-03,"156 10th St, Austin, TX 73301",Portátiles
Apple Airpods Headphones,1,150,2022-02-08,"628 Cedar St, New York City, NY 10001",Auriculares
Lightning Charging Cable,1,14.95,2022-02-10,"890 9th St, Dallas, TX 75001",Cargadores
Wired Headphones,1,11.99,2022-02-07,"557 Walnut St, Los Angeles, CA 90001",Auriculares
USB-C Charging Cable,1,11.95,2022-02-09,"85 Maple St, New York City, NY 10001",Cargadores
USB-C Charging Cable,1,11.95,2022-02-07,"469 5th St, San Francisco, CA 94016",Cargadores
Apple Airpods Headphones,1,150,2022-02-05,"447 Johnson St, San Francisco, CA 94016",Auriculares
iPhone,1,700,2022-02-04,"19 Meadow St, Boston, MA 02215",Teléfonos
Lightning Charging Cable,1,14.95,2022-02-04,"19 Meadow St, Boston, MA 02215",Cargadores
AA Batteries (4-pack),1,3.84,2022-02-03,"220 Sunset St, Los Angeles, CA 90001",Pilas
Bose SoundSport Headphones,1,99.99,2022-02-11,"830 Cherry St, New York City, NY 10001",Auriculares
AAA Batteries (4-pack),1,2.99,2022-02-08,"269 Ridge St, Austin, TX 73301",Pilas
USB-C Charging Cable,1,11.95,2022-02-04,"777 Park St, Atlanta, GA 30301",Cargadores
Vareebadd Phone,1,400,2022-02-02,"785 Lakeview St, Seattle, WA 98101",Teléfonos
Wired Headphones,1,11.99,2022-02-09,"934 10th St, San Francisco, CA 94016",Auriculares
AAA Batteries (4-pack),1,2.99,2022-02-10,"67 Hill St, San Francisco, CA 94016",Pilas
Wired Headphones,1,11.99,2022-02-11,"381 Walnut St, San Francisco, CA 94016",Auriculares
Macbook Pro Laptop,1,1700,2022-02-05,"234 Wilson St, New York City, NY 10001",Portátiles
AA Batteries (4-pack),1,3.84,2022-02-08,"937 2nd St, Seattle, WA 98101",Pilas
Apple Airpods Headphones,1,150,2022-02-01,"402 South St, Los Angeles, CA 90001",Auriculares
Macbook Pro Laptop,1,1700,2022-02-01,"402 South St, Los Angeles, CA 90001",Portátiles
Lightning Charging Cable,1,14.95,2022-02-07,"368 11th St, Portland, ME 04101",Cargadores
27in FHD Monitor,1,149.99,2022-02-08,"670 Sunset St, Los Angeles, CA 90001",Monitores
Lightning Charging Cable,1,14.95,2022-02-12,"417 Lake St, New York City, NY 10001",Cargadores
Macbook Pro Laptop,1,1700,2022-02-10,"695 West St, Los Angeles, CA 90001",Portátiles
Wired Headphones,1,11.99,2022-02-02,"623 10th St, New York City, NY 10001",Auriculares
AAA Batteries (4-pack),1,2.99,2022-02-01,"554 Hickory St, Dallas, TX 75001",Pilas
USB-C Charging Cable,1,11.95,2022-02-05,"671 Main St, Dallas, TX 75001",Cargadores
Apple Airpods Headphones,1,150,2022-02-03,"885 Park St, Dallas, TX 75001",Auriculares
AA Batteries (4-pack),1,3.84,2022-02-03,"536 Chestnut St, Los Angeles, CA 90001",Pilas
AA Batteries (4-pack),1,3.84,2022-02-02,"221 Ridge St, San Francisco, CA 94016",Pilas
Wired Headphones,1,11.99,2022-02-04,"926 2nd St, Dallas, TX 75001",Auriculares
Apple Airpods Headphones,1,150,2022-02-02,"799 8th St, Austin, TX 73301",Auriculares
27in FHD Monitor,1,149.99,2022-02-01,"358 11th St, Austin, TX 73301",Monitores
Apple Airpods Headphones,1,150,2022-02-05,"389 Madison St, Boston, MA 02215",Auriculares
Flatscreen TV,1,300,2022-02-07,"735 9th St, New York City, NY 10001",Televisores
27in FHD Monitor,1,149.99,2022-02-04,"671 West St, New York City, NY 10001",Monitores
Apple Airpods Headphones,1,150,2022-02-06,"64 North St, San Francisco, CA 94016",Auriculares
Google Phone,1,600,2022-02-03,"85 West St, Dallas, TX 75001",Teléfonos
USB-C Charging Cable,1,11.95,2022-02-03,"85 West St, Dallas, TX 75001",Cargadores
iPhone,1,700,2022-02-12,"57 10th St, Austin, TX 73301",Teléfonos
Wired Headphones,1,11.99,2022-02-03,"819 West St, Boston, MA 02215",Auriculares
Flatscreen TV,1,300,2022-02-02,"505 Johnson St, Atlanta, GA 30301",Televisores
AA Batteries (4-pack),1,3.84,2022-02-10,"361 Cherry St, Los Angeles, CA 90001",Pilas
Macbook Pro Laptop,1,1700,2022-02-02,"52 Highland St, Los Angeles, CA 90001",Portátiles
Google Phone,1,600,2022-02-01,"341 Pine St, New York City, NY 10001",Teléfonos
Lightning Charging Cable,1,14.95,2022-02-09,"799 Sunset St, Austin, TX 73301",Cargadores
AAA Batteries (4-pack),1,2.99,2022-02-11,"18 Park St, San Francisco, CA 94016",Pilas
20in Monitor,1,109.99,2022-02-03,"537 Jefferson St, New York City, NY 10001",Monitores
27in 4K Gaming Monitor,1,389.99,2022-02-12,"955 6th St, Los Angeles, CA 90001",Monitores
USB-C Charging Cable,1,11.95,2022-02-01,"803 Cherry St, New York City, NY 10001",Cargadores
AAA Batteries (4-pack),1,2.99,2022-02-11,"621 Elm St, Dallas, TX 75001",Pilas
Wired Headphones,1,11.99,2022-02-04,"650 Sunset St, Los Angeles, CA 90001",Auriculares
Apple Airpods Headphones,1,150,2022-02-03,"571 Adams St, Portland, OR 97035",Auriculares
Macbook Pro Laptop,1,1700,2022-02-04,"428 Wilson St, Seattle, WA 98101",Portátiles
AA Batteries (4-pack),2,3.84,2022-02-07,"293 14th St, Boston, MA 02215",Pilas
USB-C Charging Cable,1,11.95,2022-02-07,"457 Forest St, Austin, TX 73301",Cargadores
iPhone,1,700,2022-02-06,"868 Spruce St, Boston, MA 02215",Teléfonos
Lightning Charging Cable,1,14.95,2022-02-06,"868 Spruce St, Boston, MA 02215",Cargadores
AA Batteries (4-pack),1,3.84,2022-02-07,"731 Ridge St, Austin, TX 73301",Pilas
AA Batteries (4-pack),1,3.84,2022-02-06,"49 9th St, Portland, ME 04101",Pilas
Apple Airpods Headphones,1,150,2022-02-09,"6 14th St, Seattle, WA 98101",Auriculares
27in FHD Monitor,1,149.99,2022-02-04,"518 1st St, Boston, MA 02215",Monitores
USB-C Charging Cable,1,11.95,2022-02-07,"529 5th St, San Francisco, CA 94016",Cargadores
USB-C Charging Cable,1,11.95,2022-02-07,"730 North St, San Francisco, CA 94016",Cargadores
Flatscreen TV,1,300,2022-02-03,"389 7th St, Boston, MA 02215",Televisores
Flatscreen TV,1,300,2022-02-05,"602 Lakeview St, Boston, MA 02215",Televisores
USB-C Charging Cable,1,11.95,2022-02-01,"111 2nd St, Dallas, TX 75001",Cargadores
USB-C Charging Cable,1,11.95,2022-02-08,"912 Adams St, New York City, NY 10001",Cargadores
Lightning Charging Cable,1,14.95,2022-02-04,"712 Cherry St, New York City, NY 10001",Cargadores
USB-C Charging Cable,1,11.95,2022-02-06,"259 14th St, Boston, MA 02215",Cargadores
Google Phone,1,600,2022-02-05,"757 Cherry St, Portland, OR 97035",Teléfonos
AAA Batteries (4-pack),2,2.99,2022-02-07,"442 Johnson St, Dallas, TX 75001",Pilas
AA Batteries (4-pack),1,3.84,2022-02-10,"513 Church St, Austin, TX 73301",Pilas
USB-C Charging Cable,1,11.95,2022-02-01,"144 Dogwood St, Los Angeles, CA 90001",Cargadores
Apple Airpods Headphones,1,150,2022-02-11,"848 7th St, New York City, NY 10001",Auriculares
Bose SoundSport Headphones,1,99.99,2022-02-07,"653 Pine St, Los Angeles, CA 90001",Auriculares
Wired Headphones,1,11.99,2022-02-05,"909 Forest St, Los Angeles, CA 90001",Auriculares
27in 4K Gaming Monitor,1,389.99,2022-02-05,"557 River St, Portland, OR 97035",Monitores
AA Batteries (4-pack),1,3.84,2022-02-05,"560 Forest St, San Francisco, CA 94016",Pilas
AA Batteries (4-pack),1,3.84,2022-02-09,"520 Willow St, Dallas, TX 75001",Pilas
34in Ultrawide Monitor,1,379.99,2022-02-12,"41 Cherry St, San Francisco, CA 94016",Monitores
iPhone,1,700,2022-02-11,"450 Cherry St, San Francisco, CA 94016",Teléfonos
Lightning Charging Cable,1,14.95,2022-02-03,"703 Hill St, San Francisco, CA 94016",Cargadores
AAA Batteries (4-pack),1,2.99,2022-02-11,"628 4th St, Boston, MA 02215",Pilas
Lightning Charging Cable,1,14.95,2022-02-10,"186 Dogwood St, Atlanta, GA 30301",Cargadores
AA Batteries (4-pack),2,3.84,2022-02-01,"713 9th St, Atlanta, GA 30301",Pilas
Wired Headphones,1,11.99,2022-02-07,"730 7th St, Seattle, WA 98101",Auriculares
Lightning Charging Cable,1,14.95,2022-02-05,"467 Highland St, New York City, NY 10001",Cargadores
AAA Batteries (4-pack),2,2.99,2022-02-06,"377 Church St, Dallas, TX 75001",Pilas
Bose SoundSport Headphones,1,99.99,2022-02-01,"643 12th St, San Francisco, CA 94016",Auriculares
USB-C Charging Cable,1,11.95,2022-02-03,"268 Jefferson St, Dallas, TX 75001",Cargadores
AAA Batteries (4-pack),2,2.99,2022-02-05,"69 9th St, Boston, MA 02215",Pilas
27in FHD Monitor,1,149.99,2022-02-09,"551 Highland St, San Francisco, CA 94016",Monitores
Lightning Charging Cable,1,14.95,2022-02-10,"946 Forest St, San Francisco, CA 94016",Cargadores
AA Batteries (4-pack),4,3.84,2022-02-07,"146 2nd St, Portland, OR 97035",Pilas
Wired Headphones,2,11.99,2022-02-06,"861 Willow St, New York City, NY 10001",Auriculares
AAA Batteries (4-pack),1,2.99,2022-02-06,"319 Lakeview St, Boston, MA 02215",Pilas
27in 4K Gaming Monitor,1,389.99,2022-02-10,"666 4th St, Seattle, WA 98101",Monitores
USB-C Charging Cable,3,11.95,2022-02-02,"900 Pine St, Dallas, TX 75001",Cargadores
iPhone,1,700,2022-02-06,"222 12th St, Los Angeles, CA 90001",Teléfonos
Lightning Charging Cable,1,14.95,2022-02-01,"805 Pine St, Portland, OR 97035",Cargadores
Wired Headphones,1,11.99,2022-02-09,"262 8th St, Dallas, TX 75001",Auriculares
Macbook Pro Laptop,1,1700,2022-02-10,"343 North St, New York City, NY 10001",Portátiles
USB-C Charging Cable,1,11.95,2022-02-04,"11 Dogwood St, Atlanta, GA 30301",Cargadores
USB-C Charging Cable,1,11.95,2022-02-01,"402 Jefferson St, Atlanta, GA 30301",Cargadores
LG Washing Machine,1,600.0,2022-02-11,"115 Adams St, New York City, NY 10001",Electrodomésticos
Macbook Pro Laptop,1,1700,2022-02-04,"994 Dogwood St, Seattle, WA 98101",Portátiles
AA Batteries (4-pack),1,3.84,2022-02-05,"397 Elm St, San Francisco, CA 94016",Pilas
AA Batteries (4-pack),1,3.84,2022-02-07,"487 Hickory St, Atlanta, GA 30301",Pilas
AA Batteries (4-pack),1,3.84,2022-02-12,"524 Highland St, Atlanta, GA 30301",Pilas
Lightning Charging Cable,1,14.95,2022-02-12,"524 Highland St, Atlanta, GA 30301",Cargadores
Apple Airpods Headphones,1,150,2022-02-01,"272 Meadow St, New York City, NY 10001",Auriculares
AA Batteries (4-pack),3,3.84,2022-02-01,"355 Washington St, San Francisco, CA 94016",Pilas
27in FHD Monitor,1,149.99,2022-02-04,"362 13th St, Boston, MA 02215",Monitores
Lightning Charging Cable,1,14.95,2022-02-03,"641 West St, Seattle, WA 98101",Cargadores
AA Batteries (4-pack),1,3.84,2022-02-06,"486 14th St, San Francisco, CA 94016",Pilas
27in FHD Monitor,1,149.99,2022-02-10,"193 Walnut St, Los Angeles, CA 90001",Monitores
Lightning Charging Cable,1,14.95,2022-02-03,"240 Ridge St, Austin, TX 73301",Cargadores
AAA Batteries (4-pack),1,2.99,2022-02-11,"277 Johnson St, San Francisco, CA 94016",Pilas
Macbook Pro Laptop,1,1700,2022-02-12,"484 Chestnut St, Los Angeles, CA 90001",Portátiles
USB-C Charging Cable,1,11.95,2022-02-05,"888 River St, Seattle, WA 98101",Cargadores
Apple Airpods Headphones,1,150,2022-02-05,"835 Park St, Seattle, WA 98101",Auriculares
27in 4K Gaming Monitor,1,389.99,2022-02-11,"940 Adams St, New York City, NY 10001",Monitores
AAA Batteries (4-pack),1,2.99,2022-02-05,"825 Maple St, Boston, MA 02215",Pilas
27in 4K Gaming Monitor,1,389.99,2022-02-04,"218 Hickory St, Atlanta, GA 30301",Monitores
Apple Airpods Headphones,1,150,2022-02-04,"248 10th St, New York City, NY 10001",Auriculares
AA Batteries (4-pack),1,3.84,2022-02-12,"395 13th St, Los Angeles, CA 90001",Pilas
AA Batteries (4-pack),1,3.84,2022-02-09,"854 Walnut St, Austin, TX 73301",Pilas
Lightning Charging Cable,1,14.95,2022-02-07,"231 9th St, New York City, NY 10001",Cargadores
Vareebadd Phone,1,400,2022-02-12,"934 4th St, Los Angeles, CA 90001",Teléfonos
USB-C Charging Cable,1,11.95,2022-02-12,"934 4th St, Los Angeles, CA 90001",Cargadores
Wired Headphones,1,11.99,2022-02-12,"130 Lakeview St, San Francisco, CA 94016",Auriculares
Lightning Charging Cable,1,14.95,2022-02-03,"337 10th St, San Francisco, CA 94016",Cargadores
Apple Airpods Headphones,1,150,2022-02-08,"72 Center St, Portland, ME 04101",Auriculares
Macbook Pro Laptop,1,1700,2022-02-02,"868 5th St, New York City, NY 10001",Portátiles
Lightning Charging Cable,1,14.95,2022-02-11,"373 Wilson St, New York City, NY 10001",Cargadores
Apple Airpods Headphones,1,150,2022-02-03,"176 Willow St, Dallas, TX 75001",Auriculares
Bose SoundSport Headphones,1,99.99,2022-02-11,"537 Sunset St, Atlanta, GA 30301",Auriculares
Google Phone,1,600,2022-02-06,"577 Jackson St, San Francisco, CA 94016",Teléfonos
Apple Airpods Headphones,1,150,2022-02-12,"743 Hill St, Portland, OR 97035",Auriculares
34in Ultrawide Monitor,1,379.99,2022-02-07,"653 Hill St, Los Angeles, CA 90001",Monitores
Bose SoundSport Headphones,1,99.99,2022-02-02,"209 Madison St, Boston, MA 02215",Auriculares
Wired Headphones,1,11.99,2022-02-02,"787 Sunset St, Boston, MA 02215",Auriculares
AAA Batteries (4-pack),1,2.99,2022-02-04,"983 11th St, Los Angeles, CA 90001",Pilas
Bose SoundSport Headphones,1,99.99,2022-02-11,"962 2nd St, Atlanta, GA 30301",Auriculares
AAA Batteries (4-pack),1,2.99,2022-02-01,"309 River St, Dallas, TX 75001",Pilas
AA Batteries (4-pack),1,3.84,2022-02-09,"422 Meadow St, Dallas, TX 75001",Pilas
34in Ultrawide Monitor,1,379.99,2022-02-07,"52 North St, New York City, NY 10001",Monitores
34in Ultrawide Monitor,1,379.99,2022-02-10,"906 Chestnut St, Los Angeles, CA 90001",Monitores
27in FHD Monitor,1,149.99,2022-02-05,"469 Center St, Atlanta, GA 30301",Monitores
Google Phone,1,600,2022-02-03,"784 12th St, Portland, OR 97035",Teléfonos
USB-C Charging Cable,1,11.95,2022-02-03,"784 12th St, Portland, OR 97035",Cargadores
AA Batteries (4-pack),1,3.84,2022-02-12,"403 Forest St, Atlanta, GA 30301",Pilas
Google Phone,1,600,2022-02-02,"787 11th St, San Francisco, CA 94016",Teléfonos
AAA Batteries (4-pack),1,2.99,2022-02-05,"660 10th St, Portland, OR 97035",Pilas
AAA Batteries (4-pack),1,2.99,2022-02-05,"356 Pine St, Boston, MA 02215",Pilas
USB-C Charging Cable,1,11.95,2022-02-11,"198 Walnut St, San Francisco, CA 94016",Cargadores
Apple Airpods Headphones,1,150,2022-02-05,"927 Cedar St, New York City, NY 10001",Auriculares
Lightning Charging Cable,1,14.95,2022-02-05,"537 12th St, Los Angeles, CA 90001",Cargadores
34in Ultrawide Monitor,1,379.99,2022-02-09,"379 Sunset St, San Francisco, CA 94016",Monitores
Lightning Charging Cable,1,14.95,2022-02-12,"284 South St, Los Angeles, CA 90001",Cargadores
Google Phone,1,600,2022-02-04,"291 Lincoln St, Portland, OR 97035",Teléfonos
Lightning Charging Cable,1,14.95,2022-02-03,"54 Willow St, Dallas, TX 75001",Cargadores
Apple Airpods Headphones,1,150,2022-02-10,"812 Maple St, San Francisco, CA 94016",Auriculares
ThinkPad Laptop,1,999.99,2022-02-07,"961 13th St, Los Angeles, CA 90001",Portátiles
AA Batteries (4-pack),2,3.84,2022-02-02,"269 Park St, Portland, ME 04101",Pilas
27in 4K Gaming Monitor,1,389.99,2022-02-02,"210 5th St, Austin, TX 73301",Monitores
AA Batteries (4-pack),2,3.84,2022-02-08,"457 2nd St, Boston, MA 02215",Pilas
Wired Headphones,1,11.99,2022-02-01,"233 9th St, New York City, NY 10001",Auriculares
34in Ultrawide Monitor,1,379.99,2022-02-10,"418 Willow St, Dallas, TX 75001",Monitores
27in FHD Monitor,1,149.99,2022-02-06,"968 Forest St, San Francisco, CA 94016",Monitores
USB-C Charging Cable,1,11.95,2022-02-08,"392 Hickory St, Los Angeles, CA 90001",Cargadores
Lightning Charging Cable,1,14.95,2022-02-11,"159 1st St, Los Angeles, CA 90001",Cargadores
Apple Airpods Headphones,1,150,2022-02-08,"955 9th St, San Francisco, CA 94016",Auriculares
iPhone,1,700,2022-02-08,"955 9th St, San Francisco, CA 94016",Teléfonos
Apple Airpods Headphones,1,150,2022-02-01,"187 7th St, Atlanta, GA 30301",Auriculares
Apple Airpods Headphones,1,150,2022-02-05,"670 River St, Los Angeles, CA 90001",Auriculares
27in FHD Monitor,1,149.99,2022-02-10,"296 Walnut St, San Francisco, CA 94016",Monitores
iPhone,1,700,2022-02-12,"696 Main St, Boston, MA 02215",Teléfonos
AAA Batteries (4-pack),2,2.99,2022-02-05,"867 Main St, Los Angeles, CA 90001",Pilas
Wired Headphones,1,11.99,2022-02-12,"811 Highland St, Boston, MA 02215",Auriculares
Wired Headphones,1,11.99,2022-02-01,"935 North St, Los Angeles, CA 90001",Auriculares
iPhone,1,700,2022-02-11,"965 9th St, San Francisco, CA 94016",Teléfonos
USB-C Charging Cable,1,11.95,2022-02-11,"540 Walnut St, New York City, NY 10001",Cargadores
Wired Headphones,1,11.99,2022-02-08,"424 North St, New York City, NY 10001",Auriculares
USB-C Charging Cable,1,11.95,2022-02-08,"117 Pine St, New York City, NY 10001",Cargadores
ThinkPad Laptop,1,999.99,2022-02-11,"856 Johnson St, Los Angeles, CA 90001",Portátiles
Lightning Charging Cable,1,14.95,2022-02-04,"25 South St, Los Angeles, CA 90001",Cargadores
Lightning Charging Cable,1,14.95,2022-02-08,"277 Ridge St, Boston, MA 02215",Cargadores
iPhone,1,700,2022-02-08,"464 13th St, Boston, MA 02215",Teléfonos
Wired Headphones,1,11.99,2022-02-02,"118 Cedar St, Atlanta, GA 30301",Auriculares
Wired Headphones,1,11.99,2022-02-08,"582 North St, Austin, TX 73301",Auriculares
iPhone,1,700,2022-02-01,"613 Willow St, Atlanta, GA 30301",Teléfonos
USB-C Charging Cable,1,11.95,2022-02-01,"141 Ridge St, Los Angeles, CA 90001",Cargadores
Apple Airpods Headphones,1,150,2022-02-07,"429 Adams St, Seattle, WA 98101",Auriculares
ThinkPad Laptop,1,999.99,2022-02-06,"369 6th St, New York City, NY 10001",Portátiles
USB-C Charging Cable,1,11.95,2022-02-07,"619 South St, Atlanta, GA 30301",Cargadores
iPhone,1,700,2022-02-01,"652 Spruce St, Seattle, WA 98101",Teléfonos
USB-C Charging Cable,1,11.95,2022-02-02,"310 Highland St, Atlanta, GA 30301",Cargadores
Lightning Charging Cable,1,14.95,2022-02-03,"363 9th St, San Francisco, CA 94016",Cargadores
Lightning Charging Cable,1,14.95,2022-02-09,"35 Forest St, Dallas, TX 75001",Cargadores
Bose SoundSport Headphones,1,99.99,2022-02-04,"815 South St, San Francisco, CA 94016",Auriculares
iPhone,1,700,2022-02-12,"248 Center St, Atlanta, GA 30301",Teléfonos
Lightning Charging Cable,1,14.95,2022-02-12,"248 Center St, Atlanta, GA 30301",Cargadores
Lightning Charging Cable,1,14.95,2022-02-10,"211 Jefferson St, New York City, NY 10001",Cargadores
Wired Headphones,2,11.99,2022-02-09,"324 North St, Austin, TX 73301",Auriculares
Lightning Charging Cable,1,14.95,2022-02-01,"923 9th St, Austin, TX 73301",Cargadores
Lightning Charging Cable,2,14.95,2022-02-05,"194 12th St, Austin, TX 73301",Cargadores
AAA Batteries (4-pack),1,2.99,2022-02-03,"176 Ridge St, Dallas, TX 75001",Pilas
AA Batteries (4-pack),1,3.84,2022-02-03,"965 Hill St, Dallas, TX 75001",Pilas
AA Batteries (4-pack),1,3.84,2022-02-10,"879 Church St, Los Angeles, CA 90001",Pilas
AAA Batteries (4-pack),1,2.99,2022-02-05,"750 Maple St, Austin, TX 73301",Pilas
34in Ultrawide Monitor,1,379.99,2022-02-07,"602 14th St, San Francisco, CA 94016",Monitores
Wired Headphones,2,11.99,2022-02-03,"998 Elm St, Austin, TX 73301",Auriculares
AA Batteries (4-pack),1,3.84,2022-02-07,"299 7th St, Dallas, TX 75001",Pilas
USB-C Charging Cable,1,11.95,2022-02-05,"92 Maple St, Atlanta, GA 30301",Cargadores
AA Batteries (4-pack),1,3.84,2022-02-04,"843 13th St, Boston, MA 02215",Pilas
USB-C Charging Cable,1,11.95,2022-02-09,"82 Center St, Dallas, TX 75001",Cargadores
AA Batteries (4-pack),1,3.84,2022-02-12,"120 Center St, Boston, MA 02215",Pilas
USB-C Charging Cable,1,11.95,2022-02-11,"608 Wilson St, Austin, TX 73301",Cargadores
USB-C Charging Cable,1,11.95,2022-02-09,"693 5th St, San Francisco, CA 94016",Cargadores
Flatscreen TV,1,300,2022-02-09,"780 9th St, New York City, NY 10001",Televisores
Bose SoundSport Headphones,1,99.99,2022-02-09,"892 8th St, Seattle, WA 98101",Auriculares
Lightning Charging Cable,1,14.95,2022-02-01,"15 Ridge St, New York City, NY 10001",Cargadores
34in Ultrawide Monitor,1,379.99,2022-02-02,"450 Jefferson St, Los Angeles, CA 90001",Monitores
USB-C Charging Cable,2,11.95,2022-02-08,"644 North St, New York City, NY 10001",Cargadores
AA Batteries (4-pack),1,3.84,2022-02-08,"663 North St, Dallas, TX 75001",Pilas
USB-C Charging Cable,1,11.95,2022-02-09,"162 6th St, New York City, NY 10001",Cargadores
Apple Airpods Headphones,1,150,2022-02-02,"763 Main St, Los Angeles, CA 90001",Auriculares
AA Batteries (4-pack),1,3.84,2022-02-01,"797 Washington St, Boston, MA 02215",Pilas
Lightning Charging Cable,1,14.95,2022-02-10,"852 Cherry St, Dallas, TX 75001",Cargadores
Wired Headphones,1,11.99,2022-02-02,"110 Dogwood St, Dallas, TX 75001",Auriculares
Lightning Charging Cable,3,14.95,2022-02-06,"341 Cherry St, Atlanta, GA 30301",Cargadores
iPhone,1,700,2022-02-02,"279 Highland St, Atlanta, GA 30301",Teléfonos
27in 4K Gaming Monitor,1,389.99,2022-02-08,"774 4th St, Dallas, TX 75001",Monitores
AA Batteries (4-pack),2,3.84,2022-02-11,"984 South St, Los Angeles, CA 90001",Pilas
AA Batteries (4-pack),3,3.84,2022-02-02,"107 Sunset St, San Francisco, CA 94016",Pilas
USB-C Charging Cable,1,11.95,2022-02-04,"247 Dogwood St, San Francisco, CA 94016",Cargadores
20in Monitor,1,109.99,2022-02-02,"801 Jackson St, Atlanta, GA 30301",Monitores
Wired Headphones,1,11.99,2022-02-02,"382 Park St, Portland, OR 97035",Auriculares
Lightning Charging Cable,1,14.95,2022-02-09,"592 Dogwood St, Boston, MA 02215",Cargadores
USB-C Charging Cable,1,11.95,2022-02-09,"359 Madison St, Los Angeles, CA 90001",Cargadores
Apple Airpods Headphones,1,150,2022-02-09,"904 River St, Dallas, TX 75001",Auriculares
AA Batteries (4-pack),1,3.84,2022-02-01,"537 Johnson St, Seattle, WA 98101",Pilas
Wired Headphones,1,11.99,2022-02-01,"605 14th St, Seattle, WA 98101",Auriculares
Bose SoundSport Headphones,1,99.99,2022-02-09,"35 Adams St, Portland, OR 97035",Auriculares
27in 4K Gaming Monitor,1,389.99,2022-02-04,"199 Willow St, Boston, MA 02215",Monitores
Apple Airpods Headphones,1,150,2022-02-10,"316 Hickory St, Seattle, WA 98101",Auriculares
Wired Headphones,1,11.99,2022-02-03,"727 9th St, Austin, TX 73301",Auriculares
Apple Airpods Headphones,1,150,2022-02-05,"423 13th St, Los Angeles, CA 90001",Auriculares
Apple Airpods Headphones,1,150,2022-02-08,"716 Park St, New York City, NY 10001",Auriculares
Wired Headphones,1,11.99,2022-02-10,"773 Willow St, San Francisco, CA 94016",Auriculares
iPhone,1,700,2022-02-03,"59 Lincoln St, Dallas, TX 75001",Teléfonos
20in Monitor,1,109.99,2022-02-08,"813 Main St, New York City, NY 10001",Monitores
Bose SoundSport Headphones,1,99.99,2022-02-06,"578 14th St, Austin, TX 73301",Auriculares
34in Ultrawide Monitor,1,379.99,2022-02-08,"666 11th St, Dallas, TX 75001",Monitores
AAA Batteries (4-pack),1,2.99,2022-02-03,"787 Lake St, New York City, NY 10001",Pilas
34in Ultrawide Monitor,1,379.99,2022-02-01,"693 13th St, San Francisco, CA 94016",Monitores
Apple Airpods Headphones,1,150,2022-02-04,"230 6th St, Boston, MA 02215",Auriculares
AAA Batteries (4-pack),1,2.99,2022-02-11,"952 Meadow St, Seattle, WA 98101",Pilas
Apple Airpods Headphones,1,150,2022-02-11,"645 7th St, San Francisco, CA 94016",Auriculares
Google Phone,1,600,2022-02-09,"926 West St, Los Angeles, CA 90001",Teléfonos
Vareebadd Phone,1,400,2022-02-01,"565 2nd St, New York City, NY 10001",Teléfonos
Apple Airpods Headphones,1,150,2022-02-08,"370 Jackson St, Los Angeles, CA 90001",Auriculares
iPhone,1,700,2022-02-04,"873 6th St, Dallas, TX 75001",Teléfonos
Apple Airpods Headphones,1,150,2022-02-10,"133 4th St, Los Angeles, CA 90001",Auriculares
AAA Batteries (4-pack),1,2.99,2022-02-06,"921 Madison St, Atlanta, GA 30301",Pilas
Lightning Charging Cable,2,14.95,2022-02-09,"63 12th St, San Francisco, CA 94016",Cargadores
AAA Batteries (4-pack),1,2.99,2022-02-06,"801 11th St, Portland, OR 97035",Pilas
Apple Airpods Headphones,1,150,2022-02-06,"801 11th St, Portland, OR 97035",Auriculares
USB-C Charging Cable,1,11.95,2022-02-10,"873 Jefferson St, Los Angeles, CA 90001",Cargadores
34in Ultrawide Monitor,1,379.99,2022-02-09,"76 Adams St, Boston, MA 02215",Monitores
27in 4K Gaming Monitor,1,389.99,2022-02-03,"963 12th St, New York City, NY 10001",Monitores
iPhone,1,700,2022-02-01,"974 5th St, Boston, MA 02215",Teléfonos
Google Phone,1,600,2022-02-06,"179 Cedar St, Portland, OR 97035",Teléfonos
Apple Airpods Headphones,1,150,2022-02-05,"815 Willow St, Seattle, WA 98101",Auriculares
Wired Headphones,1,11.99,2022-02-01,"465 5th St, New York City, NY 10001",Auriculares
USB-C Charging Cable,1,11.95,2022-02-07,"442 Elm St, San Francisco, CA 94016",Cargadores
USB-C Charging Cable,1,11.95,2022-02-10,"597 South St, Los Angeles, CA 90001",Cargadores
Apple Airpods Headphones,1,150,2022-02-11,"282 West St, Austin, TX 73301",Auriculares
Apple Airpods Headphones,1,150,2022-02-04,"594 North St, Dallas, TX 75001",Auriculares
Apple Airpods Headphones,1,150,2022-02-02,"71 4th St, Los Angeles, CA 90001",Auriculares
USB-C Charging Cable,1,11.95,2022-02-08,"137 5th St, San Francisco, CA 94016",Cargadores
Apple Airpods Headphones,1,150,2022-02-05,"579 2nd St, Atlanta, GA 30301",Auriculares
34in Ultrawide Monitor,1,379.99,2022-02-07,"660 South St, San Francisco, CA 94016",Monitores
ThinkPad Laptop,1,999.99,2022-02-11,"89 Chestnut St, San Francisco, CA 94016",Portátiles
Apple Airpods Headphones,1,150,2022-02-07,"566 5th St, San Francisco, CA 94016",Auriculares
USB-C Charging Cable,1,11.95,2022-02-05,"280 1st St, Boston, MA 02215",Cargadores
Apple Airpods Headphones,1,150,2022-02-11,"527 Cedar St, San Francisco, CA 94016",Auriculares
AA Batteries (4-pack),1,3.84,2022-02-01,"252 11th St, San Francisco, CA 94016",Pilas
Apple Airpods Headphones,1,150,2022-02-08,"974 8th St, New York City, NY 10001",Auriculares
AAA Batteries (4-pack),5,2.99,2022-02-09,"583 Lakeview St, Los Angeles, CA 90001",Pilas
Lightning Charging Cable,1,14.95,2022-02-05,"687 7th St, Portland, ME 04101",Cargadores
Lightning Charging Cable,1,14.95,2022-02-06,"87 Lakeview St, Los Angeles, CA 90001",Cargadores
Lightning Charging Cable,1,14.95,2022-02-07,"818 4th St, Los Angeles, CA 90001",Cargadores
34in Ultrawide Monitor,1,379.99,2022-02-05,"656 13th St, Seattle, WA 98101",Monitores
34in Ultrawide Monitor,1,379.99,2022-02-02,"282 1st St, San Francisco, CA 94016",Monitores
AAA Batteries (4-pack),1,2.99,2022-02-03,"845 Church St, Atlanta, GA 30301",Pilas
AA Batteries (4-pack),1,3.84,2022-02-10,"525 14th St, San Francisco, CA 94016",Pilas
USB-C Charging Cable,1,11.95,2022-02-03,"675 River St, San Francisco, CA 94016",Cargadores
Bose SoundSport Headphones,1,99.99,2022-02-08,"503 Elm St, New York City, NY 10001",Auriculares
27in FHD Monitor,1,149.99,2022-02-05,"199 14th St, New York City, NY 10001",Monitores
AAA Batteries (4-pack),2,2.99,2022-02-09,"637 12th St, San Francisco, CA 94016",Pilas
AA Batteries (4-pack),1,3.84,2022-02-07,"706 7th St, San Francisco, CA 94016",Pilas
USB-C Charging Cable,2,11.95,2022-02-11,"874 Sunset St, Boston, MA 02215",Cargadores
ThinkPad Laptop,1,999.99,2022-02-11,"874 Sunset St, Boston, MA 02215",Portátiles
iPhone,1,700,2022-02-04,"664 Pine St, Los Angeles, CA 90001",Teléfonos
Lightning Charging Cable,1,14.95,2022-02-04,"664 Pine St, Los Angeles, CA 90001",Cargadores
USB-C Charging Cable,1,11.95,2022-02-09,"143 Johnson St, Los Angeles, CA 90001",Cargadores
Lightning Charging Cable,1,14.95,2022-02-12,"744 Ridge St, Dallas, TX 75001",Cargadores
USB-C Charging Cable,1,11.95,2022-02-07,"789 Lake St, Seattle, WA 98101",Cargadores
27in FHD Monitor,1,149.99,2022-02-01,"32 2nd St, New York City, NY 10001",Monitores
27in 4K Gaming Monitor,1,389.99,2022-02-12,"794 Pine St, New York City, NY 10001",Monitores
34in Ultrawide Monitor,1,379.99,2022-02-10,"688 Pine St, Portland, OR 97035",Monitores
ThinkPad Laptop,1,999.99,2022-02-05,"307 Washington St, Seattle, WA 98101",Portátiles
Wired Headphones,1,11.99,2022-02-01,"578 Jefferson St, New York City, NY 10001",Auriculares
AA Batteries (4-pack),2,3.84,2022-02-03,"956 South St, Dallas, TX 75001",Pilas
AA Batteries (4-pack),4,3.84,2022-02-05,"427 9th St, San Francisco, CA 94016",Pilas
Wired Headphones,1,11.99,2022-02-04,"676 6th St, New York City, NY 10001",Auriculares
Lightning Charging Cable,1,14.95,2022-02-02,"651 Park St, Portland, OR 97035",Cargadores
27in FHD Monitor,1,149.99,2022-02-07,"700 Willow St, Dallas, TX 75001",Monitores
AAA Batteries (4-pack),1,2.99,2022-02-08,"863 Maple St, San Francisco, CA 94016",Pilas
Apple Airpods Headphones,1,150,2022-02-04,"920 Elm St, Seattle, WA 98101",Auriculares
Bose SoundSport Headphones,1,99.99,2022-02-03,"916 14th St, Los Angeles, CA 90001",Auriculares
Apple Airpods Headphones,1,150,2022-02-12,"271 Jefferson St, San Francisco, CA 94016",Auriculares
27in FHD Monitor,1,149.99,2022-02-04,"161 Ridge St, San Francisco, CA 94016",Monitores
Bose SoundSport Headphones,1,99.99,2022-02-01,"823 Dogwood St, Boston, MA 02215",Auriculares
Lightning Charging Cable,1,14.95,2022-02-08,"408 Lakeview St, San Francisco, CA 94016",Cargadores
AAA Batteries (4-pack),3,2.99,2022-02-07,"982 Hill St, San Francisco, CA 94016",Pilas
Wired Headphones,1,11.99,2022-02-05,"70 Main St, Atlanta, GA 30301",Auriculares
Apple Airpods Headphones,1,150,2022-02-08,"510 5th St, New York City, NY 10001",Auriculares
USB-C Charging Cable,1,11.95,2022-02-05,"993 8th St, New York City, NY 10001",Cargadores
Google Phone,1,600,2022-02-09,"882 Jackson St, Atlanta, GA 30301",Teléfonos
iPhone,1,700,2022-02-09,"938 Spruce St, Austin, TX 73301",Teléfonos
Wired Headphones,1,11.99,2022-02-09,"938 Spruce St, Austin, TX 73301",Auriculares
27in FHD Monitor,1,149.99,2022-02-02,"259 11th St, San Francisco, CA 94016",Monitores
Bose SoundSport Headphones,1,99.99,2022-02-09,"711 9th St, San Francisco, CA 94016",Auriculares
27in 4K Gaming Monitor,1,389.99,2022-02-02,"727 Main St, San Francisco, CA 94016",Monitores
USB-C Charging Cable,1,11.95,2022-02-01,"625 Lakeview St, Los Angeles, CA 90001",Cargadores
USB-C Charging Cable,1,11.95,2022-02-11,"382 Lincoln St, Seattle, WA 98101",Cargadores
AAA Batteries (4-pack),2,2.99,2022-02-03,"29 Ridge St, Dallas, TX 75001",Pilas
AAA Batteries (4-pack),1,2.99,2022-02-05,"368 4th St, Portland, OR 97035",Pilas
LG Dryer,1,600.0,2022-02-02,"250 Adams St, Austin, TX 73301",Electrodomésticos
Lightning Charging Cable,1,14.95,2022-02-09,"934 8th St, New York City, NY 10001",Cargadores
ThinkPad Laptop,1,999.99,2022-02-03,"78 Hill St, Atlanta, GA 30301",Portátiles
Wired Headphones,1,11.99,2022-02-08,"358 5th St, Los Angeles, CA 90001",Auriculares
27in 4K Gaming Monitor,1,389.99,2022-02-08,"602 11th St, Los Angeles, CA 90001",Monitores
AAA Batteries (4-pack),1,2.99,2022-02-09,"915 Forest St, Boston, MA 02215",Pilas
AAA Batteries (4-pack),1,2.99,2022-02-10,"510 Main St, Los Angeles, CA 90001",Pilas
Wired Headphones,1,11.99,2022-02-12,"553 Lakeview St, New York City, NY 10001",Auriculares
Flatscreen TV,1,300,2022-02-12,"105 Highland St, Atlanta, GA 30301",Televisores
Macbook Pro Laptop,1,1700,2022-02-04,"258 4th St, New York City, NY 10001",Portátiles
iPhone,1,700,2022-02-08,"636 Washington St, Los Angeles, CA 90001",Teléfonos
AA Batteries (4-pack),1,3.84,2022-02-09,"810 Park St, Boston, MA 02215",Pilas
Lightning Charging Cable,1,14.95,2022-02-12,"188 7th St, Austin, TX 73301",Cargadores
Lightning Charging Cable,1,14.95,2022-02-01,"655 10th St, Austin, TX 73301",Cargadores
iPhone,1,700,2022-02-04,"109 Maple St, Austin, TX 73301",Teléfonos
USB-C Charging Cable,1,11.95,2022-02-07,"119 Ridge St, Los Angeles, CA 90001",Cargadores
Wired Headphones,1,11.99,2022-02-07,"119 Ridge St, Los Angeles, CA 90001",Auriculares
Apple Airpods Headphones,1,150,2022-02-12,"979 Meadow St, Atlanta, GA 30301",Auriculares
USB-C Charging Cable,1,11.95,2022-02-06,"376 Cedar St, Seattle, WA 98101",Cargadores
USB-C Charging Cable,1,11.95,2022-02-01,"948 Spruce St, Portland, OR 97035",Cargadores
USB-C Charging Cable,1,11.95,2022-02-04,"836 Main St, Dallas, TX 75001",Cargadores
AA Batteries (4-pack),1,3.84,2022-02-01,"692 12th St, Austin, TX 73301",Pilas
34in Ultrawide Monitor,1,379.99,2022-02-03,"192 Meadow St, Los Angeles, CA 90001",Monitores
Wired Headphones,1,11.99,2022-02-09,"19 South St, Boston, MA 02215",Auriculares
Macbook Pro Laptop,1,1700,2022-02-08,"879 Hickory St, Portland, OR 97035",Portátiles
Flatscreen TV,1,300,2022-02-11,"914 Meadow St, Boston, MA 02215",Televisores
Bose SoundSport Headphones,1,99.99,2022-02-04,"634 Elm St, Boston, MA 02215",Auriculares
Apple Airpods Headphones,1,150,2022-02-10,"67 Maple St, San Francisco, CA 94016",Auriculares
Lightning Charging Cable,1,14.95,2022-02-04,"482 Maple St, Boston, MA 02215",Cargadores
AAA Batteries (4-pack),4,2.99,2022-02-09,"266 North St, New York City, NY 10001",Pilas
Wired Headphones,1,11.99,2022-02-05,"944 11th St, Dallas, TX 75001",Auriculares
iPhone,1,700,2022-02-01,"200 Cherry St, Los Angeles, CA 90001",Teléfonos
Lightning Charging Cable,1,14.95,2022-02-01,"200 Cherry St, Los Angeles, CA 90001",Cargadores
AA Batteries (4-pack),1,3.84,2022-02-03,"429 Highland St, Los Angeles, CA 90001",Pilas
Flatscreen TV,1,300,2022-02-06,"785 Walnut St, Boston, MA 02215",Televisores
Bose SoundSport Headphones,1,99.99,2022-02-05,"263 12th St, New York City, NY 10001",Auriculares
USB-C Charging Cable,1,11.95,2022-02-01,"692 Lake St, Austin, TX 73301",Cargadores
Apple Airpods Headphones,1,150,2022-02-06,"460 Willow St, Austin, TX 73301",Auriculares
Wired Headphones,1,11.99,2022-02-08,"990 Highland St, Los Angeles, CA 90001",Auriculares
Wired Headphones,1,11.99,2022-02-01,"578 Main St, Atlanta, GA 30301",Auriculares
AAA Batteries (4-pack),1,2.99,2022-02-03,"778 Jefferson St, Boston, MA 02215",Pilas
Apple Airpods Headphones,1,150,2022-02-11,"809 6th St, Boston, MA 02215",Auriculares
AA Batteries (4-pack),1,3.84,2022-02-06,"514 Ridge St, Los Angeles, CA 90001",Pilas
Apple Airpods Headphones,1,150,2022-02-12,"919 Maple St, Portland, OR 97035",Auriculares
AAA Batteries (4-pack),1,2.99,2022-02-04,"89 Lake St, Boston, MA 02215",Pilas
Apple Airpods Headphones,1,150,2022-02-04,"291 Maple St, Austin, TX 73301",Auriculares
Apple Airpods Headphones,1,150,2022-02-09,"545 Jackson St, San Francisco, CA 94016",Auriculares
USB-C Charging Cable,1,11.95,2022-02-04,"632 2nd St, San Francisco, CA 94016",Cargadores
27in 4K Gaming Monitor,1,389.99,2022-02-08,"896 Maple St, San Francisco, CA 94016",Monitores
Macbook Pro Laptop,1,1700,2022-02-12,"835 River St, New York City, NY 10001",Portátiles
Bose SoundSport Headphones,1,99.99,2022-02-12,"835 River St, New York City, NY 10001",Auriculares
AA Batteries (4-pack),1,3.84,2022-02-03,"507 Center St, San Francisco, CA 94016",Pilas
USB-C Charging Cable,1,11.95,2022-02-05,"82 9th St, Boston, MA 02215",Cargadores
27in FHD Monitor,1,149.99,2022-02-07,"804 Cedar St, Boston, MA 02215",Monitores
iPhone,1,700,2022-02-05,"863 Lincoln St, San Francisco, CA 94016",Teléfonos
USB-C Charging Cable,1,11.95,2022-02-11,"675 River St, Los Angeles, CA 90001",Cargadores
Flatscreen TV,1,300,2022-02-04,"383 Church St, San Francisco, CA 94016",Televisores
Bose SoundSport Headphones,1,99.99,2022-02-06,"950 Washington St, New York City, NY 10001",Auriculares
20in Monitor,1,109.99,2022-02-11,"285 13th St, San Francisco, CA 94016",Monitores
Vareebadd Phone,1,400,2022-02-11,"761 8th St, San Francisco, CA 94016",Teléfonos
USB-C Charging Cable,2,11.95,2022-02-11,"761 8th St, San Francisco, CA 94016",Cargadores
Wired Headphones,1,11.99,2022-02-11,"761 8th St, San Francisco, CA 94016",Auriculares
USB-C Charging Cable,1,11.95,2022-02-04,"112 Willow St, Atlanta, GA 30301",Cargadores
Bose SoundSport Headphones,1,99.99,2022-02-12,"827 9th St, San Francisco, CA 94016",Auriculares
Lightning Charging Cable,1,14.95,2022-02-07,"687 Elm St, Seattle, WA 98101",Cargadores
Apple Airpods Headphones,1,150,2022-02-10,"676 Highland St, Boston, MA 02215",Auriculares
27in FHD Monitor,1,149.99,2022-02-08,"504 Church St, San Francisco, CA 94016",Monitores
Bose SoundSport Headphones,1,99.99,2022-02-02,"767 Wilson St, Los Angeles, CA 90001",Auriculares
Macbook Pro Laptop,1,1700,2022-02-09,"565 Jefferson St, New York City, NY 10001",Portátiles
USB-C Charging Cable,1,11.95,2022-02-09,"645 Madison St, San Francisco, CA 94016",Cargadores
Apple Airpods Headphones,1,150,2022-02-10,"123 8th St, San Francisco, CA 94016",Auriculares
Macbook Pro Laptop,1,1700,2022-02-05,"128 Cherry St, New York City, NY 10001",Portátiles
USB-C Charging Cable,1,11.95,2022-02-06,"136 2nd St, New York City, NY 10001",Cargadores
Bose SoundSport Headphones,1,99.99,2022-02-03,"283 Washington St, San Francisco, CA 94016",Auriculares
Lightning Charging Cable,1,14.95,2022-02-12,"827 Church St, Los Angeles, CA 90001",Cargadores
AAA Batteries (4-pack),1,2.99,2022-02-04,"468 Pine St, Los Angeles, CA 90001",Pilas
Lightning Charging Cable,1,14.95,2022-02-07,"368 Sunset St, Boston, MA 02215",Cargadores
AA Batteries (4-pack),1,3.84,2022-02-11,"450 12th St, New York City, NY 10001",Pilas
USB-C Charging Cable,1,11.95,2022-02-12,"121 1st St, Boston, MA 02215",Cargadores
Apple Airpods Headphones,1,150,2022-02-04,"381 Park St, San Francisco, CA 94016",Auriculares
Wired Headphones,2,11.99,2022-02-06,"89 South St, San Francisco, CA 94016",Auriculares
AAA Batteries (4-pack),3,2.99,2022-02-07,"329 Washington St, Dallas, TX 75001",Pilas
Vareebadd Phone,1,400,2022-02-08,"915 River St, Boston, MA 02215",Teléfonos
Google Phone,1,600,2022-02-07,"984 Hickory St, New York City, NY 10001",Teléfonos
USB-C Charging Cable,1,11.95,2022-02-07,"984 Hickory St, New York City, NY 10001",Cargadores
AA Batteries (4-pack),1,3.84,2022-02-07,"326 West St, Dallas, TX 75001",Pilas
Lightning Charging Cable,1,14.95,2022-02-07,"235 Madison St, Seattle, WA 98101",Cargadores
AA Batteries (4-pack),1,3.84,2022-02-08,"265 Lake St, San Francisco, CA 94016",Pilas
Bose SoundSport Headphones,1,99.99,2022-02-04,"507 Jefferson St, Portland, OR 97035",Auriculares
Bose SoundSport Headphones,1,99.99,2022-02-03,"523 12th St, Dallas, TX 75001",Auriculares
27in 4K Gaming Monitor,1,389.99,2022-02-03,"523 12th St, Dallas, TX 75001",Monitores
AAA Batteries (4-pack),2,2.99,2022-02-05,"881 Forest St, Portland, OR 97035",Pilas
27in FHD Monitor,1,149.99,2022-02-03,"971 Main St, San Francisco, CA 94016",Monitores
AAA Batteries (4-pack),1,2.99,2022-02-10,"670 Elm St, Los Angeles, CA 90001",Pilas
Apple Airpods Headphones,1,150,2022-02-12,"349 Jefferson St, Atlanta, GA 30301",Auriculares
AA Batteries (4-pack),1,3.84,2022-02-13,"55 Elm St, Atlanta, GA 30301",Pilas
LG Washing Machine,1,600.0,2022-02-01,"864 13th St, San Francisco, CA 94016",Electrodomésticos
Wired Headphones,1,11.99,2022-02-11,"905 Adams St, New York City, NY 10001",Auriculares
Lightning Charging Cable,3,14.95,2022-02-10,"12 Jackson St, Los Angeles, CA 90001",Cargadores
Wired Headphones,1,11.99,2022-02-10,"20 Walnut St, Los Angeles, CA 90001",Auriculares
27in FHD Monitor,1,149.99,2022-02-06,"354 Adams St, Austin, TX 73301",Monitores
Wired Headphones,1,11.99,2022-02-09,"139 2nd St, New York City, NY 10001",Auriculares
AAA Batteries (4-pack),1,2.99,2022-02-10,"672 4th St, San Francisco, CA 94016",Pilas
ThinkPad Laptop,1,999.99,2022-02-06,"655 Washington St, San Francisco, CA 94016",Portátiles
AA Batteries (4-pack),1,3.84,2022-02-08,"237 Highland St, New York City, NY 10001",Pilas
Apple Airpods Headphones,1,150,2022-02-06,"797 Jackson St, New York City, NY 10001",Auriculares
USB-C Charging Cable,1,11.95,2022-02-06,"872 Madison St, Boston, MA 02215",Cargadores
AA Batteries (4-pack),1,3.84,2022-02-10,"760 13th St, San Francisco, CA 94016",Pilas
27in 4K Gaming Monitor,1,389.99,2022-02-02,"931 Wilson St, Portland, OR 97035",Monitores
USB-C Charging Cable,1,11.95,2022-02-06,"284 Cherry St, San Francisco, CA 94016",Cargadores
USB-C Charging Cable,1,11.95,2022-02-06,"3 Lakeview St, Austin, TX 73301",Cargadores
AA Batteries (4-pack),1,3.84,2022-02-10,"319 Washington St, Boston, MA 02215",Pilas
Wired Headphones,2,11.99,2022-02-01,"12 14th St, Dallas, TX 75001",Auriculares
AAA Batteries (4-pack),1,2.99,2022-02-05,"809 Lake St, Portland, OR 97035",Pilas
Lightning Charging Cable,1,14.95,2022-02-10,"416 Main St, New York City, NY 10001",Cargadores
27in 4K Gaming Monitor,1,389.99,2022-02-08,"476 6th St, San Francisco, CA 94016",Monitores
Bose SoundSport Headphones,1,99.99,2022-02-11,"933 5th St, Atlanta, GA 30301",Auriculares
AA Batteries (4-pack),1,3.84,2022-02-05,"764 Meadow St, Los Angeles, CA 90001",Pilas
Flatscreen TV,1,300,2022-02-05,"764 Meadow St, Los Angeles, CA 90001",Televisores
AA Batteries (4-pack),1,3.84,2022-02-07,"193 Walnut St, Atlanta, GA 30301",Pilas
USB-C Charging Cable,1,11.95,2022-02-10,"237 Washington St, San Francisco, CA 94016",Cargadores
AA Batteries (4-pack),1,3.84,2022-02-11,"163 Lakeview St, San Francisco, CA 94016",Pilas
27in 4K Gaming Monitor,1,389.99,2022-02-05,"196 Main St, Portland, OR 97035",Monitores
Lightning Charging Cable,1,14.95,2022-02-05,"196 Main St, Portland, OR 97035",Cargadores
20in Monitor,1,109.99,2022-02-02,"958 Lake St, Dallas, TX 75001",Monitores
Bose SoundSport Headphones,1,99.99,2022-02-05,"694 10th St, Austin, TX 73301",Auriculares
Wired Headphones,1,11.99,2022-02-05,"943 11th St, San Francisco, CA 94016",Auriculares
Google Phone,1,600,2022-02-04,"726 Center St, San Francisco, CA 94016",Teléfonos
USB-C Charging Cable,1,11.95,2022-02-02,"358 Sunset St, Los Angeles, CA 90001",Cargadores
Wired Headphones,1,11.99,2022-02-09,"470 7th St, San Francisco, CA 94016",Auriculares
20in Monitor,1,109.99,2022-02-02,"917 Wilson St, San Francisco, CA 94016",Monitores
34in Ultrawide Monitor,1,379.99,2022-02-07,"951 12th St, Dallas, TX 75001",Monitores
USB-C Charging Cable,1,11.95,2022-02-02,"932 Spruce St, Seattle, WA 98101",Cargadores
Apple Airpods Headphones,1,150,2022-02-01,"196 Dogwood St, Portland, OR 97035",Auriculares
AA Batteries (4-pack),1,3.84,2022-02-09,"937 Forest St, Atlanta, GA 30301",Pilas
27in FHD Monitor,1,149.99,2022-02-01,"185 River St, Dallas, TX 75001",Monitores
AAA Batteries (4-pack),2,2.99,2022-02-10,"478 Hill St, New York City, NY 10001",Pilas
34in Ultrawide Monitor,1,379.99,2022-02-03,"734 North St, Portland, OR 97035",Monitores
Wired Headphones,1,11.99,2022-02-10,"80 Highland St, Seattle, WA 98101",Auriculares
AA Batteries (4-pack),1,3.84,2022-02-11,"28 Adams St, Los Angeles, CA 90001",Pilas
Apple Airpods Headphones,1,150,2022-02-11,"28 Adams St, Los Angeles, CA 90001",Auriculares
Vareebadd Phone,1,400,2022-02-08,"887 8th St, New York City, NY 10001",Teléfonos
Bose SoundSport Headphones,1,99.99,2022-02-09,"366 Pine St, Seattle, WA 98101",Auriculares
AAA Batteries (4-pack),1,2.99,2022-02-08,"311 Washington St, Austin, TX 73301",Pilas
Bose SoundSport Headphones,1,99.99,2022-02-05,"266 6th St, Dallas, TX 75001",Auriculares
USB-C Charging Cable,1,11.95,2022-02-01,"718 Walnut St, New York City, NY 10001",Cargadores
27in FHD Monitor,1,149.99,2022-02-03,"220 Spruce St, Los Angeles, CA 90001",Monitores
USB-C Charging Cable,1,11.95,2022-02-03,"288 13th St, Austin, TX 73301",Cargadores
34in Ultrawide Monitor,1,379.99,2022-02-10,"198 Meadow St, Austin, TX 73301",Monitores
Bose SoundSport Headphones,1,99.99,2022-02-01,"697 Center St, Dallas, TX 75001",Auriculares
Google Phone,1,600,2022-02-09,"267 Ridge St, San Francisco, CA 94016",Teléfonos
AAA Batteries (4-pack),1,2.99,2022-02-10,"567 Wilson St, Los Angeles, CA 90001",Pilas
AA Batteries (4-pack),3,3.84,2022-02-02,"516 Willow St, New York City, NY 10001",Pilas
USB-C Charging Cable,2,11.95,2022-02-02,"524 1st St, San Francisco, CA 94016",Cargadores
USB-C Charging Cable,1,11.95,2022-02-01,"77 Wilson St, San Francisco, CA 94016",Cargadores
20in Monitor,1,109.99,2022-02-04,"200 14th St, Dallas, TX 75001",Monitores
AAA Batteries (4-pack),2,2.99,2022-02-04,"324 Hill St, Boston, MA 02215",Pilas
34in Ultrawide Monitor,1,379.99,2022-02-03,"776 Sunset St, Portland, ME 04101",Monitores
AA Batteries (4-pack),1,3.84,2022-02-07,"111 Hickory St, Dallas, TX 75001",Pilas
AAA Batteries (4-pack),2,2.99,2022-02-07,"752 Lakeview St, San Francisco, CA 94016",Pilas
20in Monitor,1,109.99,2022-02-02,"219 Jackson St, New York City, NY 10001",Monitores
Flatscreen TV,1,300,2022-02-02,"218 Lake St, Seattle, WA 98101",Televisores
Wired Headphones,2,11.99,2022-02-11,"114 4th St, Dallas, TX 75001",Auriculares
AA Batteries (4-pack),1,3.84,2022-02-07,"668 Wilson St, Atlanta, GA 30301",Pilas
AA Batteries (4-pack),1,3.84,2022-02-08,"780 Wilson St, Seattle, WA 98101",Pilas
34in Ultrawide Monitor,1,379.99,2022-02-05,"269 Highland St, New York City, NY 10001",Monitores
AA Batteries (4-pack),2,3.84,2022-02-11,"151 South St, San Francisco, CA 94016",Pilas
AAA Batteries (4-pack),1,2.99,2022-02-09,"992 Pine St, San Francisco, CA 94016",Pilas
ThinkPad Laptop,1,999.99,2022-02-08,"215 Church St, Portland, OR 97035",Portátiles
Flatscreen TV,1,300,2022-02-06,"18 9th St, Boston, MA 02215",Televisores
USB-C Charging Cable,1,11.95,2022-02-03,"142 Hill St, San Francisco, CA 94016",Cargadores
LG Washing Machine,1,600.0,2022-02-07,"652 10th St, Los Angeles, CA 90001",Electrodomésticos
iPhone,1,700,2022-02-02,"463 Spruce St, San Francisco, CA 94016",Teléfonos
ThinkPad Laptop,1,999.99,2022-02-09,"969 Lake St, Dallas, TX 75001",Portátiles
Wired Headphones,1,11.99,2022-02-01,"779 Washington St, Seattle, WA 98101",Auriculares
AAA Batteries (4-pack),1,2.99,2022-02-07,"358 North St, Los Angeles, CA 90001",Pilas
AAA Batteries (4-pack),1,2.99,2022-02-09,"233 Wilson St, New York City, NY 10001",Pilas
USB-C Charging Cable,1,11.95,2022-02-06,"144 8th St, Boston, MA 02215",Cargadores
27in FHD Monitor,1,149.99,2022-02-07,"322 Washington St, San Francisco, CA 94016",Monitores
iPhone,1,700,2022-02-02,"954 Jefferson St, San Francisco, CA 94016",Teléfonos
Lightning Charging Cable,1,14.95,2022-02-11,"712 6th St, Los Angeles, CA 90001",Cargadores
AAA Batteries (4-pack),1,2.99,2022-02-02,"143 Church St, Portland, OR 97035",Pilas
AA Batteries (4-pack),1,3.84,2022-02-08,"817 9th St, New York City, NY 10001",Pilas
Apple Airpods Headphones,1,150,2022-02-10,"788 Sunset St, Portland, OR 97035",Auriculares
Apple Airpods Headphones,1,150,2022-02-02,"594 1st St, Boston, MA 02215",Auriculares
27in FHD Monitor,1,149.99,2022-02-11,"806 Forest St, Boston, MA 02215",Monitores
Bose SoundSport Headphones,1,99.99,2022-02-09,"519 Lincoln St, Los Angeles, CA 90001",Auriculares
AA Batteries (4-pack),1,3.84,2022-02-02,"224 14th St, Dallas, TX 75001",Pilas
Lightning Charging Cable,1,14.95,2022-02-03,"794 Cherry St, Los Angeles, CA 90001",Cargadores
Bose SoundSport Headphones,1,99.99,2022-02-06,"906 South St, Dallas, TX 75001",Auriculares
Google Phone,1,600,2022-02-12,"13 Highland St, Austin, TX 73301",Teléfonos
USB-C Charging Cable,1,11.95,2022-02-09,"120 Johnson St, San Francisco, CA 94016",Cargadores
27in FHD Monitor,1,149.99,2022-02-10,"734 Madison St, Los Angeles, CA 90001",Monitores
Wired Headphones,1,11.99,2022-02-01,"295 Sunset St, Atlanta, GA 30301",Auriculares
USB-C Charging Cable,2,11.95,2022-02-07,"581 Sunset St, Boston, MA 02215",Cargadores
Lightning Charging Cable,1,14.95,2022-02-02,"122 Hill St, Austin, TX 73301",Cargadores
Lightning Charging Cable,1,14.95,2022-02-05,"964 14th St, San Francisco, CA 94016",Cargadores
Wired Headphones,1,11.99,2022-02-02,"810 Spruce St, Atlanta, GA 30301",Auriculares
AAA Batteries (4-pack),1,2.99,2022-02-03,"78 Highland St, Atlanta, GA 30301",Pilas
iPhone,1,700,2022-02-03,"990 Dogwood St, San Francisco, CA 94016",Teléfonos
27in FHD Monitor,1,149.99,2022-02-09,"707 Walnut St, Seattle, WA 98101",Monitores
Lightning Charging Cable,1,14.95,2022-02-05,"85 Sunset St, Portland, OR 97035",Cargadores
AA Batteries (4-pack),1,3.84,2022-02-08,"754 Jackson St, New York City, NY 10001",Pilas
Lightning Charging Cable,1,14.95,2022-02-06,"461 West St, Portland, OR 97035",Cargadores
27in FHD Monitor,1,149.99,2022-02-07,"224 Spruce St, San Francisco, CA 94016",Monitores
AA Batteries (4-pack),1,3.84,2022-02-05,"766 2nd St, Dallas, TX 75001",Pilas
Lightning Charging Cable,1,14.95,2022-02-06,"898 2nd St, Atlanta, GA 30301",Cargadores
AA Batteries (4-pack),2,3.84,2022-02-08,"411 Highland St, San Francisco, CA 94016",Pilas
AAA Batteries (4-pack),2,2.99,2022-02-12,"848 Adams St, Seattle, WA 98101",Pilas
iPhone,1,700,2022-02-07,"51 6th St, Boston, MA 02215",Teléfonos
AA Batteries (4-pack),3,3.84,2022-02-09,"487 Sunset St, San Francisco, CA 94016",Pilas
Apple Airpods Headphones,1,150,2022-02-02,"109 12th St, Portland, ME 04101",Auriculares
Lightning Charging Cable,1,14.95,2022-02-08,"340 Main St, San Francisco, CA 94016",Cargadores
Wired Headphones,2,11.99,2022-02-01,"373 Forest St, Portland, OR 97035",Auriculares
Lightning Charging Cable,1,14.95,2022-02-04,"99 Lincoln St, San Francisco, CA 94016",Cargadores
27in 4K Gaming Monitor,1,389.99,2022-02-10,"33 Highland St, New York City, NY 10001",Monitores
20in Monitor,1,109.99,2022-02-11,"887 Dogwood St, New York City, NY 10001",Monitores
USB-C Charging Cable,1,11.95,2022-02-08,"996 Ridge St, Portland, OR 97035",Cargadores
AAA Batteries (4-pack),1,2.99,2022-02-12,"372 Jefferson St, Boston, MA 02215",Pilas
iPhone,1,700,2022-02-07,"954 Adams St, Austin, TX 73301",Teléfonos
USB-C Charging Cable,1,11.95,2022-02-04,"58 Willow St, Austin, TX 73301",Cargadores
USB-C Charging Cable,1,11.95,2022-02-05,"372 Main St, Portland, ME 04101",Cargadores
AAA Batteries (4-pack),1,2.99,2022-02-06,"710 10th St, Los Angeles, CA 90001",Pilas
USB-C Charging Cable,1,11.95,2022-02-05,"413 Lake St, New York City, NY 10001",Cargadores
AA Batteries (4-pack),1,3.84,2022-02-12,"502 Highland St, San Francisco, CA 94016",Pilas
Wired Headphones,1,11.99,2022-02-08,"279 Willow St, San Francisco, CA 94016",Auriculares
Wired Headphones,1,11.99,2022-02-08,"145 Lake St, New York City, NY 10001",Auriculares
Lightning Charging Cable,1,14.95,2022-02-09,"395 Meadow St, Los Angeles, CA 90001",Cargadores
AA Batteries (4-pack),2,3.84,2022-02-05,"93 6th St, Boston, MA 02215",Pilas
Wired Headphones,1,11.99,2022-02-12,"319 Cherry St, Seattle, WA 98101",Auriculares
34in Ultrawide Monitor,1,379.99,2022-02-02,"216 Cherry St, New York City, NY 10001",Monitores
27in FHD Monitor,1,149.99,2022-02-01,"654 Elm St, New York City, NY 10001",Monitores
Apple Airpods Headphones,1,150,2022-02-06,"301 Dogwood St, San Francisco, CA 94016",Auriculares
Bose SoundSport Headphones,1,99.99,2022-02-11,"494 Maple St, Los Angeles, CA 90001",Auriculares
Macbook Pro Laptop,1,1700,2022-02-10,"495 Meadow St, Seattle, WA 98101",Portátiles
Wired Headphones,1,11.99,2022-02-07,"265 Sunset St, San Francisco, CA 94016",Auriculares
27in FHD Monitor,1,149.99,2022-02-10,"383 Lincoln St, Dallas, TX 75001",Monitores
Lightning Charging Cable,1,14.95,2022-02-08,"235 Lincoln St, San Francisco, CA 94016",Cargadores
27in FHD Monitor,1,149.99,2022-02-08,"431 2nd St, Los Angeles, CA 90001",Monitores
Apple Airpods Headphones,1,150,2022-02-08,"431 2nd St, Los Angeles, CA 90001",Auriculares
Lightning Charging Cable,1,14.95,2022-02-04,"31 Hickory St, Boston, MA 02215",Cargadores
Macbook Pro Laptop,1,1700,2022-02-03,"970 Lakeview St, New York City, NY 10001",Portátiles
Vareebadd Phone,1,400,2022-02-10,"939 Forest St, Austin, TX 73301",Teléfonos
USB-C Charging Cable,1,11.95,2022-02-10,"939 Forest St, Austin, TX 73301",Cargadores
Apple Airpods Headphones,1,150,2022-02-04,"686 Lakeview St, Boston, MA 02215",Auriculares
AA Batteries (4-pack),1,3.84,2022-02-09,"113 North St, San Francisco, CA 94016",Pilas
Wired Headphones,1,11.99,2022-02-05,"915 Park St, Los Angeles, CA 90001",Auriculares
iPhone,1,700,2022-02-09,"660 Forest St, New York City, NY 10001",Teléfonos
Lightning Charging Cable,1,14.95,2022-02-02,"893 Washington St, San Francisco, CA 94016",Cargadores
Wired Headphones,1,11.99,2022-02-01,"912 Highland St, Atlanta, GA 30301",Auriculares
AA Batteries (4-pack),2,3.84,2022-02-12,"743 Center St, San Francisco, CA 94016",Pilas
Lightning Charging Cable,1,14.95,2022-02-04,"425 11th St, San Francisco, CA 94016",Cargadores
AA Batteries (4-pack),1,3.84,2022-02-07,"650 Cherry St, Dallas, TX 75001",Pilas
AAA Batteries (4-pack),1,2.99,2022-02-11,"729 12th St, Seattle, WA 98101",Pilas
27in FHD Monitor,1,149.99,2022-02-09,"103 Cherry St, Seattle, WA 98101",Monitores
AA Batteries (4-pack),2,3.84,2022-02-04,"841 6th St, Atlanta, GA 30301",Pilas
Google Phone,1,600,2022-02-01,"895 Walnut St, San Francisco, CA 94016",Teléfonos
AAA Batteries (4-pack),1,2.99,2022-02-05,"645 7th St, Seattle, WA 98101",Pilas
34in Ultrawide Monitor,1,379.99,2022-02-05,"5 7th St, Seattle, WA 98101",Monitores
iPhone,1,700,2022-02-02,"501 Hill St, Los Angeles, CA 90001",Teléfonos
Lightning Charging Cable,1,14.95,2022-02-02,"501 Hill St, Los Angeles, CA 90001",Cargadores
USB-C Charging Cable,1,11.95,2022-02-09,"151 Maple St, San Francisco, CA 94016",Cargadores
Google Phone,1,600,2022-02-10,"939 Forest St, Boston, MA 02215",Teléfonos
AAA Batteries (4-pack),2,2.99,2022-02-12,"702 2nd St, Portland, ME 04101",Pilas
ThinkPad Laptop,1,999.99,2022-02-09,"187 14th St, San Francisco, CA 94016",Portátiles
Wired Headphones,1,11.99,2022-02-01,"768 Lincoln St, New York City, NY 10001",Auriculares
Apple Airpods Headphones,1,150,2022-02-07,"345 1st St, Boston, MA 02215",Auriculares
ThinkPad Laptop,1,999.99,2022-02-12,"307 Hill St, Los Angeles, CA 90001",Portátiles
Apple Airpods Headphones,1,150,2022-02-12,"16 14th St, New York City, NY 10001",Auriculares
Wired Headphones,1,11.99,2022-02-03,"945 Highland St, Seattle, WA 98101",Auriculares
Bose SoundSport Headphones,1,99.99,2022-02-08,"254 Jefferson St, Dallas, TX 75001",Auriculares
AAA Batteries (4-pack),1,2.99,2022-02-10,"29 Cherry St, New York City, NY 10001",Pilas
34in Ultrawide Monitor,1,379.99,2022-02-12,"665 South St, San Francisco, CA 94016",Monitores
AA Batteries (4-pack),3,3.84,2022-02-01,"352 Meadow St, Dallas, TX 75001",Pilas
AAA Batteries (4-pack),1,2.99,2022-02-10,"87 7th St, San Francisco, CA 94016",Pilas
Lightning Charging Cable,1,14.95,2022-02-03,"955 Wilson St, San Francisco, CA 94016",Cargadores
Lightning Charging Cable,1,14.95,2022-02-03,"493 11th St, Atlanta, GA 30301",Cargadores
Lightning Charging Cable,1,14.95,2022-02-11,"642 Hickory St, San Francisco, CA 94016",Cargadores
Apple Airpods Headphones,1,150,2022-02-12,"425 Church St, San Francisco, CA 94016",Auriculares
iPhone,1,700,2022-02-09,"141 Wilson St, San Francisco, CA 94016",Teléfonos
AA Batteries (4-pack),1,3.84,2022-02-09,"949 Maple St, San Francisco, CA 94016",Pilas
AA Batteries (4-pack),1,3.84,2022-02-09,"658 8th St, Portland, OR 97035",Pilas
27in FHD Monitor,1,149.99,2022-02-10,"936 Jefferson St, Atlanta, GA 30301",Monitores
Wired Headphones,1,11.99,2022-02-01,"367 South St, Boston, MA 02215",Auriculares
Macbook Pro Laptop,1,1700,2022-02-08,"478 6th St, Atlanta, GA 30301",Portátiles
AAA Batteries (4-pack),2,2.99,2022-02-01,"482 Forest St, Austin, TX 73301",Pilas
Wired Headphones,1,11.99,2022-02-05,"359 Washington St, New York City, NY 10001",Auriculares
AAA Batteries (4-pack),2,2.99,2022-02-07,"504 Center St, Los Angeles, CA 90001",Pilas
AA Batteries (4-pack),1,3.84,2022-02-02,"435 Park St, Boston, MA 02215",Pilas
USB-C Charging Cable,1,11.95,2022-02-08,"737 7th St, Portland, OR 97035",Cargadores
ThinkPad Laptop,1,999.99,2022-02-12,"117 Madison St, Austin, TX 73301",Portátiles
AA Batteries (4-pack),1,3.84,2022-02-08,"913 Jackson St, Dallas, TX 75001",Pilas
Wired Headphones,1,11.99,2022-02-04,"751 Forest St, San Francisco, CA 94016",Auriculares
Wired Headphones,1,11.99,2022-02-08,"546 Elm St, Atlanta, GA 30301",Auriculares
34in Ultrawide Monitor,1,379.99,2022-02-02,"31 Adams St, New York City, NY 10001",Monitores
34in Ultrawide Monitor,1,379.99,2022-02-01,"753 Madison St, New York City, NY 10001",Monitores
Wired Headphones,1,11.99,2022-02-08,"825 Forest St, Portland, OR 97035",Auriculares
AA Batteries (4-pack),3,3.84,2022-02-07,"471 Pine St, San Francisco, CA 94016",Pilas
AA Batteries (4-pack),1,3.84,2022-02-06,"716 10th St, Boston, MA 02215",Pilas
Wired Headphones,1,11.99,2022-02-09,"475 Lake St, Los Angeles, CA 90001",Auriculares
USB-C Charging Cable,1,11.95,2022-02-08,"628 Main St, Los Angeles, CA 90001",Cargadores
USB-C Charging Cable,1,11.95,2022-02-11,"314 Johnson St, Los Angeles, CA 90001",Cargadores
20in Monitor,1,109.99,2022-02-03,"527 Madison St, New York City, NY 10001",Monitores
34in Ultrawide Monitor,1,379.99,2022-02-03,"750 River St, Austin, TX 73301",Monitores
iPhone,1,700,2022-02-10,"58 Adams St, San Francisco, CA 94016",Teléfonos
Lightning Charging Cable,1,14.95,2022-02-10,"58 Adams St, San Francisco, CA 94016",Cargadores
Wired Headphones,2,11.99,2022-02-10,"408 Highland St, Los Angeles, CA 90001",Auriculares
AAA Batteries (4-pack),2,2.99,2022-02-02,"430 12th St, New York City, NY 10001",Pilas
Lightning Charging Cable,1,14.95,2022-02-02,"430 12th St, New York City, NY 10001",Cargadores
27in 4K Gaming Monitor,1,389.99,2022-02-09,"571 Ridge St, Los Angeles, CA 90001",Monitores
AAA Batteries (4-pack),2,2.99,2022-02-03,"290 1st St, Atlanta, GA 30301",Pilas
USB-C Charging Cable,1,11.95,2022-02-03,"559 Hickory St, San Francisco, CA 94016",Cargadores
27in FHD Monitor,1,149.99,2022-02-04,"507 Highland St, Atlanta, GA 30301",Monitores
Vareebadd Phone,2,400,2022-02-09,"961 Jefferson St, New York City, NY 10001",Teléfonos
USB-C Charging Cable,1,11.95,2022-02-09,"961 Jefferson St, New York City, NY 10001",Cargadores
Wired Headphones,1,11.99,2022-02-09,"961 Jefferson St, New York City, NY 10001",Auriculares
iPhone,1,700,2022-02-12,"691 4th St, San Francisco, CA 94016",Teléfonos
Lightning Charging Cable,1,14.95,2022-02-12,"691 4th St, San Francisco, CA 94016",Cargadores
USB-C Charging Cable,1,11.95,2022-02-11,"150 9th St, Los Angeles, CA 90001",Cargadores
34in Ultrawide Monitor,1,379.99,2022-02-04,"897 9th St, Seattle, WA 98101",Monitores
AA Batteries (4-pack),1,3.84,2022-02-01,"523 Center St, Dallas, TX 75001",Pilas
ThinkPad Laptop,1,999.99,2022-02-01,"523 Center St, Dallas, TX 75001",Portátiles
Apple Airpods Headphones,1,150,2022-02-11,"621 12th St, Boston, MA 02215",Auriculares
Lightning Charging Cable,1,14.95,2022-02-08,"816 2nd St, Atlanta, GA 30301",Cargadores
Flatscreen TV,1,300,2022-02-11,"748 Jackson St, Los Angeles, CA 90001",Televisores
AAA Batteries (4-pack),1,2.99,2022-02-11,"701 Lincoln St, San Francisco, CA 94016",Pilas
AA Batteries (4-pack),1,3.84,2022-02-03,"745 Highland St, Boston, MA 02215",Pilas
AAA Batteries (4-pack),3,2.99,2022-02-11,"445 River St, New York City, NY 10001",Pilas
34in Ultrawide Monitor,1,379.99,2022-02-08,"186 Jackson St, Boston, MA 02215",Monitores
USB-C Charging Cable,2,11.95,2022-02-04,"782 Cedar St, San Francisco, CA 94016",Cargadores
Apple Airpods Headphones,1,150,2022-02-10,"650 Maple St, San Francisco, CA 94016",Auriculares
Lightning Charging Cable,2,14.95,2022-02-07,"323 14th St, San Francisco, CA 94016",Cargadores
AAA Batteries (4-pack),1,2.99,2022-02-10,"920 6th St, New York City, NY 10001",Pilas
Bose SoundSport Headphones,1,99.99,2022-02-06,"57 Park St, New York City, NY 10001",Auriculares
AAA Batteries (4-pack),2,2.99,2022-02-01,"893 12th St, San Francisco, CA 94016",Pilas
USB-C Charging Cable,1,11.95,2022-02-01,"362 Highland St, Portland, OR 97035",Cargadores
AA Batteries (4-pack),2,3.84,2022-02-02,"782 Spruce St, Boston, MA 02215",Pilas
AAA Batteries (4-pack),1,2.99,2022-02-03,"331 Willow St, Los Angeles, CA 90001",Pilas
34in Ultrawide Monitor,1,379.99,2022-02-11,"602 Pine St, Dallas, TX 75001",Monitores
Apple Airpods Headphones,1,150,2022-02-05,"744 12th St, San Francisco, CA 94016",Auriculares
Google Phone,1,600,2022-02-05,"611 Maple St, San Francisco, CA 94016",Teléfonos
Wired Headphones,2,11.99,2022-02-05,"611 Maple St, San Francisco, CA 94016",Auriculares
AAA Batteries (4-pack),2,2.99,2022-02-10,"537 Walnut St, Portland, OR 97035",Pilas
AAA Batteries (4-pack),2,2.99,2022-02-11,"54 Adams St, Boston, MA 02215",Pilas
Google Phone,1,600,2022-02-10,"467 14th St, Los Angeles, CA 90001",Teléfonos
Macbook Pro Laptop,1,1700,2022-02-07,"180 Lakeview St, Seattle, WA 98101",Portátiles
Flatscreen TV,1,300,2022-02-12,"79 Cedar St, Boston, MA 02215",Televisores
AA Batteries (4-pack),1,3.84,2022-02-10,"682 9th St, Dallas, TX 75001",Pilas
Wired Headphones,1,11.99,2022-02-10,"312 Forest St, New York City, NY 10001",Auriculares
Bose SoundSport Headphones,1,99.99,2022-02-09,"537 Jefferson St, San Francisco, CA 94016",Auriculares
ThinkPad Laptop,1,999.99,2022-02-01,"553 Ridge St, Los Angeles, CA 90001",Portátiles
USB-C Charging Cable,1,11.95,2022-02-09,"402 12th St, Los Angeles, CA 90001",Cargadores
USB-C Charging Cable,1,11.95,2022-02-08,"355 11th St, San Francisco, CA 94016",Cargadores
Lightning Charging Cable,1,14.95,2022-02-07,"694 Adams St, Boston, MA 02215",Cargadores
AA Batteries (4-pack),3,3.84,2022-02-04,"607 Lakeview St, Portland, OR 97035",Pilas
AAA Batteries (4-pack),1,2.99,2022-02-05,"169 Lake St, San Francisco, CA 94016",Pilas
USB-C Charging Cable,1,11.95,2022-02-06,"743 Washington St, San Francisco, CA 94016",Cargadores
AAA Batteries (4-pack),1,2.99,2022-02-10,"184 Spruce St, Atlanta, GA 30301",Pilas
34in Ultrawide Monitor,1,379.99,2022-02-03,"430 Church St, Seattle, WA 98101",Monitores
Lightning Charging Cable,1,14.95,2022-02-01,"284 River St, Boston, MA 02215",Cargadores
AA Batteries (4-pack),1,3.84,2022-02-06,"975 Hickory St, Boston, MA 02215",Pilas
iPhone,1,700,2022-02-06,"721 Lake St, Portland, OR 97035",Teléfonos
Lightning Charging Cable,1,14.95,2022-02-06,"721 Lake St, Portland, OR 97035",Cargadores
AA Batteries (4-pack),1,3.84,2022-02-05,"485 Center St, Atlanta, GA 30301",Pilas
ThinkPad Laptop,2,999.99,2022-02-12,"850 6th St, New York City, NY 10001",Portátiles
Wired Headphones,1,11.99,2022-02-03,"247 Meadow St, San Francisco, CA 94016",Auriculares
AA Batteries (4-pack),1,3.84,2022-02-11,"87 Spruce St, New York City, NY 10001",Pilas
Lightning Charging Cable,1,14.95,2022-02-07,"564 Jefferson St, Portland, OR 97035",Cargadores
27in FHD Monitor,1,149.99,2022-02-06,"604 14th St, Los Angeles, CA 90001",Monitores
Apple Airpods Headphones,1,150,2022-02-10,"177 South St, Los Angeles, CA 90001",Auriculares
Bose SoundSport Headphones,1,99.99,2022-02-02,"907 9th St, Los Angeles, CA 90001",Auriculares
Bose SoundSport Headphones,1,99.99,2022-02-01,"913 12th St, San Francisco, CA 94016",Auriculares
Bose SoundSport Headphones,1,99.99,2022-02-07,"968 Johnson St, San Francisco, CA 94016",Auriculares
AA Batteries (4-pack),1,3.84,2022-02-11,"351 Pine St, Austin, TX 73301",Pilas
Bose SoundSport Headphones,1,99.99,2022-02-07,"272 Madison St, San Francisco, CA 94016",Auriculares
AA Batteries (4-pack),1,3.84,2022-02-09,"743 Sunset St, Dallas, TX 75001",Pilas
27in 4K Gaming Monitor,1,389.99,2022-02-08,"165 Pine St, Los Angeles, CA 90001",Monitores
27in FHD Monitor,1,149.99,2022-02-06,"547 9th St, New York City, NY 10001",Monitores
Bose SoundSport Headphones,1,99.99,2022-02-04,"762 4th St, Seattle, WA 98101",Auriculares
Lightning Charging Cable,1,14.95,2022-02-01,"52 14th St, Los Angeles, CA 90001",Cargadores
iPhone,1,700,2022-02-12,"472 Hickory St, San Francisco, CA 94016",Teléfonos
AAA Batteries (4-pack),1,2.99,2022-02-03,"317 8th St, Boston, MA 02215",Pilas
AA Batteries (4-pack),1,3.84,2022-02-07,"919 7th St, Dallas, TX 75001",Pilas
AAA Batteries (4-pack),1,2.99,2022-02-10,"296 14th St, Dallas, TX 75001",Pilas
ThinkPad Laptop,1,999.99,2022-02-12,"375 Pine St, San Francisco, CA 94016",Portátiles
Wired Headphones,1,11.99,2022-02-12,"800 Jefferson St, Boston, MA 02215",Auriculares
Lightning Charging Cable,1,14.95,2022-02-06,"253 River St, Austin, TX 73301",Cargadores
Lightning Charging Cable,1,14.95,2022-02-09,"859 South St, Atlanta, GA 30301",Cargadores
34in Ultrawide Monitor,1,379.99,2022-02-11,"1 9th St, Dallas, TX 75001",Monitores
AA Batteries (4-pack),1,3.84,2022-02-02,"774 South St, Dallas, TX 75001",Pilas
Apple Airpods Headphones,1,150,2022-02-08,"755 5th St, Boston, MA 02215",Auriculares
AAA Batteries (4-pack),1,2.99,2022-02-03,"635 Forest St, Boston, MA 02215",Pilas
USB-C Charging Cable,1,11.95,2022-02-05,"636 Church St, San Francisco, CA 94016",Cargadores
27in FHD Monitor,1,149.99,2022-02-05,"727 Cedar St, Boston, MA 02215",Monitores
iPhone,1,700,2022-02-03,"330 South St, Boston, MA 02215",Teléfonos
Macbook Pro Laptop,1,1700,2022-02-01,"896 12th St, New York City, NY 10001",Portátiles
Bose SoundSport Headphones,1,99.99,2022-02-03,"609 Park St, New York City, NY 10001",Auriculares
27in FHD Monitor,1,149.99,2022-02-03,"474 Walnut St, New York City, NY 10001",Monitores
AA Batteries (4-pack),2,3.84,2022-02-09,"248 Meadow St, Portland, OR 97035",Pilas
USB-C Charging Cable,1,11.95,2022-02-03,"192 Main St, New York City, NY 10001",Cargadores
Wired Headphones,1,11.99,2022-02-05,"351 8th St, Seattle, WA 98101",Auriculares
AAA Batteries (4-pack),3,2.99,2022-02-02,"303 10th St, Boston, MA 02215",Pilas
Lightning Charging Cable,2,14.95,2022-02-08,"54 2nd St, Seattle, WA 98101",Cargadores
AA Batteries (4-pack),1,3.84,2022-02-11,"947 Maple St, San Francisco, CA 94016",Pilas
USB-C Charging Cable,1,11.95,2022-02-01,"632 South St, Portland, OR 97035",Cargadores
AAA Batteries (4-pack),2,2.99,2022-02-06,"682 10th St, Portland, OR 97035",Pilas
AAA Batteries (4-pack),1,2.99,2022-02-03,"788 Meadow St, San Francisco, CA 94016",Pilas
27in 4K Gaming Monitor,1,389.99,2022-02-01,"326 Meadow St, New York City, NY 10001",Monitores
AAA Batteries (4-pack),1,2.99,2022-02-12,"755 14th St, Boston, MA 02215",Pilas
Wired Headphones,1,11.99,2022-02-05,"582 Spruce St, San Francisco, CA 94016",Auriculares
27in 4K Gaming Monitor,1,389.99,2022-02-12,"949 Center St, San Francisco, CA 94016",Monitores
ThinkPad Laptop,1,999.99,2022-02-03,"992 Hill St, San Francisco, CA 94016",Portátiles
Bose SoundSport Headphones,1,99.99,2022-02-09,"764 Wilson St, New York City, NY 10001",Auriculares
34in Ultrawide Monitor,1,379.99,2022-02-07,"313 Church St, San Francisco, CA 94016",Monitores
Apple Airpods Headphones,1,150,2022-02-07,"796 Pine St, Atlanta, GA 30301",Auriculares
AA Batteries (4-pack),1,3.84,2022-02-11,"479 2nd St, Boston, MA 02215",Pilas
Macbook Pro Laptop,1,1700,2022-02-07,"446 Johnson St, Los Angeles, CA 90001",Portátiles
AAA Batteries (4-pack),2,2.99,2022-02-02,"199 8th St, Portland, OR 97035",Pilas
Lightning Charging Cable,1,14.95,2022-02-12,"708 Highland St, Los Angeles, CA 90001",Cargadores
Bose SoundSport Headphones,1,99.99,2022-02-12,"182 Pine St, San Francisco, CA 94016",Auriculares
AAA Batteries (4-pack),1,2.99,2022-02-10,"927 12th St, Seattle, WA 98101",Pilas
iPhone,1,700,2022-02-10,"48 2nd St, San Francisco, CA 94016",Teléfonos
LG Dryer,1,600.0,2022-02-02,"715 4th St, Portland, ME 04101",Electrodomésticos
AAA Batteries (4-pack),1,2.99,2022-02-01,"747 Wilson St, Los Angeles, CA 90001",Pilas
AAA Batteries (4-pack),1,2.99,2022-02-09,"1 Lake St, New York City, NY 10001",Pilas
Bose SoundSport Headphones,1,99.99,2022-02-09,"883 Park St, Seattle, WA 98101",Auriculares
27in FHD Monitor,1,149.99,2022-02-07,"527 Washington St, Boston, MA 02215",Monitores
27in FHD Monitor,1,149.99,2022-02-04,"370 Center St, San Francisco, CA 94016",Monitores
AAA Batteries (4-pack),2,2.99,2022-02-09,"280 2nd St, New York City, NY 10001",Pilas
Flatscreen TV,1,300,2022-02-11,"554 4th St, Seattle, WA 98101",Televisores
AA Batteries (4-pack),1,3.84,2022-02-01,"972 Lake St, Los Angeles, CA 90001",Pilas
Apple Airpods Headphones,1,150,2022-02-09,"336 Sunset St, Los Angeles, CA 90001",Auriculares
USB-C Charging Cable,1,11.95,2022-02-05,"775 North St, Dallas, TX 75001",Cargadores
20in Monitor,1,109.99,2022-02-06,"505 Lakeview St, Portland, OR 97035",Monitores
AA Batteries (4-pack),3,3.84,2022-02-06,"335 9th St, Austin, TX 73301",Pilas
AAA Batteries (4-pack),3,2.99,2022-02-12,"922 1st St, New York City, NY 10001",Pilas
AA Batteries (4-pack),1,3.84,2022-02-01,"582 Adams St, Boston, MA 02215",Pilas
Lightning Charging Cable,1,14.95,2022-02-10,"644 South St, Austin, TX 73301",Cargadores
Lightning Charging Cable,1,14.95,2022-02-04,"245 River St, Dallas, TX 75001",Cargadores
27in 4K Gaming Monitor,1,389.99,2022-02-11,"409 Hill St, Los Angeles, CA 90001",Monitores
Lightning Charging Cable,1,14.95,2022-02-06,"902 1st St, San Francisco, CA 94016",Cargadores
LG Washing Machine,1,600.0,2022-02-12,"454 13th St, Seattle, WA 98101",Electrodomésticos
Flatscreen TV,1,300,2022-02-09,"310 North St, Portland, OR 97035",Televisores
AA Batteries (4-pack),1,3.84,2022-02-11,"189 Hill St, San Francisco, CA 94016",Pilas
Flatscreen TV,1,300,2022-02-01,"123 Washington St, Boston, MA 02215",Televisores
Bose SoundSport Headphones,1,99.99,2022-02-04,"327 5th St, New York City, NY 10001",Auriculares
Bose SoundSport Headphones,1,99.99,2022-02-06,"569 Walnut St, Seattle, WA 98101",Auriculares
Vareebadd Phone,1,400,2022-02-02,"566 North St, Atlanta, GA 30301",Teléfonos
USB-C Charging Cable,1,11.95,2022-02-01,"209 Park St, Seattle, WA 98101",Cargadores
AA Batteries (4-pack),1,3.84,2022-02-07,"415 Hill St, Austin, TX 73301",Pilas
Bose SoundSport Headphones,1,99.99,2022-02-03,"802 7th St, Portland, ME 04101",Auriculares
USB-C Charging Cable,1,11.95,2022-02-10,"725 Highland St, New York City, NY 10001",Cargadores
AAA Batteries (4-pack),1,2.99,2022-02-10,"592 8th St, San Francisco, CA 94016",Pilas
Bose SoundSport Headphones,1,99.99,2022-02-05,"340 Ridge St, Boston, MA 02215",Auriculares
Wired Headphones,1,11.99,2022-02-06,"7 Johnson St, San Francisco, CA 94016",Auriculares
Apple Airpods Headphones,1,150,2022-02-09,"475 6th St, Portland, OR 97035",Auriculares
USB-C Charging Cable,1,11.95,2022-02-04,"620 Cherry St, Los Angeles, CA 90001",Cargadores
27in FHD Monitor,1,149.99,2022-02-12,"904 North St, Dallas, TX 75001",Monitores
Lightning Charging Cable,1,14.95,2022-02-07,"386 Meadow St, New York City, NY 10001",Cargadores
Bose SoundSport Headphones,1,99.99,2022-02-07,"151 West St, Austin, TX 73301",Auriculares
Bose SoundSport Headphones,1,99.99,2022-02-08,"438 Hickory St, San Francisco, CA 94016",Auriculares
27in 4K Gaming Monitor,1,389.99,2022-02-03,"576 11th St, Boston, MA 02215",Monitores
34in Ultrawide Monitor,1,379.99,2022-02-01,"522 Sunset St, New York City, NY 10001",Monitores
AA Batteries (4-pack),1,3.84,2022-02-05,"31 4th St, Los Angeles, CA 90001",Pilas
Macbook Pro Laptop,1,1700,2022-02-03,"315 Johnson St, Los Angeles, CA 90001",Portátiles
USB-C Charging Cable,1,11.95,2022-02-07,"394 Maple St, San Francisco, CA 94016",Cargadores
ThinkPad Laptop,1,999.99,2022-02-09,"346 7th St, New York City, NY 10001",Portátiles
Apple Airpods Headphones,1,150,2022-02-01,"804 Center St, Los Angeles, CA 90001",Auriculares
Lightning Charging Cable,1,14.95,2022-02-05,"732 Hickory St, Seattle, WA 98101",Cargadores
Google Phone,1,600,2022-02-10,"5 Ridge St, Boston, MA 02215",Teléfonos
AAA Batteries (4-pack),1,2.99,2022-02-06,"43 Elm St, Portland, OR 97035",Pilas
Bose SoundSport Headphones,1,99.99,2022-02-04,"140 Center St, New York City, NY 10001",Auriculares
Lightning Charging Cable,1,14.95,2022-02-07,"217 Lakeview St, Boston, MA 02215",Cargadores
Wired Headphones,1,11.99,2022-02-09,"29 West St, San Francisco, CA 94016",Auriculares
Wired Headphones,2,11.99,2022-02-08,"42 Johnson St, Portland, ME 04101",Auriculares
Wired Headphones,1,11.99,2022-02-04,"324 South St, San Francisco, CA 94016",Auriculares
Macbook Pro Laptop,1,1700,2022-02-10,"976 Lincoln St, Los Angeles, CA 90001",Portátiles
AAA Batteries (4-pack),1,2.99,2022-02-02,"714 Main St, Atlanta, GA 30301",Pilas
AAA Batteries (4-pack),1,2.99,2022-02-03,"706 Park St, San Francisco, CA 94016",Pilas
AAA Batteries (4-pack),2,2.99,2022-02-11,"207 South St, Dallas, TX 75001",Pilas
Macbook Pro Laptop,1,1700,2022-02-08,"783 Madison St, San Francisco, CA 94016",Portátiles
Macbook Pro Laptop,1,1700,2022-02-07,"349 Center St, Austin, TX 73301",Portátiles
Bose SoundSport Headphones,1,99.99,2022-02-06,"525 Lake St, Los Angeles, CA 90001",Auriculares
Google Phone,1,600,2022-02-05,"772 Church St, Los Angeles, CA 90001",Teléfonos
USB-C Charging Cable,1,11.95,2022-02-05,"772 Church St, Los Angeles, CA 90001",Cargadores
Bose SoundSport Headphones,1,99.99,2022-02-06,"339 Maple St, Atlanta, GA 30301",Auriculares
AAA Batteries (4-pack),1,2.99,2022-02-02,"709 12th St, San Francisco, CA 94016",Pilas
iPhone,1,700,2022-02-03,"423 Lake St, New York City, NY 10001",Teléfonos
Lightning Charging Cable,1,14.95,2022-02-03,"423 Lake St, New York City, NY 10001",Cargadores
USB-C Charging Cable,1,11.95,2022-02-08,"851 Sunset St, Boston, MA 02215",Cargadores
Bose SoundSport Headphones,1,99.99,2022-02-02,"757 Ridge St, Seattle, WA 98101",Auriculares
Google Phone,1,600,2022-02-12,"537 14th St, San Francisco, CA 94016",Teléfonos
27in 4K Gaming Monitor,1,389.99,2022-02-07,"387 Johnson St, Portland, OR 97035",Monitores
Wired Headphones,1,11.99,2022-02-03,"957 Hickory St, Atlanta, GA 30301",Auriculares
iPhone,1,700,2022-02-05,"910 Lakeview St, San Francisco, CA 94016",Teléfonos
AA Batteries (4-pack),1,3.84,2022-02-12,"872 5th St, San Francisco, CA 94016",Pilas
Apple Airpods Headphones,1,150,2022-02-07,"333 Hickory St, San Francisco, CA 94016",Auriculares
AA Batteries (4-pack),2,3.84,2022-02-12,"681 Cedar St, Los Angeles, CA 90001",Pilas
Bose SoundSport Headphones,1,99.99,2022-02-04,"428 11th St, Boston, MA 02215",Auriculares
AAA Batteries (4-pack),2,2.99,2022-02-07,"62 Church St, Seattle, WA 98101",Pilas
20in Monitor,1,109.99,2022-02-10,"391 Highland St, Portland, OR 97035",Monitores
AAA Batteries (4-pack),2,2.99,2022-02-01,"501 4th St, Los Angeles, CA 90001",Pilas
Apple Airpods Headphones,1,150,2022-02-11,"831 West St, Dallas, TX 75001",Auriculares
Google Phone,1,600,2022-02-01,"148 Elm St, New York City, NY 10001",Teléfonos
USB-C Charging Cable,1,11.95,2022-02-01,"148 Elm St, New York City, NY 10001",Cargadores
Bose SoundSport Headphones,1,99.99,2022-02-01,"148 Elm St, New York City, NY 10001",Auriculares
AAA Batteries (4-pack),2,2.99,2022-02-12,"697 Hickory St, Atlanta, GA 30301",Pilas
AA Batteries (4-pack),1,3.84,2022-02-10,"63 Lakeview St, New York City, NY 10001",Pilas
Wired Headphones,2,11.99,2022-02-07,"25 Jefferson St, Portland, OR 97035",Auriculares
AAA Batteries (4-pack),1,2.99,2022-02-06,"918 12th St, San Francisco, CA 94016",Pilas
Apple Airpods Headphones,1,150,2022-02-12,"265 Cedar St, Seattle, WA 98101",Auriculares
Apple Airpods Headphones,1,150,2022-02-06,"174 Jackson St, Atlanta, GA 30301",Auriculares
USB-C Charging Cable,1,11.95,2022-02-06,"660 Adams St, Austin, TX 73301",Cargadores
Vareebadd Phone,1,400,2022-02-03,"516 South St, Seattle, WA 98101",Teléfonos
USB-C Charging Cable,1,11.95,2022-02-03,"516 South St, Seattle, WA 98101",Cargadores
AAA Batteries (4-pack),2,2.99,2022-02-06,"846 Main St, Seattle, WA 98101",Pilas
Flatscreen TV,1,300,2022-02-02,"716 West St, Dallas, TX 75001",Televisores
USB-C Charging Cable,1,11.95,2022-02-09,"459 Ridge St, Boston, MA 02215",Cargadores
27in FHD Monitor,1,149.99,2022-02-05,"852 Center St, San Francisco, CA 94016",Monitores
Lightning Charging Cable,1,14.95,2022-02-06,"870 Maple St, Austin, TX 73301",Cargadores
iPhone,1,700,2022-02-08,"205 Sunset St, Seattle, WA 98101",Teléfonos
AA Batteries (4-pack),4,3.84,2022-02-03,"492 Park St, Atlanta, GA 30301",Pilas
AAA Batteries (4-pack),1,2.99,2022-02-02,"615 6th St, San Francisco, CA 94016",Pilas
Apple Airpods Headphones,1,150,2022-02-02,"854 Cherry St, Seattle, WA 98101",Auriculares
20in Monitor,1,109.99,2022-02-08,"81 Elm St, Seattle, WA 98101",Monitores
Bose SoundSport Headphones,1,99.99,2022-02-06,"182 South St, San Francisco, CA 94016",Auriculares
AAA Batteries (4-pack),1,2.99,2022-02-12,"70 Jackson St, Atlanta, GA 30301",Pilas
Macbook Pro Laptop,1,1700,2022-02-03,"149 Wilson St, New York City, NY 10001",Portátiles
iPhone,1,700,2022-02-04,"818 Lakeview St, San Francisco, CA 94016",Teléfonos
Lightning Charging Cable,1,14.95,2022-02-04,"818 Lakeview St, San Francisco, CA 94016",Cargadores
Apple Airpods Headphones,1,150,2022-02-10,"289 10th St, New York City, NY 10001",Auriculares
Google Phone,1,600,2022-02-05,"17 Jackson St, Atlanta, GA 30301",Teléfonos
Flatscreen TV,1,300,2022-02-07,"370 South St, Dallas, TX 75001",Televisores
27in 4K Gaming Monitor,1,389.99,2022-02-06,"455 Forest St, Los Angeles, CA 90001",Monitores
Apple Airpods Headphones,1,150,2022-02-07,"816 9th St, San Francisco, CA 94016",Auriculares
Google Phone,1,600,2022-02-05,"479 Park St, San Francisco, CA 94016",Teléfonos
Lightning Charging Cable,1,14.95,2022-02-08,"79 Lakeview St, Atlanta, GA 30301",Cargadores
27in FHD Monitor,1,149.99,2022-02-08,"763 7th St, San Francisco, CA 94016",Monitores
Lightning Charging Cable,1,14.95,2022-02-08,"176 1st St, San Francisco, CA 94016",Cargadores
20in Monitor,1,109.99,2022-02-05,"606 Church St, Seattle, WA 98101",Monitores
Lightning Charging Cable,1,14.95,2022-02-11,"558 14th St, San Francisco, CA 94016",Cargadores
Wired Headphones,1,11.99,2022-02-08,"109 Lake St, San Francisco, CA 94016",Auriculares
Lightning Charging Cable,1,14.95,2022-02-10,"971 Cherry St, San Francisco, CA 94016",Cargadores
Lightning Charging Cable,1,14.95,2022-02-05,"1 Highland St, Portland, OR 97035",Cargadores
Wired Headphones,1,11.99,2022-02-04,"4 1st St, New York City, NY 10001",Auriculares
Flatscreen TV,1,300,2022-02-01,"169 7th St, New York City, NY 10001",Televisores
Bose SoundSport Headphones,1,99.99,2022-02-03,"281 12th St, San Francisco, CA 94016",Auriculares
Wired Headphones,1,11.99,2022-02-01,"474 Jefferson St, Los Angeles, CA 90001",Auriculares
ThinkPad Laptop,1,999.99,2022-02-06,"247 Hickory St, San Francisco, CA 94016",Portátiles
USB-C Charging Cable,1,11.95,2022-02-02,"702 Hickory St, Atlanta, GA 30301",Cargadores
Bose SoundSport Headphones,1,99.99,2022-02-02,"153 Church St, Boston, MA 02215",Auriculares
Lightning Charging Cable,1,14.95,2022-02-08,"816 7th St, Los Angeles, CA 90001",Cargadores
27in FHD Monitor,1,149.99,2022-02-10,"762 Meadow St, New York City, NY 10001",Monitores
Bose SoundSport Headphones,1,99.99,2022-02-06,"585 8th St, New York City, NY 10001",Auriculares
Bose SoundSport Headphones,1,99.99,2022-02-07,"746 Sunset St, San Francisco, CA 94016",Auriculares
AAA Batteries (4-pack),1,2.99,2022-02-10,"604 12th St, San Francisco, CA 94016",Pilas
AAA Batteries (4-pack),1,2.99,2022-02-06,"280 Adams St, Atlanta, GA 30301",Pilas
AAA Batteries (4-pack),2,2.99,2022-02-08,"662 Church St, Los Angeles, CA 90001",Pilas
27in FHD Monitor,1,149.99,2022-02-12,"911 6th St, Dallas, TX 75001",Monitores
iPhone,1,700,2022-02-07,"380 Highland St, Dallas, TX 75001",Teléfonos
Lightning Charging Cable,1,14.95,2022-02-07,"380 Highland St, Dallas, TX 75001",Cargadores
Macbook Pro Laptop,1,1700,2022-02-01,"454 Jefferson St, Austin, TX 73301",Portátiles
Bose SoundSport Headphones,1,99.99,2022-02-11,"633 North St, Seattle, WA 98101",Auriculares
Macbook Pro Laptop,1,1700,2022-02-03,"92 5th St, Austin, TX 73301",Portátiles
AAA Batteries (4-pack),1,2.99,2022-02-12,"68 14th St, New York City, NY 10001",Pilas
AA Batteries (4-pack),1,3.84,2022-02-04,"576 Jackson St, Los Angeles, CA 90001",Pilas
USB-C Charging Cable,1,11.95,2022-02-10,"889 Hill St, Los Angeles, CA 90001",Cargadores
Wired Headphones,1,11.99,2022-02-11,"248 Jackson St, New York City, NY 10001",Auriculares
Wired Headphones,1,11.99,2022-02-07,"532 Johnson St, Los Angeles, CA 90001",Auriculares
AA Batteries (4-pack),1,3.84,2022-02-02,"94 9th St, Boston, MA 02215",Pilas
Wired Headphones,1,11.99,2022-02-08,"564 Center St, Dallas, TX 75001",Auriculares
ThinkPad Laptop,1,999.99,2022-02-02,"263 Lincoln St, Atlanta, GA 30301",Portátiles
AA Batteries (4-pack),1,3.84,2022-02-09,"126 Sunset St, Dallas, TX 75001",Pilas
Flatscreen TV,1,300,2022-02-05,"289 13th St, Boston, MA 02215",Televisores
ThinkPad Laptop,1,999.99,2022-02-08,"181 Church St, San Francisco, CA 94016",Portátiles
Apple Airpods Headphones,1,150,2022-02-10,"540 Hickory St, Austin, TX 73301",Auriculares
Lightning Charging Cable,1,14.95,2022-02-08,"569 Park St, Dallas, TX 75001",Cargadores
USB-C Charging Cable,1,11.95,2022-02-09,"393 Sunset St, Seattle, WA 98101",Cargadores
USB-C Charging Cable,1,11.95,2022-02-07,"748 Cedar St, New York City, NY 10001",Cargadores
AA Batteries (4-pack),1,3.84,2022-02-05,"818 West St, New York City, NY 10001",Pilas
Apple Airpods Headphones,1,150,2022-02-10,"909 Lake St, San Francisco, CA 94016",Auriculares
Wired Headphones,1,11.99,2022-02-09,"78 West St, San Francisco, CA 94016",Auriculares
Wired Headphones,1,11.99,2022-02-01,"770 6th St, New York City, NY 10001",Auriculares
AA Batteries (4-pack),1,3.84,2022-02-02,"370 Forest St, San Francisco, CA 94016",Pilas
Wired Headphones,1,11.99,2022-02-11,"969 Meadow St, Los Angeles, CA 90001",Auriculares
AAA Batteries (4-pack),1,2.99,2022-02-11,"818 Washington St, New York City, NY 10001",Pilas
AA Batteries (4-pack),1,3.84,2022-02-01,"748 Park St, Dallas, TX 75001",Pilas
USB-C Charging Cable,1,11.95,2022-02-04,"789 4th St, Austin, TX 73301",Cargadores
Lightning Charging Cable,1,14.95,2022-02-09,"46 Cherry St, New York City, NY 10001",Cargadores
Wired Headphones,1,11.99,2022-02-06,"115 Willow St, New York City, NY 10001",Auriculares
Lightning Charging Cable,1,14.95,2022-02-05,"737 8th St, Los Angeles, CA 90001",Cargadores
Lightning Charging Cable,1,14.95,2022-02-06,"144 Cedar St, New York City, NY 10001",Cargadores
Apple Airpods Headphones,1,150,2022-02-08,"234 Lakeview St, New York City, NY 10001",Auriculares
27in 4K Gaming Monitor,1,389.99,2022-02-05,"916 2nd St, New York City, NY 10001",Monitores
USB-C Charging Cable,1,11.95,2022-02-11,"622 13th St, Boston, MA 02215",Cargadores
USB-C Charging Cable,1,11.95,2022-02-12,"777 Willow St, San Francisco, CA 94016",Cargadores
USB-C Charging Cable,2,11.95,2022-02-02,"516 14th St, San Francisco, CA 94016",Cargadores
Apple Airpods Headphones,1,150,2022-02-04,"724 Pine St, San Francisco, CA 94016",Auriculares
USB-C Charging Cable,1,11.95,2022-02-02,"87 10th St, Boston, MA 02215",Cargadores
USB-C Charging Cable,1,11.95,2022-02-08,"557 Lincoln St, Dallas, TX 75001",Cargadores
USB-C Charging Cable,1,11.95,2022-02-05,"105 Jefferson St, New York City, NY 10001",Cargadores
Wired Headphones,1,11.99,2022-02-12,"896 Main St, Boston, MA 02215",Auriculares
27in FHD Monitor,1,149.99,2022-02-05,"237 Spruce St, Seattle, WA 98101",Monitores
Lightning Charging Cable,1,14.95,2022-02-03,"77 2nd St, Portland, OR 97035",Cargadores
Lightning Charging Cable,1,14.95,2022-02-11,"372 South St, Los Angeles, CA 90001",Cargadores
Wired Headphones,1,11.99,2022-02-08,"908 Meadow St, San Francisco, CA 94016",Auriculares
AAA Batteries (4-pack),1,2.99,2022-02-03,"367 11th St, Portland, OR 97035",Pilas
AA Batteries (4-pack),1,3.84,2022-02-04,"753 Johnson St, New York City, NY 10001",Pilas
Bose SoundSport Headphones,1,99.99,2022-02-10,"855 Maple St, New York City, NY 10001",Auriculares
USB-C Charging Cable,1,11.95,2022-02-09,"394 Spruce St, Atlanta, GA 30301",Cargadores
Apple Airpods Headphones,1,150,2022-02-12,"197 Highland St, New York City, NY 10001",Auriculares
AAA Batteries (4-pack),1,2.99,2022-02-01,"884 Maple St, San Francisco, CA 94016",Pilas
Lightning Charging Cable,1,14.95,2022-02-10,"56 Lakeview St, New York City, NY 10001",Cargadores
34in Ultrawide Monitor,1,379.99,2022-02-11,"872 Highland St, New York City, NY 10001",Monitores
AAA Batteries (4-pack),2,2.99,2022-02-05,"192 Hickory St, New York City, NY 10001",Pilas
AAA Batteries (4-pack),1,2.99,2022-02-10,"298 Lakeview St, Seattle, WA 98101",Pilas
AAA Batteries (4-pack),1,2.99,2022-02-12,"524 Wilson St, New York City, NY 10001",Pilas
AA Batteries (4-pack),1,3.84,2022-02-12,"581 Maple St, Los Angeles, CA 90001",Pilas
Lightning Charging Cable,1,14.95,2022-02-12,"651 Church St, Austin, TX 73301",Cargadores
AA Batteries (4-pack),1,3.84,2022-02-07,"456 West St, San Francisco, CA 94016",Pilas
Macbook Pro Laptop,1,1700,2022-02-12,"42 Spruce St, New York City, NY 10001",Portátiles
27in 4K Gaming Monitor,1,389.99,2022-02-08,"945 6th St, San Francisco, CA 94016",Monitores
Wired Headphones,1,11.99,2022-02-06,"94 Cherry St, Los Angeles, CA 90001",Auriculares
Apple Airpods Headphones,1,150,2022-02-04,"651 Jackson St, Dallas, TX 75001",Auriculares
AAA Batteries (4-pack),1,2.99,2022-02-11,"168 12th St, San Francisco, CA 94016",Pilas
Lightning Charging Cable,1,14.95,2022-02-04,"523 12th St, Boston, MA 02215",Cargadores
USB-C Charging Cable,1,11.95,2022-02-04,"523 12th St, Boston, MA 02215",Cargadores
USB-C Charging Cable,1,11.95,2022-02-10,"26 5th St, Seattle, WA 98101",Cargadores
AA Batteries (4-pack),2,3.84,2022-02-11,"598 Lakeview St, Portland, OR 97035",Pilas
Wired Headphones,1,11.99,2022-02-02,"691 Pine St, San Francisco, CA 94016",Auriculares
Wired Headphones,1,11.99,2022-02-02,"691 Pine St, San Francisco, CA 94016",Auriculares
Wired Headphones,1,11.99,2022-02-12,"39 Center St, New York City, NY 10001",Auriculares
AAA Batteries (4-pack),1,2.99,2022-02-07,"143 Willow St, Portland, OR 97035",Pilas
Bose SoundSport Headphones,1,99.99,2022-02-09,"296 10th St, Dallas, TX 75001",Auriculares
20in Monitor,1,109.99,2022-02-09,"449 South St, San Francisco, CA 94016",Monitores
Bose SoundSport Headphones,1,99.99,2022-02-08,"825 Johnson St, Los Angeles, CA 90001",Auriculares
Wired Headphones,1,11.99,2022-02-07,"194 8th St, Boston, MA 02215",Auriculares
34in Ultrawide Monitor,1,379.99,2022-02-05,"119 Elm St, Los Angeles, CA 90001",Monitores
iPhone,1,700,2022-02-10,"779 Center St, San Francisco, CA 94016",Teléfonos
Wired Headphones,1,11.99,2022-02-10,"779 Center St, San Francisco, CA 94016",Auriculares
iPhone,1,700,2022-02-12,"194 Dogwood St, Seattle, WA 98101",Teléfonos
Lightning Charging Cable,1,14.95,2022-02-12,"194 Dogwood St, Seattle, WA 98101",Cargadores
Lightning Charging Cable,1,14.95,2022-02-10,"959 Cedar St, New York City, NY 10001",Cargadores
Apple Airpods Headphones,1,150,2022-02-05,"833 Dogwood St, Atlanta, GA 30301",Auriculares
Lightning Charging Cable,1,14.95,2022-02-01,"840 12th St, Boston, MA 02215",Cargadores
iPhone,1,700,2022-02-01,"374 10th St, San Francisco, CA 94016",Teléfonos
AAA Batteries (4-pack),1,2.99,2022-02-04,"995 Highland St, San Francisco, CA 94016",Pilas
Google Phone,1,600,2022-02-01,"217 Dogwood St, Boston, MA 02215",Teléfonos
27in FHD Monitor,1,149.99,2022-02-03,"495 Cedar St, Dallas, TX 75001",Monitores
iPhone,1,700,2022-02-10,"709 Spruce St, Los Angeles, CA 90001",Teléfonos
34in Ultrawide Monitor,1,379.99,2022-02-12,"193 4th St, Austin, TX 73301",Monitores
Lightning Charging Cable,1,14.95,2022-02-10,"401 Chestnut St, San Francisco, CA 94016",Cargadores
20in Monitor,1,109.99,2022-02-05,"551 Willow St, Austin, TX 73301",Monitores
Wired Headphones,1,11.99,2022-02-05,"65 Madison St, San Francisco, CA 94016",Auriculares
iPhone,1,700,2022-02-05,"305 14th St, Boston, MA 02215",Teléfonos
Wired Headphones,1,11.99,2022-02-12,"21 Jackson St, New York City, NY 10001",Auriculares
27in 4K Gaming Monitor,1,389.99,2022-02-07,"223 Walnut St, Dallas, TX 75001",Monitores
AAA Batteries (4-pack),1,2.99,2022-02-07,"413 8th St, Los Angeles, CA 90001",Pilas
AA Batteries (4-pack),1,3.84,2022-02-01,"314 14th St, Atlanta, GA 30301",Pilas
AAA Batteries (4-pack),1,2.99,2022-02-01,"412 8th St, Boston, MA 02215",Pilas
USB-C Charging Cable,1,11.95,2022-02-12,"935 Cedar St, San Francisco, CA 94016",Cargadores
AA Batteries (4-pack),1,3.84,2022-02-02,"74 Chestnut St, New York City, NY 10001",Pilas
Apple Airpods Headphones,1,150,2022-02-10,"970 Church St, San Francisco, CA 94016",Auriculares
27in 4K Gaming Monitor,1,389.99,2022-02-07,"784 Park St, San Francisco, CA 94016",Monitores
Lightning Charging Cable,1,14.95,2022-02-01,"954 Jefferson St, Atlanta, GA 30301",Cargadores
ThinkPad Laptop,1,999.99,2022-02-01,"767 14th St, Seattle, WA 98101",Portátiles
Lightning Charging Cable,1,14.95,2022-02-04,"608 Cherry St, Seattle, WA 98101",Cargadores
Lightning Charging Cable,1,14.95,2022-02-02,"821 10th St, Austin, TX 73301",Cargadores
Apple Airpods Headphones,1,150,2022-02-11,"49 13th St, Boston, MA 02215",Auriculares
Macbook Pro Laptop,1,1700,2022-02-03,"553 Lake St, San Francisco, CA 94016",Portátiles
Wired Headphones,1,11.99,2022-02-07,"316 Ridge St, San Francisco, CA 94016",Auriculares
Macbook Pro Laptop,1,1700,2022-02-12,"418 12th St, New York City, NY 10001",Portátiles
27in FHD Monitor,1,149.99,2022-02-12,"726 Cherry St, Atlanta, GA 30301",Monitores
USB-C Charging Cable,1,11.95,2022-02-12,"154 Lake St, Los Angeles, CA 90001",Cargadores
USB-C Charging Cable,1,11.95,2022-02-11,"535 Ridge St, New York City, NY 10001",Cargadores
AA Batteries (4-pack),3,3.84,2022-02-06,"957 10th St, Seattle, WA 98101",Pilas
AA Batteries (4-pack),1,3.84,2022-02-02,"382 Church St, San Francisco, CA 94016",Pilas
AAA Batteries (4-pack),1,2.99,2022-02-07,"468 Pine St, Seattle, WA 98101",Pilas
Apple Airpods Headphones,1,150,2022-02-07,"715 9th St, Austin, TX 73301",Auriculares
USB-C Charging Cable,1,11.95,2022-02-05,"803 West St, New York City, NY 10001",Cargadores
Bose SoundSport Headphones,1,99.99,2022-02-12,"633 Lake St, San Francisco, CA 94016",Auriculares
Lightning Charging Cable,1,14.95,2022-02-10,"170 Lake St, Seattle, WA 98101",Cargadores
34in Ultrawide Monitor,1,379.99,2022-02-04,"814 Forest St, San Francisco, CA 94016",Monitores
Flatscreen TV,1,300,2022-02-06,"888 South St, Boston, MA 02215",Televisores
Macbook Pro Laptop,1,1700,2022-02-08,"907 Meadow St, Austin, TX 73301",Portátiles
27in 4K Gaming Monitor,1,389.99,2022-02-12,"722 Elm St, New York City, NY 10001",Monitores
Wired Headphones,1,11.99,2022-02-04,"582 Hill St, San Francisco, CA 94016",Auriculares
Lightning Charging Cable,1,14.95,2022-02-04,"552 Maple St, Portland, OR 97035",Cargadores
Macbook Pro Laptop,1,1700,2022-02-10,"849 Church St, San Francisco, CA 94016",Portátiles
AA Batteries (4-pack),1,3.84,2022-02-12,"546 Center St, New York City, NY 10001",Pilas
USB-C Charging Cable,1,11.95,2022-02-11,"605 Maple St, Los Angeles, CA 90001",Cargadores
Lightning Charging Cable,2,14.95,2022-02-12,"876 1st St, Atlanta, GA 30301",Cargadores
Lightning Charging Cable,1,14.95,2022-02-01,"72 Willow St, Austin, TX 73301",Cargadores
Wired Headphones,1,11.99,2022-02-01,"503 South St, Seattle, WA 98101",Auriculares
Apple Airpods Headphones,1,150,2022-02-07,"87 Sunset St, Atlanta, GA 30301",Auriculares
ThinkPad Laptop,1,999.99,2022-02-10,"309 8th St, San Francisco, CA 94016",Portátiles
Apple Airpods Headphones,1,150,2022-02-08,"896 6th St, San Francisco, CA 94016",Auriculares
Bose SoundSport Headphones,1,99.99,2022-02-02,"130 Lake St, San Francisco, CA 94016",Auriculares
27in FHD Monitor,1,149.99,2022-02-12,"573 Pine St, San Francisco, CA 94016",Monitores
iPhone,1,700,2022-02-02,"532 Lakeview St, San Francisco, CA 94016",Teléfonos
AAA Batteries (4-pack),1,2.99,2022-02-07,"267 4th St, Los Angeles, CA 90001",Pilas
AAA Batteries (4-pack),2,2.99,2022-02-10,"253 Meadow St, San Francisco, CA 94016",Pilas
Flatscreen TV,1,300,2022-02-03,"357 13th St, Atlanta, GA 30301",Televisores
Apple Airpods Headphones,1,150,2022-02-11,"670 North St, Portland, ME 04101",Auriculares
USB-C Charging Cable,1,11.95,2022-02-09,"606 2nd St, Dallas, TX 75001",Cargadores
LG Washing Machine,1,600.0,2022-02-03,"569 10th St, New York City, NY 10001",Electrodomésticos
iPhone,1,700,2022-02-11,"915 Pine St, Atlanta, GA 30301",Teléfonos
Apple Airpods Headphones,1,150,2022-02-12,"346 Pine St, Dallas, TX 75001",Auriculares
Google Phone,1,600,2022-02-05,"793 Spruce St, San Francisco, CA 94016",Teléfonos
Wired Headphones,1,11.99,2022-02-06,"634 Wilson St, San Francisco, CA 94016",Auriculares
iPhone,1,700,2022-02-02,"534 Sunset St, San Francisco, CA 94016",Teléfonos
AAA Batteries (4-pack),1,2.99,2022-02-10,"271 Center St, San Francisco, CA 94016",Pilas
Lightning Charging Cable,1,14.95,2022-02-12,"508 1st St, Los Angeles, CA 90001",Cargadores
AA Batteries (4-pack),1,3.84,2022-02-10,"66 West St, Los Angeles, CA 90001",Pilas
Wired Headphones,1,11.99,2022-02-08,"696 Washington St, Atlanta, GA 30301",Auriculares
Wired Headphones,1,11.99,2022-02-03,"976 Main St, Portland, OR 97035",Auriculares
Bose SoundSport Headphones,1,99.99,2022-02-11,"95 7th St, Boston, MA 02215",Auriculares
AAA Batteries (4-pack),1,2.99,2022-02-04,"924 5th St, Dallas, TX 75001",Pilas
Bose SoundSport Headphones,1,99.99,2022-02-12,"634 13th St, San Francisco, CA 94016",Auriculares
USB-C Charging Cable,1,11.95,2022-02-09,"938 11th St, Seattle, WA 98101",Cargadores
USB-C Charging Cable,1,11.95,2022-02-04,"548 10th St, Los Angeles, CA 90001",Cargadores
AAA Batteries (4-pack),1,2.99,2022-02-10,"574 7th St, Portland, OR 97035",Pilas
Bose SoundSport Headphones,1,99.99,2022-02-06,"112 11th St, Portland, OR 97035",Auriculares
USB-C Charging Cable,1,11.95,2022-02-08,"514 Maple St, Atlanta, GA 30301",Cargadores
AAA Batteries (4-pack),1,2.99,2022-02-11,"874 Dogwood St, Boston, MA 02215",Pilas
AAA Batteries (4-pack),1,2.99,2022-02-07,"217 7th St, New York City, NY 10001",Pilas
Apple Airpods Headphones,1,150,2022-02-11,"201 Wilson St, San Francisco, CA 94016",Auriculares
ThinkPad Laptop,1,999.99,2022-02-01,"183 Johnson St, San Francisco, CA 94016",Portátiles
Lightning Charging Cable,1,14.95,2022-02-01,"805 South St, San Francisco, CA 94016",Cargadores
AAA Batteries (4-pack),1,2.99,2022-02-04,"443 Walnut St, San Francisco, CA 94016",Pilas
Bose SoundSport Headphones,1,99.99,2022-02-01,"854 Hill St, Austin, TX 73301",Auriculares
27in FHD Monitor,1,149.99,2022-02-02,"476 5th St, San Francisco, CA 94016",Monitores
34in Ultrawide Monitor,1,379.99,2022-02-09,"33 Willow St, Austin, TX 73301",Monitores
Wired Headphones,3,11.99,2022-02-04,"351 13th St, Atlanta, GA 30301",Auriculares
Apple Airpods Headphones,1,150,2022-02-12,"358 Lakeview St, New York City, NY 10001",Auriculares
AAA Batteries (4-pack),1,2.99,2022-02-03,"304 Elm St, San Francisco, CA 94016",Pilas
Flatscreen TV,1,300,2022-02-12,"24 Chestnut St, San Francisco, CA 94016",Televisores
iPhone,1,700,2022-02-02,"255 14th St, Seattle, WA 98101",Teléfonos
AA Batteries (4-pack),1,3.84,2022-02-10,"108 2nd St, San Francisco, CA 94016",Pilas
Wired Headphones,1,11.99,2022-02-09,"354 Center St, Seattle, WA 98101",Auriculares
ThinkPad Laptop,1,999.99,2022-02-12,"814 Jefferson St, Austin, TX 73301",Portátiles
LG Washing Machine,1,600.0,2022-02-10,"533 Hill St, San Francisco, CA 94016",Electrodomésticos
AAA Batteries (4-pack),2,2.99,2022-02-09,"403 14th St, Atlanta, GA 30301",Pilas
27in 4K Gaming Monitor,1,389.99,2022-02-03,"373 12th St, New York City, NY 10001",Monitores
34in Ultrawide Monitor,1,379.99,2022-02-02,"767 Park St, San Francisco, CA 94016",Monitores
USB-C Charging Cable,1,11.95,2022-02-05,"299 Adams St, Atlanta, GA 30301",Cargadores
USB-C Charging Cable,1,11.95,2022-02-11,"550 Main St, Los Angeles, CA 90001",Cargadores
AAA Batteries (4-pack),1,2.99,2022-02-03,"629 12th St, Atlanta, GA 30301",Pilas
AAA Batteries (4-pack),1,2.99,2022-02-05,"44 Adams St, Atlanta, GA 30301",Pilas
Wired Headphones,3,11.99,2022-02-08,"193 9th St, San Francisco, CA 94016",Auriculares
Wired Headphones,1,11.99,2022-02-02,"96 Forest St, San Francisco, CA 94016",Auriculares
34in Ultrawide Monitor,1,379.99,2022-02-07,"824 Pine St, New York City, NY 10001",Monitores
USB-C Charging Cable,1,11.95,2022-02-08,"18 Cedar St, New York City, NY 10001",Cargadores
Lightning Charging Cable,1,14.95,2022-02-11,"717 Walnut St, New York City, NY 10001",Cargadores
27in 4K Gaming Monitor,1,389.99,2022-02-06,"917 10th St, San Francisco, CA 94016",Monitores
Google Phone,1,600,2022-02-03,"789 Jefferson St, Dallas, TX 75001",Teléfonos
Apple Airpods Headphones,1,150,2022-02-09,"258 Spruce St, Dallas, TX 75001",Auriculares
AAA Batteries (4-pack),2,2.99,2022-02-02,"551 Center St, Dallas, TX 75001",Pilas
27in 4K Gaming Monitor,1,389.99,2022-02-07,"734 Spruce St, Atlanta, GA 30301",Monitores
ThinkPad Laptop,1,999.99,2022-02-11,"539 Elm St, Los Angeles, CA 90001",Portátiles
Macbook Pro Laptop,1,1700,2022-02-08,"833 Cherry St, Los Angeles, CA 90001",Portátiles
USB-C Charging Cable,1,11.95,2022-02-05,"856 Hickory St, Los Angeles, CA 90001",Cargadores
Vareebadd Phone,1,400,2022-02-06,"763 Wilson St, Portland, OR 97035",Teléfonos
Lightning Charging Cable,1,14.95,2022-02-07,"720 2nd St, Los Angeles, CA 90001",Cargadores
Wired Headphones,1,11.99,2022-02-10,"579 5th St, Dallas, TX 75001",Auriculares
iPhone,1,700,2022-02-07,"57 Wilson St, Dallas, TX 75001",Teléfonos
Flatscreen TV,1,300,2022-02-03,"587 6th St, Portland, OR 97035",Televisores
Lightning Charging Cable,1,14.95,2022-02-07,"343 Forest St, Atlanta, GA 30301",Cargadores
Bose SoundSport Headphones,1,99.99,2022-02-09,"603 Main St, San Francisco, CA 94016",Auriculares
20in Monitor,1,109.99,2022-02-07,"95 8th St, Dallas, TX 75001",Monitores
ThinkPad Laptop,1,999.99,2022-02-02,"214 Main St, Portland, OR 97035",Portátiles
